query,q0,docid,rank,score,system
158,Q0,WSJ911031-0012,1,0.29258242390564,reciprocal_rank_fusion_k=60
158,Q0,WSJ910114-0137,2,0.2897924021450616,reciprocal_rank_fusion_k=60
158,Q0,WSJ911115-0150,3,0.2816127858864112,reciprocal_rank_fusion_k=60
158,Q0,WSJ900530-0136,4,0.26974493235046926,reciprocal_rank_fusion_k=60
158,Q0,WSJ900705-0084,5,0.2665481884431751,reciprocal_rank_fusion_k=60
158,Q0,WSJ920213-0110,6,0.2602818620546152,reciprocal_rank_fusion_k=60
158,Q0,WSJ920306-0178,7,0.24791706176475625,reciprocal_rank_fusion_k=60
158,Q0,WSJ900619-0064,8,0.24786194734040778,reciprocal_rank_fusion_k=60
158,Q0,WSJ900705-0103,9,0.2477176443275611,reciprocal_rank_fusion_k=60
158,Q0,WSJ910717-0001,10,0.2394473879070945,reciprocal_rank_fusion_k=60
158,Q0,WSJ920102-0135,11,0.23512169635129399,reciprocal_rank_fusion_k=60
158,Q0,WSJ900914-0093,12,0.22741089610668058,reciprocal_rank_fusion_k=60
158,Q0,WSJ910801-0110,13,0.2182520954544526,reciprocal_rank_fusion_k=60
158,Q0,WSJ900418-0193,14,0.21568158384387084,reciprocal_rank_fusion_k=60
158,Q0,WSJ911202-0109,15,0.21320807143194137,reciprocal_rank_fusion_k=60
158,Q0,WSJ880919-0128,16,0.2099390872161455,reciprocal_rank_fusion_k=60
158,Q0,WSJ911025-0042,17,0.20804324059148963,reciprocal_rank_fusion_k=60
158,Q0,WSJ910619-0101,18,0.19726315360796962,reciprocal_rank_fusion_k=60
158,Q0,WSJ910718-0143,19,0.19297937654267358,reciprocal_rank_fusion_k=60
158,Q0,WSJ871218-0175,20,0.18971006522182549,reciprocal_rank_fusion_k=60
158,Q0,WSJ880922-0166,21,0.18943944349915415,reciprocal_rank_fusion_k=60
158,Q0,WSJ910920-0173,22,0.18505034828693637,reciprocal_rank_fusion_k=60
158,Q0,WSJ920310-0170,23,0.17366408740989314,reciprocal_rank_fusion_k=60
158,Q0,WSJ911011-0115,24,0.17127796171526352,reciprocal_rank_fusion_k=60
158,Q0,WSJ910823-0086,25,0.17022830924198157,reciprocal_rank_fusion_k=60
158,Q0,WSJ911224-0085,26,0.16324101320190612,reciprocal_rank_fusion_k=60
158,Q0,WSJ911029-0073,27,0.16004473167625524,reciprocal_rank_fusion_k=60
158,Q0,WSJ910528-0075,28,0.15596584128864457,reciprocal_rank_fusion_k=60
158,Q0,WSJ910411-0005,29,0.1545545650309444,reciprocal_rank_fusion_k=60
158,Q0,WSJ870916-0125,30,0.1460240874450766,reciprocal_rank_fusion_k=60
158,Q0,WSJ911104-0096,31,0.14555882325400432,reciprocal_rank_fusion_k=60
158,Q0,WSJ880526-0115,32,0.1405944799114756,reciprocal_rank_fusion_k=60
158,Q0,AP890703-0029,33,0.13975068656939132,reciprocal_rank_fusion_k=60
158,Q0,WSJ900927-0066,34,0.13974297689537085,reciprocal_rank_fusion_k=60
158,Q0,WSJ870327-0109,35,0.13735593521593936,reciprocal_rank_fusion_k=60
158,Q0,WSJ920124-0117,36,0.13508643659340183,reciprocal_rank_fusion_k=60
158,Q0,WSJ911115-0121,37,0.1317300042738577,reciprocal_rank_fusion_k=60
158,Q0,WSJ920103-0037,38,0.13146122384791684,reciprocal_rank_fusion_k=60
158,Q0,WSJ900424-0008,39,0.13123469558792356,reciprocal_rank_fusion_k=60
158,Q0,WSJ880222-0078,40,0.13059959907234986,reciprocal_rank_fusion_k=60
158,Q0,AP881023-0094,41,0.12929735781506949,reciprocal_rank_fusion_k=60
158,Q0,WSJ910806-0069,42,0.1274383228722248,reciprocal_rank_fusion_k=60
158,Q0,WSJ910801-0107,43,0.12015387991506048,reciprocal_rank_fusion_k=60
158,Q0,AP890628-0041,44,0.11957162412437533,reciprocal_rank_fusion_k=60
158,Q0,WSJ911120-0084,45,0.10972207520659373,reciprocal_rank_fusion_k=60
158,Q0,AP880808-0152,46,0.10932703303087843,reciprocal_rank_fusion_k=60
158,Q0,WSJ880805-0167,47,0.10510157494450593,reciprocal_rank_fusion_k=60
158,Q0,WSJ900920-0077,48,0.10337031210707698,reciprocal_rank_fusion_k=60
158,Q0,FR89712-0095,49,0.10312621357481162,reciprocal_rank_fusion_k=60
158,Q0,WSJ891026-0061,50,0.1030890183882163,reciprocal_rank_fusion_k=60
158,Q0,WSJ870120-0109,51,0.10189407670327273,reciprocal_rank_fusion_k=60
158,Q0,WSJ910418-0112,52,0.10158413875674945,reciprocal_rank_fusion_k=60
158,Q0,WSJ911007-0188,53,0.09977524653897674,reciprocal_rank_fusion_k=60
158,Q0,WSJ870107-0072,54,0.09889450298324746,reciprocal_rank_fusion_k=60
158,Q0,WSJ880415-0135,55,0.09657970157485948,reciprocal_rank_fusion_k=60
158,Q0,WSJ920106-0032,56,0.0960608797329847,reciprocal_rank_fusion_k=60
158,Q0,WSJ880502-0145,57,0.09598304074791804,reciprocal_rank_fusion_k=60
158,Q0,WSJ911016-0125,58,0.0955664970626983,reciprocal_rank_fusion_k=60
158,Q0,FR88822-0075,59,0.09473814048164805,reciprocal_rank_fusion_k=60
158,Q0,AP890923-0045,60,0.09188290118606889,reciprocal_rank_fusion_k=60
158,Q0,WSJ880503-0101,61,0.09155600283381475,reciprocal_rank_fusion_k=60
158,Q0,WSJ870515-0045,62,0.09048664066261437,reciprocal_rank_fusion_k=60
158,Q0,AP890116-0081,63,0.09048328072227155,reciprocal_rank_fusion_k=60
158,Q0,WSJ911030-0008,64,0.08878619158217224,reciprocal_rank_fusion_k=60
158,Q0,AP881126-0089,65,0.08607972054661894,reciprocal_rank_fusion_k=60
158,Q0,WSJ880212-0114,66,0.08559375338304862,reciprocal_rank_fusion_k=60
158,Q0,WSJ900612-0109,67,0.08490242370185258,reciprocal_rank_fusion_k=60
158,Q0,AP881023-0084,68,0.08456510099403265,reciprocal_rank_fusion_k=60
158,Q0,AP880227-0095,69,0.08399728375849162,reciprocal_rank_fusion_k=60
158,Q0,AP890519-0029,70,0.0838423845560782,reciprocal_rank_fusion_k=60
158,Q0,FR88609-0021,71,0.08367093786470545,reciprocal_rank_fusion_k=60
158,Q0,WSJ861216-0171,72,0.08230805869875812,reciprocal_rank_fusion_k=60
158,Q0,WSJ911028-0178,73,0.0822003391879708,reciprocal_rank_fusion_k=60
158,Q0,AP890518-0158,74,0.08165552827241095,reciprocal_rank_fusion_k=60
158,Q0,WSJ880916-0119,75,0.08151958117548598,reciprocal_rank_fusion_k=60
158,Q0,WSJ890731-0065,76,0.0809744569713856,reciprocal_rank_fusion_k=60
158,Q0,WSJ881027-0052,77,0.0801889660211114,reciprocal_rank_fusion_k=60
158,Q0,WSJ911108-0154,78,0.08013448674687894,reciprocal_rank_fusion_k=60
158,Q0,AP891024-0187,79,0.07894199847797784,reciprocal_rank_fusion_k=60
158,Q0,AP881004-0202,80,0.07882681702723304,reciprocal_rank_fusion_k=60
158,Q0,AP890106-0253,81,0.0782415728853955,reciprocal_rank_fusion_k=60
158,Q0,AP880512-0169,82,0.07811990481045449,reciprocal_rank_fusion_k=60
158,Q0,AP890204-0106,83,0.07775433851060759,reciprocal_rank_fusion_k=60
158,Q0,AP890628-0100,84,0.07758203119002421,reciprocal_rank_fusion_k=60
158,Q0,WSJ920310-0115,85,0.07742111849634636,reciprocal_rank_fusion_k=60
158,Q0,AP880520-0060,86,0.0772629470741828,reciprocal_rank_fusion_k=60
158,Q0,WSJ900608-0009,87,0.07690405927545303,reciprocal_rank_fusion_k=60
158,Q0,AP890206-0085,88,0.0762012970681962,reciprocal_rank_fusion_k=60
158,Q0,AP890111-0135,89,0.07599255731349347,reciprocal_rank_fusion_k=60
158,Q0,AP890628-0111,90,0.07587283805555818,reciprocal_rank_fusion_k=60
158,Q0,AP880302-0044,91,0.07499840929190099,reciprocal_rank_fusion_k=60
158,Q0,WSJ881109-0094,92,0.07498620997581859,reciprocal_rank_fusion_k=60
158,Q0,FR88728-0020,93,0.07371090768389386,reciprocal_rank_fusion_k=60
158,Q0,WSJ911105-0029,94,0.07333558710082445,reciprocal_rank_fusion_k=60
158,Q0,AP880625-0149,95,0.07317080703352433,reciprocal_rank_fusion_k=60
158,Q0,AP890613-0158,96,0.07189378342750301,reciprocal_rank_fusion_k=60
158,Q0,AP881019-0107,97,0.07150579930011153,reciprocal_rank_fusion_k=60
158,Q0,FR88825-0007,98,0.07007065650624428,reciprocal_rank_fusion_k=60
158,Q0,WSJ900621-0081,99,0.06973180990691538,reciprocal_rank_fusion_k=60
158,Q0,AP881226-0079,100,0.0691828541713806,reciprocal_rank_fusion_k=60
158,Q0,FR89417-0040,101,0.0690750141803821,reciprocal_rank_fusion_k=60
158,Q0,AP881023-0092,102,0.06866626332753034,reciprocal_rank_fusion_k=60
158,Q0,FR88511-0168,103,0.06825893747729127,reciprocal_rank_fusion_k=60
158,Q0,WSJ870921-0174,104,0.06811891343864188,reciprocal_rank_fusion_k=60
158,Q0,WSJ891102-0080,105,0.06747454963652331,reciprocal_rank_fusion_k=60
158,Q0,FR88514-0001,106,0.0671894307709752,reciprocal_rank_fusion_k=60
158,Q0,WSJ870706-0085,107,0.06713231123403947,reciprocal_rank_fusion_k=60
158,Q0,AP880402-0139,108,0.0669184083732099,reciprocal_rank_fusion_k=60
158,Q0,WSJ910104-0032,109,0.066386731427473,reciprocal_rank_fusion_k=60
158,Q0,AP881227-0192,110,0.06595725836592445,reciprocal_rank_fusion_k=60
158,Q0,WSJ891030-0090,111,0.06543917517163775,reciprocal_rank_fusion_k=60
158,Q0,WSJ910528-0109,112,0.06529080385245571,reciprocal_rank_fusion_k=60
158,Q0,AP890202-0101,113,0.06520916883911908,reciprocal_rank_fusion_k=60
158,Q0,AP880702-0025,114,0.06511237105746023,reciprocal_rank_fusion_k=60
158,Q0,FR89324-0028,115,0.06430205549468022,reciprocal_rank_fusion_k=60
158,Q0,WSJ920210-0095,116,0.06357075303972957,reciprocal_rank_fusion_k=60
158,Q0,AP880429-0261,117,0.06321642777947867,reciprocal_rank_fusion_k=60
158,Q0,WSJ880615-0150,118,0.06271216932978921,reciprocal_rank_fusion_k=60
158,Q0,AP890208-0029,119,0.062250361581995615,reciprocal_rank_fusion_k=60
158,Q0,WSJ870610-0014,120,0.06221920112146837,reciprocal_rank_fusion_k=60
158,Q0,AP890201-0179,121,0.06056520825608315,reciprocal_rank_fusion_k=60
158,Q0,AP881023-0096,122,0.059988784719698915,reciprocal_rank_fusion_k=60
158,Q0,WSJ911022-0104,123,0.05965743166733731,reciprocal_rank_fusion_k=60
158,Q0,WSJ880318-0121,124,0.05937356455863758,reciprocal_rank_fusion_k=60
158,Q0,FR88211-0119,125,0.059328036852753736,reciprocal_rank_fusion_k=60
158,Q0,FR891011-0013,126,0.05905853617465483,reciprocal_rank_fusion_k=60
158,Q0,WSJ910819-0007,127,0.05871555596406986,reciprocal_rank_fusion_k=60
158,Q0,WSJ870729-0164,128,0.05864737323504786,reciprocal_rank_fusion_k=60
158,Q0,WSJ880321-0152,129,0.057923900635300854,reciprocal_rank_fusion_k=60
158,Q0,AP880623-0135,130,0.05786862263306192,reciprocal_rank_fusion_k=60
158,Q0,WSJ900831-0123,131,0.05763963547506411,reciprocal_rank_fusion_k=60
158,Q0,WSJ911106-0109,132,0.05759550648185448,reciprocal_rank_fusion_k=60
158,Q0,AP890107-0002,133,0.05673460875574995,reciprocal_rank_fusion_k=60
158,Q0,FR89307-0027,134,0.0566741438716667,reciprocal_rank_fusion_k=60
158,Q0,AP890802-0248,135,0.05630081475843651,reciprocal_rank_fusion_k=60
158,Q0,AP890208-0036,136,0.0557889622588845,reciprocal_rank_fusion_k=60
158,Q0,AP890915-0032,137,0.05536007479214598,reciprocal_rank_fusion_k=60
158,Q0,AP881227-0184,138,0.05534134025428217,reciprocal_rank_fusion_k=60
158,Q0,WSJ900806-0112,139,0.05468972352141299,reciprocal_rank_fusion_k=60
158,Q0,WSJ880321-0112,140,0.054620422693429385,reciprocal_rank_fusion_k=60
158,Q0,FR89123-0023,141,0.05447068258642094,reciprocal_rank_fusion_k=60
158,Q0,FR881006-0001,142,0.05409980928430656,reciprocal_rank_fusion_k=60
158,Q0,FR88809-0039,143,0.053405307453666485,reciprocal_rank_fusion_k=60
158,Q0,FR891124-0023,144,0.05339812749734243,reciprocal_rank_fusion_k=60
158,Q0,WSJ910529-0053,145,0.05324713536493868,reciprocal_rank_fusion_k=60
158,Q0,WSJ911028-0117,146,0.05309700839821745,reciprocal_rank_fusion_k=60
158,Q0,WSJ910522-0062,147,0.05297566698676518,reciprocal_rank_fusion_k=60
158,Q0,WSJ870518-0091,148,0.05291781326336859,reciprocal_rank_fusion_k=60
158,Q0,AP890106-0096,149,0.05255444131090331,reciprocal_rank_fusion_k=60
158,Q0,FR88902-0006,150,0.05238942300906551,reciprocal_rank_fusion_k=60
158,Q0,WSJ871120-0157,151,0.052105960651942056,reciprocal_rank_fusion_k=60
158,Q0,WSJ911023-0087,152,0.05195879699725792,reciprocal_rank_fusion_k=60
158,Q0,WSJ920320-0126,153,0.0519539327244296,reciprocal_rank_fusion_k=60
158,Q0,AP890410-0016,154,0.051225320578830516,reciprocal_rank_fusion_k=60
158,Q0,FR88201-0020,155,0.05112768477803492,reciprocal_rank_fusion_k=60
158,Q0,WSJ910718-0141,156,0.051053327850347455,reciprocal_rank_fusion_k=60
158,Q0,AP890627-0154,157,0.050875102678832496,reciprocal_rank_fusion_k=60
158,Q0,WSJ880307-0109,158,0.05086239116276297,reciprocal_rank_fusion_k=60
158,Q0,WSJ871104-0150,159,0.050775522579150904,reciprocal_rank_fusion_k=60
158,Q0,AP890712-0063,160,0.050338458953206947,reciprocal_rank_fusion_k=60
158,Q0,AP890325-0127,161,0.05032367118185095,reciprocal_rank_fusion_k=60
158,Q0,AP890227-0245,162,0.05020032387264241,reciprocal_rank_fusion_k=60
158,Q0,WSJ880330-0165,163,0.04994576072950452,reciprocal_rank_fusion_k=60
158,Q0,WSJ880527-0008,164,0.04971822419739288,reciprocal_rank_fusion_k=60
158,Q0,AP880903-0139,165,0.04967483409884432,reciprocal_rank_fusion_k=60
158,Q0,FR88518-0136,166,0.04966408997013718,reciprocal_rank_fusion_k=60
158,Q0,WSJ880711-0079,167,0.04927354189986117,reciprocal_rank_fusion_k=60
158,Q0,WSJ910619-0125,168,0.04918772446000252,reciprocal_rank_fusion_k=60
158,Q0,AP881214-0247,169,0.048894067850559116,reciprocal_rank_fusion_k=60
158,Q0,WSJ891005-0111,170,0.048861452917901727,reciprocal_rank_fusion_k=60
158,Q0,WSJ910912-0105,171,0.048834437063007385,reciprocal_rank_fusion_k=60
158,Q0,WSJ861218-0190,172,0.048421917868801484,reciprocal_rank_fusion_k=60
158,Q0,DOE1-70-0988,173,0.04822461695240658,reciprocal_rank_fusion_k=60
158,Q0,AP890704-0073,174,0.048155747511489,reciprocal_rank_fusion_k=60
158,Q0,AP891123-0022,175,0.047983842158163044,reciprocal_rank_fusion_k=60
158,Q0,AP880314-0133,176,0.047943193457276434,reciprocal_rank_fusion_k=60
158,Q0,AP880321-0015,177,0.047833941841374635,reciprocal_rank_fusion_k=60
158,Q0,AP880630-0109,178,0.047603672429357854,reciprocal_rank_fusion_k=60
158,Q0,WSJ920211-0053,179,0.047558988229257776,reciprocal_rank_fusion_k=60
158,Q0,WSJ911108-0133,180,0.04748269785078404,reciprocal_rank_fusion_k=60
158,Q0,WSJ880316-0183,181,0.04746294192304005,reciprocal_rank_fusion_k=60
158,Q0,WSJ910904-0078,182,0.04739205376889634,reciprocal_rank_fusion_k=60
158,Q0,FR88901-0113,183,0.04714344150254012,reciprocal_rank_fusion_k=60
158,Q0,WSJ871210-0130,184,0.04702867162351324,reciprocal_rank_fusion_k=60
158,Q0,WSJ870331-0163,185,0.046553492497084445,reciprocal_rank_fusion_k=60
158,Q0,AP890419-0212,186,0.046476958869731036,reciprocal_rank_fusion_k=60
158,Q0,WSJ911011-0110,187,0.04647522567652075,reciprocal_rank_fusion_k=60
158,Q0,WSJ881012-0140,188,0.046427241057356704,reciprocal_rank_fusion_k=60
158,Q0,WSJ880701-0145,189,0.0463797295951764,reciprocal_rank_fusion_k=60
158,Q0,WSJ871103-0069,190,0.046116223552697316,reciprocal_rank_fusion_k=60
158,Q0,AP890719-0029,191,0.04607037588735092,reciprocal_rank_fusion_k=60
158,Q0,AP890201-0127,192,0.04592362817222099,reciprocal_rank_fusion_k=60
158,Q0,WSJ911101-0084,193,0.045867933230174074,reciprocal_rank_fusion_k=60
158,Q0,WSJ900522-0069,194,0.0458306500786692,reciprocal_rank_fusion_k=60
158,Q0,WSJ870708-0068,195,0.04545003123917459,reciprocal_rank_fusion_k=60
158,Q0,WSJ870115-0036,196,0.04524997368050117,reciprocal_rank_fusion_k=60
158,Q0,AP881005-0164,197,0.045224058762025614,reciprocal_rank_fusion_k=60
158,Q0,WSJ900403-0085,198,0.04517500471310286,reciprocal_rank_fusion_k=60
158,Q0,WSJ900418-0085,199,0.04515252997352473,reciprocal_rank_fusion_k=60
158,Q0,AP890201-0169,200,0.04505921330772729,reciprocal_rank_fusion_k=60
158,Q0,WSJ870520-0096,201,0.04483452362863364,reciprocal_rank_fusion_k=60
158,Q0,AP880322-0206,202,0.04480023963629027,reciprocal_rank_fusion_k=60
158,Q0,AP890202-0107,203,0.0447961173348525,reciprocal_rank_fusion_k=60
158,Q0,WSJ900515-0101,204,0.04460131159917213,reciprocal_rank_fusion_k=60
158,Q0,AP880904-0052,205,0.04451601774267631,reciprocal_rank_fusion_k=60
158,Q0,AP880426-0149,206,0.044498716960266735,reciprocal_rank_fusion_k=60
158,Q0,WSJ911025-0091,207,0.044465805808079274,reciprocal_rank_fusion_k=60
158,Q0,WSJ911122-0126,208,0.04445611754022699,reciprocal_rank_fusion_k=60
158,Q0,WSJ901221-0101,209,0.044378918899594944,reciprocal_rank_fusion_k=60
158,Q0,WSJ870604-0120,210,0.044149974912046586,reciprocal_rank_fusion_k=60
158,Q0,WSJ920210-0086,211,0.043906537501807466,reciprocal_rank_fusion_k=60
158,Q0,WSJ900606-0093,212,0.04377029318219697,reciprocal_rank_fusion_k=60
158,Q0,WSJ870616-0149,213,0.0436840091999233,reciprocal_rank_fusion_k=60
158,Q0,WSJ870206-0074,214,0.04341342868748293,reciprocal_rank_fusion_k=60
158,Q0,FR88916-0026,215,0.04333458627104995,reciprocal_rank_fusion_k=60
158,Q0,AP890923-0001,216,0.04333304274994849,reciprocal_rank_fusion_k=60
158,Q0,WSJ900504-0018,217,0.043309804485844046,reciprocal_rank_fusion_k=60
158,Q0,AP880525-0046,218,0.04309601828553497,reciprocal_rank_fusion_k=60
158,Q0,AP890428-0170,219,0.043063502137125786,reciprocal_rank_fusion_k=60
158,Q0,WSJ871013-0123,220,0.043060595395973254,reciprocal_rank_fusion_k=60
158,Q0,AP881227-0084,221,0.042955917192609716,reciprocal_rank_fusion_k=60
158,Q0,AP890211-0088,222,0.042855727212583426,reciprocal_rank_fusion_k=60
158,Q0,AP881023-0095,223,0.04281918091284404,reciprocal_rank_fusion_k=60
158,Q0,AP890203-0018,224,0.0427963404772664,reciprocal_rank_fusion_k=60
158,Q0,FR88516-0128,225,0.04263216690771601,reciprocal_rank_fusion_k=60
158,Q0,WSJ880526-0146,226,0.04249014939047822,reciprocal_rank_fusion_k=60
158,Q0,WSJ870918-0172,227,0.04243882989314789,reciprocal_rank_fusion_k=60
158,Q0,WSJ871228-0031,228,0.041221530883398555,reciprocal_rank_fusion_k=60
158,Q0,WSJ900619-0102,229,0.041040595558489656,reciprocal_rank_fusion_k=60
158,Q0,AP880520-0193,230,0.04071068539940195,reciprocal_rank_fusion_k=60
158,Q0,AP880316-0026,231,0.04060091331915139,reciprocal_rank_fusion_k=60
158,Q0,FR89307-0025,232,0.04039267240781997,reciprocal_rank_fusion_k=60
158,Q0,AP880929-0129,233,0.04003644706684081,reciprocal_rank_fusion_k=60
158,Q0,WSJ880613-0113,234,0.039790748846009354,reciprocal_rank_fusion_k=60
158,Q0,AP890713-0302,235,0.039759682958631457,reciprocal_rank_fusion_k=60
158,Q0,AP880601-0043,236,0.039748532011097126,reciprocal_rank_fusion_k=60
158,Q0,WSJ910208-0121,237,0.039619817238908346,reciprocal_rank_fusion_k=60
158,Q0,FR88725-0018,238,0.03956029257723305,reciprocal_rank_fusion_k=60
158,Q0,WSJ880418-0070,239,0.03953827954746366,reciprocal_rank_fusion_k=60
158,Q0,AP891207-0073,240,0.03941391861232281,reciprocal_rank_fusion_k=60
158,Q0,AP880727-0009,241,0.03934518479597438,reciprocal_rank_fusion_k=60
158,Q0,FR89131-0031,242,0.03933109905263728,reciprocal_rank_fusion_k=60
158,Q0,WSJ900509-0097,243,0.03917747930218393,reciprocal_rank_fusion_k=60
158,Q0,WSJ871112-0008,244,0.03914922828149393,reciprocal_rank_fusion_k=60
158,Q0,FR88923-0147,245,0.038832896490854536,reciprocal_rank_fusion_k=60
158,Q0,AP881023-0106,246,0.038772683540868325,reciprocal_rank_fusion_k=60
158,Q0,WSJ911101-0087,247,0.038727988284634404,reciprocal_rank_fusion_k=60
158,Q0,WSJ880321-0121,248,0.03871098711411633,reciprocal_rank_fusion_k=60
158,Q0,AP890514-0007,249,0.03863178969012029,reciprocal_rank_fusion_k=60
158,Q0,FR88809-0097,250,0.03850678636413586,reciprocal_rank_fusion_k=60
158,Q0,AP890109-0099,251,0.038474290309715005,reciprocal_rank_fusion_k=60
158,Q0,ZF107-920-998,252,0.03822382897571204,reciprocal_rank_fusion_k=60
158,Q0,WSJ880307-0087,253,0.038037043701437456,reciprocal_rank_fusion_k=60
158,Q0,WSJ880210-0161,254,0.03802253760582973,reciprocal_rank_fusion_k=60
158,Q0,AP890418-0095,255,0.038007767654766794,reciprocal_rank_fusion_k=60
158,Q0,WSJ861211-0175,256,0.03785651449606096,reciprocal_rank_fusion_k=60
158,Q0,AP890803-0123,257,0.03780671572561995,reciprocal_rank_fusion_k=60
158,Q0,AP880420-0027,258,0.037787762616890715,reciprocal_rank_fusion_k=60
158,Q0,WSJ870304-0076,259,0.03745861483354436,reciprocal_rank_fusion_k=60
158,Q0,WSJ911212-0080,260,0.03741736093155196,reciprocal_rank_fusion_k=60
158,Q0,FR89224-0037,261,0.037407900179209766,reciprocal_rank_fusion_k=60
158,Q0,WSJ911017-0116,262,0.03723530298789583,reciprocal_rank_fusion_k=60
158,Q0,WSJ911107-0077,263,0.03715317679525492,reciprocal_rank_fusion_k=60
158,Q0,WSJ911107-0013,264,0.03706718413921011,reciprocal_rank_fusion_k=60
158,Q0,ZF108-172-528,265,0.037060969127536335,reciprocal_rank_fusion_k=60
158,Q0,AP881003-0118,266,0.036908736061600625,reciprocal_rank_fusion_k=60
158,Q0,FR88914-0003,267,0.036847078697823256,reciprocal_rank_fusion_k=60
158,Q0,FR88512-0113,268,0.03663277766905594,reciprocal_rank_fusion_k=60
158,Q0,AP880606-0199,269,0.036593304531430594,reciprocal_rank_fusion_k=60
158,Q0,AP890718-0145,270,0.036588505115491124,reciprocal_rank_fusion_k=60
158,Q0,AP891214-0137,271,0.03655562391937601,reciprocal_rank_fusion_k=60
158,Q0,AP881008-0076,272,0.036516608353558064,reciprocal_rank_fusion_k=60
158,Q0,AP880809-0187,273,0.03650680260266512,reciprocal_rank_fusion_k=60
158,Q0,AP881022-0052,274,0.03643313688281048,reciprocal_rank_fusion_k=60
158,Q0,WSJ870730-0059,275,0.036096998651632836,reciprocal_rank_fusion_k=60
158,Q0,WSJ870629-0156,276,0.03608233762685683,reciprocal_rank_fusion_k=60
158,Q0,WSJ880718-0077,277,0.035736836494600716,reciprocal_rank_fusion_k=60
158,Q0,WSJ880208-0041,278,0.03568671531047733,reciprocal_rank_fusion_k=60
158,Q0,WSJ911004-0120,279,0.035652339617658915,reciprocal_rank_fusion_k=60
158,Q0,WSJ880302-0100,280,0.03562692813166531,reciprocal_rank_fusion_k=60
158,Q0,ZF108-147-348,281,0.03552920842606893,reciprocal_rank_fusion_k=60
158,Q0,FR88729-0020,282,0.03523512133566748,reciprocal_rank_fusion_k=60
158,Q0,WSJ870109-0080,283,0.03523507708104948,reciprocal_rank_fusion_k=60
158,Q0,WSJ870522-0172,284,0.035034403343996566,reciprocal_rank_fusion_k=60
158,Q0,WSJ871103-0107,285,0.034811203782093625,reciprocal_rank_fusion_k=60
158,Q0,WSJ911101-0162,286,0.034737024914766795,reciprocal_rank_fusion_k=60
158,Q0,FR88712-0029,287,0.03465783526898276,reciprocal_rank_fusion_k=60
158,Q0,WSJ870511-0143,288,0.03463390434641335,reciprocal_rank_fusion_k=60
158,Q0,WSJ870831-0044,289,0.034405779864110565,reciprocal_rank_fusion_k=60
158,Q0,AP880624-0024,290,0.03438583676281328,reciprocal_rank_fusion_k=60
158,Q0,WSJ890918-0050,291,0.03433922612785754,reciprocal_rank_fusion_k=60
158,Q0,AP890125-0198,292,0.0343333468699887,reciprocal_rank_fusion_k=60
158,Q0,WSJ870810-0058,293,0.034221532796990216,reciprocal_rank_fusion_k=60
158,Q0,WSJ900517-0097,294,0.03421203203375911,reciprocal_rank_fusion_k=60
158,Q0,AP881021-0198,295,0.0341988866922048,reciprocal_rank_fusion_k=60
158,Q0,AP880524-0095,296,0.03412548233474807,reciprocal_rank_fusion_k=60
158,Q0,FR89313-0007,297,0.03409763055624886,reciprocal_rank_fusion_k=60
158,Q0,FR89210-0017,298,0.033968014426985736,reciprocal_rank_fusion_k=60
158,Q0,WSJ870311-0054,299,0.033507442841789255,reciprocal_rank_fusion_k=60
158,Q0,AP880510-0115,300,0.03346962802456809,reciprocal_rank_fusion_k=60
158,Q0,WSJ900717-0145,301,0.03328978313869525,reciprocal_rank_fusion_k=60
158,Q0,WSJ870707-0102,302,0.03328779665235461,reciprocal_rank_fusion_k=60
158,Q0,WSJ911104-0157,303,0.03325409783019938,reciprocal_rank_fusion_k=60
158,Q0,AP881007-0027,304,0.03313327933205357,reciprocal_rank_fusion_k=60
158,Q0,WSJ870807-0041,305,0.033039376141027164,reciprocal_rank_fusion_k=60
158,Q0,WSJ890908-0165,306,0.0329999545921731,reciprocal_rank_fusion_k=60
158,Q0,WSJ870629-0126,307,0.0329991832088926,reciprocal_rank_fusion_k=60
158,Q0,AP891011-0175,308,0.032909423423639665,reciprocal_rank_fusion_k=60
158,Q0,WSJ900518-0092,309,0.03288657381633817,reciprocal_rank_fusion_k=60
158,Q0,AP890804-0109,310,0.032859670023836135,reciprocal_rank_fusion_k=60
158,Q0,WSJ911106-0127,311,0.03285025870145298,reciprocal_rank_fusion_k=60
158,Q0,FR89313-0114,312,0.032712318689030254,reciprocal_rank_fusion_k=60
158,Q0,FR89127-0023,313,0.03259438866340191,reciprocal_rank_fusion_k=60
158,Q0,WSJ870615-0075,314,0.03256673284289756,reciprocal_rank_fusion_k=60
158,Q0,FR881107-0012,315,0.03250709271427461,reciprocal_rank_fusion_k=60
158,Q0,WSJ891004-0119,316,0.032502863885338754,reciprocal_rank_fusion_k=60
158,Q0,WSJ880427-0150,317,0.0322845895307092,reciprocal_rank_fusion_k=60
158,Q0,WSJ911029-0031,318,0.03225376381468194,reciprocal_rank_fusion_k=60
158,Q0,AP880826-0254,319,0.032202433676256255,reciprocal_rank_fusion_k=60
158,Q0,FR89417-0117,320,0.03211766665422301,reciprocal_rank_fusion_k=60
158,Q0,AP890720-0066,321,0.0321070721325506,reciprocal_rank_fusion_k=60
158,Q0,AP890302-0037,322,0.032106078537231714,reciprocal_rank_fusion_k=60
158,Q0,WSJ880915-0151,323,0.031862857920450495,reciprocal_rank_fusion_k=60
158,Q0,WSJ871118-0089,324,0.031834670948624674,reciprocal_rank_fusion_k=60
158,Q0,AP890407-0270,325,0.03177727527039646,reciprocal_rank_fusion_k=60
158,Q0,AP890619-0018,326,0.0317760964340397,reciprocal_rank_fusion_k=60
158,Q0,AP890424-0005,327,0.0316175969293881,reciprocal_rank_fusion_k=60
158,Q0,AP890919-0101,328,0.03160652958440932,reciprocal_rank_fusion_k=60
158,Q0,AP880824-0102,329,0.031489837791750096,reciprocal_rank_fusion_k=60
158,Q0,WSJ870803-0090,330,0.031373808557626344,reciprocal_rank_fusion_k=60
158,Q0,FR891023-0012,331,0.03137006052759617,reciprocal_rank_fusion_k=60
158,Q0,WSJ870916-0058,332,0.03135171830351404,reciprocal_rank_fusion_k=60
158,Q0,FR88928-0006,333,0.031096211681415756,reciprocal_rank_fusion_k=60
158,Q0,AP881208-0161,334,0.030971738769070795,reciprocal_rank_fusion_k=60
158,Q0,WSJ911217-0078,335,0.030903858940888856,reciprocal_rank_fusion_k=60
158,Q0,WSJ870406-0067,336,0.03086631551559032,reciprocal_rank_fusion_k=60
158,Q0,WSJ880930-0157,337,0.030787881718576042,reciprocal_rank_fusion_k=60
158,Q0,WSJ861218-0172,338,0.030775586297602988,reciprocal_rank_fusion_k=60
158,Q0,FR89131-0056,339,0.030768629131826365,reciprocal_rank_fusion_k=60
158,Q0,AP880630-0148,340,0.030724512385372754,reciprocal_rank_fusion_k=60
158,Q0,AP890803-0146,341,0.030452435659784647,reciprocal_rank_fusion_k=60
158,Q0,AP891005-0075,342,0.03038692151393261,reciprocal_rank_fusion_k=60
158,Q0,AP881213-0182,343,0.030324526928907525,reciprocal_rank_fusion_k=60
158,Q0,WSJ920203-0144,344,0.030249842472305055,reciprocal_rank_fusion_k=60
158,Q0,FR88915-0037,345,0.030245327610626604,reciprocal_rank_fusion_k=60
158,Q0,WSJ880412-0131,346,0.03013905563078269,reciprocal_rank_fusion_k=60
158,Q0,FR89407-0020,347,0.030104078666414617,reciprocal_rank_fusion_k=60
158,Q0,WSJ870824-0082,348,0.029929574610228427,reciprocal_rank_fusion_k=60
158,Q0,FR89420-0021,349,0.029594846369151183,reciprocal_rank_fusion_k=60
158,Q0,FR88815-0014,350,0.029575972299605197,reciprocal_rank_fusion_k=60
158,Q0,WSJ910524-0066,351,0.029567306551766596,reciprocal_rank_fusion_k=60
158,Q0,FR89815-0011,352,0.02951122274762622,reciprocal_rank_fusion_k=60
158,Q0,WSJ900620-0101,353,0.029481617995132738,reciprocal_rank_fusion_k=60
158,Q0,WSJ910808-0077,354,0.029468831690726623,reciprocal_rank_fusion_k=60
158,Q0,ZF207-114-682,355,0.029288028929334547,reciprocal_rank_fusion_k=60
158,Q0,WSJ890726-0005,356,0.029251449212471737,reciprocal_rank_fusion_k=60
158,Q0,WSJ871204-0026,357,0.02914445068614307,reciprocal_rank_fusion_k=60
158,Q0,WSJ870226-0079,358,0.029117176325321646,reciprocal_rank_fusion_k=60
158,Q0,WSJ870410-0063,359,0.028935453325666608,reciprocal_rank_fusion_k=60
158,Q0,AP891228-0124,360,0.02889372328153639,reciprocal_rank_fusion_k=60
158,Q0,AP881129-0112,361,0.028888541415326412,reciprocal_rank_fusion_k=60
158,Q0,AP891229-0091,362,0.02884495270757748,reciprocal_rank_fusion_k=60
158,Q0,FR88122-0032,363,0.028760724688169426,reciprocal_rank_fusion_k=60
158,Q0,WSJ880617-0139,364,0.02875443049711871,reciprocal_rank_fusion_k=60
158,Q0,AP890323-0257,365,0.02866859130211264,reciprocal_rank_fusion_k=60
158,Q0,WSJ881116-0072,366,0.028631311765865395,reciprocal_rank_fusion_k=60
158,Q0,WSJ920323-0040,367,0.02848528736505889,reciprocal_rank_fusion_k=60
158,Q0,WSJ911226-0001,368,0.028433943495593524,reciprocal_rank_fusion_k=60
158,Q0,AP880901-0189,369,0.028371824439989923,reciprocal_rank_fusion_k=60
158,Q0,WSJ880609-0184,370,0.028360828260794873,reciprocal_rank_fusion_k=60
158,Q0,AP891109-0014,371,0.028219001919582844,reciprocal_rank_fusion_k=60
158,Q0,AP890217-0142,372,0.028193252277242,reciprocal_rank_fusion_k=60
158,Q0,WSJ871117-0147,373,0.028192431855848674,reciprocal_rank_fusion_k=60
158,Q0,AP890627-0097,374,0.028033392281225804,reciprocal_rank_fusion_k=60
158,Q0,AP890913-0224,375,0.027975639415678173,reciprocal_rank_fusion_k=60
158,Q0,AP890815-0050,376,0.027910633388134664,reciprocal_rank_fusion_k=60
158,Q0,AP881012-0206,377,0.02789595039063595,reciprocal_rank_fusion_k=60
158,Q0,AP890719-0225,378,0.027891087629114384,reciprocal_rank_fusion_k=60
158,Q0,WSJ880922-0106,379,0.027882857898681373,reciprocal_rank_fusion_k=60
158,Q0,AP890508-0203,380,0.02787499627368125,reciprocal_rank_fusion_k=60
158,Q0,FR89626-0031,381,0.02777116987457348,reciprocal_rank_fusion_k=60
158,Q0,WSJ911129-0123,382,0.02766416381225169,reciprocal_rank_fusion_k=60
158,Q0,AP890911-0198,383,0.02756993520508693,reciprocal_rank_fusion_k=60
158,Q0,WSJ910911-0072,384,0.027516566187834386,reciprocal_rank_fusion_k=60
158,Q0,AP890524-0192,385,0.027373411554615517,reciprocal_rank_fusion_k=60
158,Q0,FR89817-0028,386,0.027328918990415948,reciprocal_rank_fusion_k=60
158,Q0,WSJ871005-0038,387,0.027088535736699518,reciprocal_rank_fusion_k=60
158,Q0,FR89710-0015,388,0.027088293340856367,reciprocal_rank_fusion_k=60
158,Q0,WSJ920310-0158,389,0.027036266747758365,reciprocal_rank_fusion_k=60
158,Q0,FR881202-0028,390,0.026990856383246668,reciprocal_rank_fusion_k=60
158,Q0,WSJ861219-0169,391,0.026935173948228062,reciprocal_rank_fusion_k=60
158,Q0,WSJ870309-0085,392,0.02679348169061043,reciprocal_rank_fusion_k=60
158,Q0,WSJ861211-0090,393,0.026758945742719666,reciprocal_rank_fusion_k=60
158,Q0,FR88906-0023,394,0.02673003695630199,reciprocal_rank_fusion_k=60
158,Q0,FR89307-0104,395,0.026698858505137084,reciprocal_rank_fusion_k=60
158,Q0,AP880421-0122,396,0.026591641526988438,reciprocal_rank_fusion_k=60
158,Q0,FR88929-0129,397,0.026558539364413002,reciprocal_rank_fusion_k=60
158,Q0,WSJ870724-0125,398,0.02644000955282639,reciprocal_rank_fusion_k=60
158,Q0,WSJ910726-0107,399,0.02642925655213467,reciprocal_rank_fusion_k=60
158,Q0,FR89818-0033,400,0.0264258046726063,reciprocal_rank_fusion_k=60
158,Q0,AP891013-0058,401,0.02638062962974188,reciprocal_rank_fusion_k=60
158,Q0,AP890628-0075,402,0.026322169668683604,reciprocal_rank_fusion_k=60
158,Q0,FR89519-0015,403,0.026298482068666144,reciprocal_rank_fusion_k=60
158,Q0,AP880422-0150,404,0.026239676870965775,reciprocal_rank_fusion_k=60
158,Q0,WSJ890728-0099,405,0.02621736183118987,reciprocal_rank_fusion_k=60
158,Q0,FR891107-0022,406,0.02621487484120734,reciprocal_rank_fusion_k=60
158,Q0,AP880703-0060,407,0.026197807048747107,reciprocal_rank_fusion_k=60
158,Q0,WSJ891003-0021,408,0.02617352077273219,reciprocal_rank_fusion_k=60
158,Q0,WSJ871104-0018,409,0.026035482356504432,reciprocal_rank_fusion_k=60
158,Q0,WSJ880819-0130,410,0.02601721500063604,reciprocal_rank_fusion_k=60
158,Q0,WSJ910802-0121,411,0.02601018654173925,reciprocal_rank_fusion_k=60
158,Q0,FR89811-0009,412,0.026006158466299667,reciprocal_rank_fusion_k=60
158,Q0,ZF108-427-732,413,0.025997548522575596,reciprocal_rank_fusion_k=60
158,Q0,WSJ900806-0089,414,0.025951028300497024,reciprocal_rank_fusion_k=60
158,Q0,WSJ871222-0123,415,0.025641377736861034,reciprocal_rank_fusion_k=60
158,Q0,DOE2-42-1159,416,0.02559591911838573,reciprocal_rank_fusion_k=60
158,Q0,WSJ870501-0139,417,0.02559305933851623,reciprocal_rank_fusion_k=60
158,Q0,AP881217-0020,418,0.02553920059541307,reciprocal_rank_fusion_k=60
158,Q0,WSJ870724-0138,419,0.0254752052447965,reciprocal_rank_fusion_k=60
158,Q0,FR891025-0107,420,0.025470785828314448,reciprocal_rank_fusion_k=60
158,Q0,AP890113-0125,421,0.025467036369623712,reciprocal_rank_fusion_k=60
158,Q0,AP881213-0093,422,0.025398512255165085,reciprocal_rank_fusion_k=60
158,Q0,AP881017-0021,423,0.025383867704865743,reciprocal_rank_fusion_k=60
158,Q0,WSJ910628-0064,424,0.025345892678746058,reciprocal_rank_fusion_k=60
158,Q0,ZF207-213-460,425,0.025322389953844757,reciprocal_rank_fusion_k=60
158,Q0,AP881213-0098,426,0.025222499836449717,reciprocal_rank_fusion_k=60
158,Q0,WSJ870729-0104,427,0.025162046490847467,reciprocal_rank_fusion_k=60
158,Q0,FR89503-0006,428,0.025161045941190865,reciprocal_rank_fusion_k=60
158,Q0,WSJ900829-0160,429,0.02501104343324353,reciprocal_rank_fusion_k=60
158,Q0,FR89518-0108,430,0.024993502003341966,reciprocal_rank_fusion_k=60
158,Q0,AP890530-0148,431,0.024954557805927143,reciprocal_rank_fusion_k=60
158,Q0,FR88121-0034,432,0.02494687466800101,reciprocal_rank_fusion_k=60
158,Q0,AP891029-0034,433,0.02488621665786495,reciprocal_rank_fusion_k=60
158,Q0,AP891213-0214,434,0.024869027537530047,reciprocal_rank_fusion_k=60
158,Q0,WSJ871224-0113,435,0.024817287666699373,reciprocal_rank_fusion_k=60
158,Q0,WSJ871102-0088,436,0.024782585914549182,reciprocal_rank_fusion_k=60
158,Q0,AP890624-0011,437,0.02477241381732656,reciprocal_rank_fusion_k=60
158,Q0,AP890512-0020,438,0.02473861029337001,reciprocal_rank_fusion_k=60
158,Q0,ZF109-439-675,439,0.024725395512371223,reciprocal_rank_fusion_k=60
158,Q0,FR891013-0020,440,0.024723214702606397,reciprocal_rank_fusion_k=60
158,Q0,WSJ870210-0003,441,0.024690959460156744,reciprocal_rank_fusion_k=60
158,Q0,ZF207-133-582,442,0.02458290973003041,reciprocal_rank_fusion_k=60
158,Q0,AP880624-0227,443,0.02456976560021289,reciprocal_rank_fusion_k=60
158,Q0,FR89627-0003,444,0.024543415373530404,reciprocal_rank_fusion_k=60
158,Q0,WSJ880308-0117,445,0.024370112503477967,reciprocal_rank_fusion_k=60
158,Q0,AP881203-0043,446,0.02436741337000503,reciprocal_rank_fusion_k=60
158,Q0,WSJ900702-0182,447,0.02431722756917021,reciprocal_rank_fusion_k=60
158,Q0,FR89105-0068,448,0.024309961725635813,reciprocal_rank_fusion_k=60
158,Q0,AP891217-0044,449,0.024305193922525826,reciprocal_rank_fusion_k=60
158,Q0,FR88830-0023,450,0.024299554612684675,reciprocal_rank_fusion_k=60
158,Q0,AP890525-0036,451,0.024150907474157893,reciprocal_rank_fusion_k=60
158,Q0,WSJ870819-0120,452,0.024094221145905943,reciprocal_rank_fusion_k=60
158,Q0,AP880302-0272,453,0.024079994943203262,reciprocal_rank_fusion_k=60
158,Q0,WSJ870729-0165,454,0.02397981921499252,reciprocal_rank_fusion_k=60
158,Q0,AP881213-0152,455,0.023880928418789988,reciprocal_rank_fusion_k=60
158,Q0,WSJ900627-0014,456,0.023871285476823947,reciprocal_rank_fusion_k=60
158,Q0,FR88701-0024,457,0.02385921687714029,reciprocal_rank_fusion_k=60
158,Q0,WSJ870506-0046,458,0.02384412440054577,reciprocal_rank_fusion_k=60
158,Q0,FR88823-0007,459,0.023702798204009074,reciprocal_rank_fusion_k=60
158,Q0,FR881014-0162,460,0.023666865995778382,reciprocal_rank_fusion_k=60
158,Q0,FR88127-0105,461,0.023666383371168692,reciprocal_rank_fusion_k=60
158,Q0,FR891031-0131,462,0.02363113378125312,reciprocal_rank_fusion_k=60
158,Q0,WSJ870511-0107,463,0.023584925333514736,reciprocal_rank_fusion_k=60
158,Q0,WSJ920225-0016,464,0.023530474967377406,reciprocal_rank_fusion_k=60
158,Q0,WSJ911028-0121,465,0.023475481841895858,reciprocal_rank_fusion_k=60
158,Q0,AP881013-0325,466,0.023455372386596084,reciprocal_rank_fusion_k=60
158,Q0,WSJ900803-0037,467,0.023424252561463643,reciprocal_rank_fusion_k=60
158,Q0,WSJ911009-0084,468,0.023400834859362337,reciprocal_rank_fusion_k=60
158,Q0,AP890812-0048,469,0.023376262230197307,reciprocal_rank_fusion_k=60
158,Q0,AP880622-0160,470,0.023354084373993524,reciprocal_rank_fusion_k=60
158,Q0,AP881221-0089,471,0.023278659306664784,reciprocal_rank_fusion_k=60
158,Q0,FR88829-0023,472,0.023273662492480314,reciprocal_rank_fusion_k=60
158,Q0,FR881205-0039,473,0.02326907687863563,reciprocal_rank_fusion_k=60
158,Q0,AP880606-0086,474,0.023232034270021795,reciprocal_rank_fusion_k=60
158,Q0,AP890323-0109,475,0.023229346545177058,reciprocal_rank_fusion_k=60
158,Q0,WSJ910624-0124,476,0.02321568297242577,reciprocal_rank_fusion_k=60
158,Q0,AP890302-0164,477,0.02315183496073093,reciprocal_rank_fusion_k=60
158,Q0,AP881128-0110,478,0.02311486194599126,reciprocal_rank_fusion_k=60
158,Q0,FR89816-0027,479,0.023094739161395636,reciprocal_rank_fusion_k=60
158,Q0,FR89124-0018,480,0.023083457696895637,reciprocal_rank_fusion_k=60
158,Q0,WSJ890801-0006,481,0.02303993757807804,reciprocal_rank_fusion_k=60
158,Q0,FR88211-0352,482,0.023010912237695365,reciprocal_rank_fusion_k=60
158,Q0,AP890728-0019,483,0.02300593781579607,reciprocal_rank_fusion_k=60
158,Q0,WSJ871204-0116,484,0.022925765668081976,reciprocal_rank_fusion_k=60
158,Q0,FR891013-0029,485,0.022818906948794217,reciprocal_rank_fusion_k=60
158,Q0,AP880616-0160,486,0.02280764595270029,reciprocal_rank_fusion_k=60
158,Q0,WSJ910320-0002,487,0.02280748172878981,reciprocal_rank_fusion_k=60
158,Q0,FR88817-0043,488,0.022749643791905756,reciprocal_rank_fusion_k=60
158,Q0,WSJ880906-0077,489,0.022747263906165677,reciprocal_rank_fusion_k=60
158,Q0,AP881023-0102,490,0.022738039554409166,reciprocal_rank_fusion_k=60
158,Q0,FR88805-0026,491,0.022730804854391017,reciprocal_rank_fusion_k=60
158,Q0,FR89822-0094,492,0.0227278181910166,reciprocal_rank_fusion_k=60
158,Q0,AP890308-0220,493,0.02266894074383328,reciprocal_rank_fusion_k=60
158,Q0,WSJ870701-0005,494,0.022660695789741083,reciprocal_rank_fusion_k=60
158,Q0,AP890620-0229,495,0.022539353554417475,reciprocal_rank_fusion_k=60
158,Q0,WSJ901224-0070,496,0.022536563893861196,reciprocal_rank_fusion_k=60
158,Q0,ZF108-229-938,497,0.022518301736645954,reciprocal_rank_fusion_k=60
158,Q0,AP890126-0259,498,0.022492546308824482,reciprocal_rank_fusion_k=60
158,Q0,FR89608-0003,499,0.022475627824152227,reciprocal_rank_fusion_k=60
158,Q0,WSJ910710-0128,500,0.022457715847563856,reciprocal_rank_fusion_k=60
158,Q0,AP880517-0096,501,0.022428031628876525,reciprocal_rank_fusion_k=60
158,Q0,AP891025-0020,502,0.022360441635501736,reciprocal_rank_fusion_k=60
158,Q0,AP891031-0041,503,0.022276379745688274,reciprocal_rank_fusion_k=60
158,Q0,WSJ910822-0048,504,0.022271778702948622,reciprocal_rank_fusion_k=60
158,Q0,AP890226-0062,505,0.022250150732474522,reciprocal_rank_fusion_k=60
158,Q0,FR88114-0004,506,0.022237282496833818,reciprocal_rank_fusion_k=60
158,Q0,AP891122-0082,507,0.02220446404855936,reciprocal_rank_fusion_k=60
158,Q0,WSJ870708-0121,508,0.02215635781143626,reciprocal_rank_fusion_k=60
158,Q0,WSJ900918-0171,509,0.021962659915554777,reciprocal_rank_fusion_k=60
158,Q0,FR88908-0008,510,0.021945301504791515,reciprocal_rank_fusion_k=60
158,Q0,WSJ870414-0098,511,0.021909682309867826,reciprocal_rank_fusion_k=60
158,Q0,AP890626-0211,512,0.02185287695002741,reciprocal_rank_fusion_k=60
158,Q0,WSJ871019-0121,513,0.021852240419712596,reciprocal_rank_fusion_k=60
158,Q0,AP881110-0055,514,0.02180507378883986,reciprocal_rank_fusion_k=60
158,Q0,FR881028-0026,515,0.021794532897201856,reciprocal_rank_fusion_k=60
158,Q0,FR89509-0119,516,0.02171785195765053,reciprocal_rank_fusion_k=60
158,Q0,AP890615-0027,517,0.021687087065739373,reciprocal_rank_fusion_k=60
158,Q0,AP880303-0212,518,0.021665828185730172,reciprocal_rank_fusion_k=60
158,Q0,FR881107-0026,519,0.021665488836209102,reciprocal_rank_fusion_k=60
158,Q0,WSJ870218-0067,520,0.021628434443475415,reciprocal_rank_fusion_k=60
158,Q0,AP881001-0032,521,0.021591794167200907,reciprocal_rank_fusion_k=60
158,Q0,WSJ870529-0084,522,0.021523756329530498,reciprocal_rank_fusion_k=60
158,Q0,WSJ870408-0117,523,0.02151466673760161,reciprocal_rank_fusion_k=60
158,Q0,AP880517-0148,524,0.021481622915349604,reciprocal_rank_fusion_k=60
158,Q0,WSJ880401-0043,525,0.02145740648734367,reciprocal_rank_fusion_k=60
158,Q0,AP890629-0077,526,0.02143797398958484,reciprocal_rank_fusion_k=60
158,Q0,FR89418-0028,527,0.021427355874518113,reciprocal_rank_fusion_k=60
158,Q0,WSJ870724-0135,528,0.02141166373846126,reciprocal_rank_fusion_k=60
158,Q0,WSJ920320-0132,529,0.02135561447241164,reciprocal_rank_fusion_k=60
158,Q0,FR89303-0113,530,0.021319735982030234,reciprocal_rank_fusion_k=60
158,Q0,AP890623-0131,531,0.021287248573781965,reciprocal_rank_fusion_k=60
158,Q0,WSJ920319-0100,532,0.02121101383858393,reciprocal_rank_fusion_k=60
158,Q0,AP881017-0102,533,0.02113384524328205,reciprocal_rank_fusion_k=60
158,Q0,WSJ871204-0043,534,0.021050516334122304,reciprocal_rank_fusion_k=60
158,Q0,AP881109-0243,535,0.020987075307753775,reciprocal_rank_fusion_k=60
158,Q0,AP880813-0190,536,0.020967110463093932,reciprocal_rank_fusion_k=60
158,Q0,ZF207-095-260,537,0.020928054732482302,reciprocal_rank_fusion_k=60
158,Q0,AP891106-0129,538,0.020911484068465883,reciprocal_rank_fusion_k=60
158,Q0,AP890203-0020,539,0.02086972385850285,reciprocal_rank_fusion_k=60
158,Q0,WSJ881111-0047,540,0.02085885096358433,reciprocal_rank_fusion_k=60
158,Q0,WSJ910718-0056,541,0.020854637753805035,reciprocal_rank_fusion_k=60
158,Q0,WSJ910306-0070,542,0.020773309702683845,reciprocal_rank_fusion_k=60
158,Q0,WSJ880707-0130,543,0.020762722341216375,reciprocal_rank_fusion_k=60
158,Q0,FR89522-0016,544,0.020757891535262293,reciprocal_rank_fusion_k=60
158,Q0,WSJ870305-0116,545,0.020749423699038712,reciprocal_rank_fusion_k=60
158,Q0,FR88811-0027,546,0.020741637480892396,reciprocal_rank_fusion_k=60
158,Q0,WSJ900501-0066,547,0.020684701195248924,reciprocal_rank_fusion_k=60
158,Q0,AP890127-0154,548,0.020656358579518825,reciprocal_rank_fusion_k=60
158,Q0,WSJ870707-0019,549,0.020597354310244356,reciprocal_rank_fusion_k=60
158,Q0,FR88812-0084,550,0.020587210258523836,reciprocal_rank_fusion_k=60
158,Q0,WSJ871022-0053,551,0.020580456408542967,reciprocal_rank_fusion_k=60
158,Q0,DOE1-33-0641,552,0.020578798955408997,reciprocal_rank_fusion_k=60
158,Q0,WSJ870710-0079,553,0.02054825557217214,reciprocal_rank_fusion_k=60
158,Q0,WSJ900404-0128,554,0.02049286687081433,reciprocal_rank_fusion_k=60
158,Q0,WSJ880531-0193,555,0.02047766587007147,reciprocal_rank_fusion_k=60
158,Q0,FR89718-0006,556,0.020474528000356075,reciprocal_rank_fusion_k=60
158,Q0,WSJ910423-0224,557,0.020446114808788482,reciprocal_rank_fusion_k=60
158,Q0,AP890928-0121,558,0.020397277108996123,reciprocal_rank_fusion_k=60
158,Q0,ZF207-318-043,559,0.02036175634518421,reciprocal_rank_fusion_k=60
158,Q0,WSJ871118-0087,560,0.020338058065522014,reciprocal_rank_fusion_k=60
158,Q0,FR881205-0018,561,0.020193798481129777,reciprocal_rank_fusion_k=60
158,Q0,WSJ910530-0099,562,0.020178679976142127,reciprocal_rank_fusion_k=60
158,Q0,WSJ910725-0100,563,0.02017310512193948,reciprocal_rank_fusion_k=60
158,Q0,FR89706-0074,564,0.020168835573991347,reciprocal_rank_fusion_k=60
158,Q0,AP890327-0016,565,0.020168077130165732,reciprocal_rank_fusion_k=60
158,Q0,AP880916-0007,566,0.02009925862790549,reciprocal_rank_fusion_k=60
158,Q0,FR89306-0009,567,0.020042321950129567,reciprocal_rank_fusion_k=60
158,Q0,DOE2-68-0149,568,0.020038746497027315,reciprocal_rank_fusion_k=60
158,Q0,FR88205-0006,569,0.019976506557520875,reciprocal_rank_fusion_k=60
158,Q0,ZF109-617-837,570,0.019946842494203653,reciprocal_rank_fusion_k=60
158,Q0,AP881004-0089,571,0.01994243457976859,reciprocal_rank_fusion_k=60
158,Q0,WSJ910315-0122,572,0.01994061192823524,reciprocal_rank_fusion_k=60
158,Q0,AP890916-0068,573,0.0199403074178671,reciprocal_rank_fusion_k=60
158,Q0,FR89502-0016,574,0.019908485289341256,reciprocal_rank_fusion_k=60
158,Q0,WSJ911107-0097,575,0.019884004271420064,reciprocal_rank_fusion_k=60
158,Q0,WSJ871005-0101,576,0.019815926211779068,reciprocal_rank_fusion_k=60
158,Q0,AP881103-0265,577,0.019782456671211326,reciprocal_rank_fusion_k=60
158,Q0,FR88106-0019,578,0.01975270127204914,reciprocal_rank_fusion_k=60
158,Q0,AP891020-0130,579,0.019733715294298397,reciprocal_rank_fusion_k=60
158,Q0,WSJ910129-0100,580,0.019731974168314258,reciprocal_rank_fusion_k=60
158,Q0,ZF207-794-716,581,0.019723388659122584,reciprocal_rank_fusion_k=60
158,Q0,AP880719-0136,582,0.019720373038066296,reciprocal_rank_fusion_k=60
158,Q0,WSJ880113-0158,583,0.01968374248723854,reciprocal_rank_fusion_k=60
158,Q0,WSJ900521-0005,584,0.019635072156132072,reciprocal_rank_fusion_k=60
158,Q0,WSJ911025-0094,585,0.019609501978929224,reciprocal_rank_fusion_k=60
158,Q0,WSJ880527-0095,586,0.019597071850725085,reciprocal_rank_fusion_k=60
158,Q0,FR89203-0001,587,0.0195948348173471,reciprocal_rank_fusion_k=60
158,Q0,AP881014-0226,588,0.019593813117137253,reciprocal_rank_fusion_k=60
158,Q0,FR89127-0025,589,0.019559234294894274,reciprocal_rank_fusion_k=60
158,Q0,AP890314-0165,590,0.019498353567838828,reciprocal_rank_fusion_k=60
158,Q0,AP890703-0020,591,0.019477342913590708,reciprocal_rank_fusion_k=60
158,Q0,AP890125-0042,592,0.019449140174200255,reciprocal_rank_fusion_k=60
158,Q0,AP890104-0123,593,0.019443794513055945,reciprocal_rank_fusion_k=60
158,Q0,AP890201-0190,594,0.019410683156863284,reciprocal_rank_fusion_k=60
158,Q0,AP880304-0151,595,0.01938757771410829,reciprocal_rank_fusion_k=60
158,Q0,AP890524-0139,596,0.019384987888938342,reciprocal_rank_fusion_k=60
158,Q0,AP881221-0090,597,0.019373240697556655,reciprocal_rank_fusion_k=60
158,Q0,ZF207-661-272,598,0.019346600310124983,reciprocal_rank_fusion_k=60
158,Q0,AP890812-0102,599,0.019335460835937467,reciprocal_rank_fusion_k=60
158,Q0,FR89803-0012,600,0.01931904161857887,reciprocal_rank_fusion_k=60
158,Q0,WSJ870406-0052,601,0.019280247411152803,reciprocal_rank_fusion_k=60
158,Q0,AP890207-0197,602,0.01915191676835547,reciprocal_rank_fusion_k=60
158,Q0,FR89418-0020,603,0.019124754081602233,reciprocal_rank_fusion_k=60
158,Q0,AP880516-0037,604,0.019093859838473504,reciprocal_rank_fusion_k=60
158,Q0,AP891130-0142,605,0.01899731918313204,reciprocal_rank_fusion_k=60
158,Q0,FR881021-0017,606,0.01899633561592022,reciprocal_rank_fusion_k=60
158,Q0,AP880323-0298,607,0.01899294543305602,reciprocal_rank_fusion_k=60
158,Q0,WSJ861210-0186,608,0.018945147805777517,reciprocal_rank_fusion_k=60
158,Q0,AP890524-0294,609,0.018880097915690373,reciprocal_rank_fusion_k=60
158,Q0,AP890918-0020,610,0.01883546503214352,reciprocal_rank_fusion_k=60
158,Q0,WSJ910116-0005,611,0.01878615643037822,reciprocal_rank_fusion_k=60
158,Q0,AP890523-0026,612,0.01877319423726459,reciprocal_rank_fusion_k=60
158,Q0,AP881013-0025,613,0.018765527479865485,reciprocal_rank_fusion_k=60
158,Q0,FR88803-0020,614,0.01874526502829559,reciprocal_rank_fusion_k=60
158,Q0,WSJ880331-0025,615,0.018729798501200406,reciprocal_rank_fusion_k=60
158,Q0,FR881207-0031,616,0.018726519814904346,reciprocal_rank_fusion_k=60
158,Q0,WSJ880913-0110,617,0.018725804568002078,reciprocal_rank_fusion_k=60
158,Q0,WSJ880607-0057,618,0.018721637178384144,reciprocal_rank_fusion_k=60
158,Q0,WSJ870805-0019,619,0.01871734297155983,reciprocal_rank_fusion_k=60
158,Q0,FR891031-0017,620,0.018706620363700632,reciprocal_rank_fusion_k=60
158,Q0,FR88926-0030,621,0.018702661607924893,reciprocal_rank_fusion_k=60
158,Q0,AP890121-0104,622,0.018657687745312707,reciprocal_rank_fusion_k=60
158,Q0,FR88518-0011,623,0.0186526378287161,reciprocal_rank_fusion_k=60
158,Q0,AP890301-0179,624,0.01860134835967851,reciprocal_rank_fusion_k=60
158,Q0,WSJ861219-0039,625,0.018593296711204667,reciprocal_rank_fusion_k=60
158,Q0,AP890103-0180,626,0.01852790116335032,reciprocal_rank_fusion_k=60
158,Q0,FR89321-0007,627,0.01845501760765174,reciprocal_rank_fusion_k=60
158,Q0,AP891212-0136,628,0.01840767167886716,reciprocal_rank_fusion_k=60
158,Q0,AP890724-0153,629,0.018388577691912017,reciprocal_rank_fusion_k=60
158,Q0,AP890428-0001,630,0.018346444283291363,reciprocal_rank_fusion_k=60
158,Q0,FR891018-0010,631,0.018339168853466696,reciprocal_rank_fusion_k=60
158,Q0,WSJ870709-0087,632,0.018337496286248492,reciprocal_rank_fusion_k=60
158,Q0,WSJ920319-0082,633,0.01832494918752141,reciprocal_rank_fusion_k=60
158,Q0,FR88823-0014,634,0.018288829269462813,reciprocal_rank_fusion_k=60
158,Q0,AP890804-0118,635,0.018208064017496202,reciprocal_rank_fusion_k=60
158,Q0,AP890404-0022,636,0.018203660263784817,reciprocal_rank_fusion_k=60
158,Q0,FR88713-0110,637,0.018195691681474405,reciprocal_rank_fusion_k=60
158,Q0,WSJ891020-0077,638,0.018191029680019018,reciprocal_rank_fusion_k=60
158,Q0,DOE2-23-1283,639,0.018178221078072602,reciprocal_rank_fusion_k=60
158,Q0,AP890626-0210,640,0.018161847836827276,reciprocal_rank_fusion_k=60
158,Q0,WSJ880502-0065,641,0.018158716407832613,reciprocal_rank_fusion_k=60
158,Q0,AP881201-0141,642,0.01812555703918768,reciprocal_rank_fusion_k=60
158,Q0,WSJ910926-0125,643,0.018091266529157015,reciprocal_rank_fusion_k=60
158,Q0,FR881017-0018,644,0.01808271699207287,reciprocal_rank_fusion_k=60
158,Q0,AP890621-0091,645,0.018076789745165665,reciprocal_rank_fusion_k=60
158,Q0,AP881203-0067,646,0.018072441943904522,reciprocal_rank_fusion_k=60
158,Q0,FR89501-0006,647,0.018065413813524903,reciprocal_rank_fusion_k=60
158,Q0,FR88802-0005,648,0.018064563991750333,reciprocal_rank_fusion_k=60
158,Q0,WSJ910510-0188,649,0.017949565587328502,reciprocal_rank_fusion_k=60
158,Q0,FR88909-0013,650,0.01792184125184243,reciprocal_rank_fusion_k=60
158,Q0,FR88922-0020,651,0.017896407591722098,reciprocal_rank_fusion_k=60
158,Q0,AP890410-0095,652,0.017879088781130946,reciprocal_rank_fusion_k=60
158,Q0,AP880603-0023,653,0.01786974840661968,reciprocal_rank_fusion_k=60
158,Q0,AP891113-0117,654,0.01785885414891005,reciprocal_rank_fusion_k=60
158,Q0,AP891110-0022,655,0.0178387096509372,reciprocal_rank_fusion_k=60
158,Q0,FR891011-0010,656,0.01782596389266418,reciprocal_rank_fusion_k=60
158,Q0,FR88929-0080,657,0.017807082941142548,reciprocal_rank_fusion_k=60
158,Q0,ZF108-717-238,658,0.017769449817474543,reciprocal_rank_fusion_k=60
158,Q0,WSJ870724-0092,659,0.017722777552862806,reciprocal_rank_fusion_k=60
158,Q0,AP890131-0110,660,0.017712795849270335,reciprocal_rank_fusion_k=60
158,Q0,FR88708-0004,661,0.01767509014934636,reciprocal_rank_fusion_k=60
158,Q0,WSJ880425-0177,662,0.017670851034262122,reciprocal_rank_fusion_k=60
158,Q0,FR89316-0002,663,0.017639942806589294,reciprocal_rank_fusion_k=60
158,Q0,AP890922-0178,664,0.01762980231566168,reciprocal_rank_fusion_k=60
158,Q0,FR88728-0004,665,0.017621543128122436,reciprocal_rank_fusion_k=60
158,Q0,AP880425-0019,666,0.017552968265341525,reciprocal_rank_fusion_k=60
158,Q0,WSJ870603-0084,667,0.01747959873466589,reciprocal_rank_fusion_k=60
158,Q0,WSJ871116-0081,668,0.017440031671415668,reciprocal_rank_fusion_k=60
158,Q0,WSJ910703-0134,669,0.017439674474280797,reciprocal_rank_fusion_k=60
158,Q0,AP880217-0175,670,0.017412910235589243,reciprocal_rank_fusion_k=60
158,Q0,FR88607-0002,671,0.01741167666676899,reciprocal_rank_fusion_k=60
158,Q0,FR88511-0140,672,0.017403276690385047,reciprocal_rank_fusion_k=60
158,Q0,AP880315-0202,673,0.01736252165985731,reciprocal_rank_fusion_k=60
158,Q0,WSJ910306-0067,674,0.017347052293905825,reciprocal_rank_fusion_k=60
158,Q0,WSJ871005-0136,675,0.01728706383509747,reciprocal_rank_fusion_k=60
158,Q0,AP881206-0022,676,0.01728413921861707,reciprocal_rank_fusion_k=60
158,Q0,WSJ911216-0082,677,0.017247231726468037,reciprocal_rank_fusion_k=60
158,Q0,WSJ870722-0120,678,0.017242183611382612,reciprocal_rank_fusion_k=60
158,Q0,FR89119-0030,679,0.017214884552744107,reciprocal_rank_fusion_k=60
158,Q0,AP890814-0186,680,0.017185000820484825,reciprocal_rank_fusion_k=60
158,Q0,AP891122-0091,681,0.01716031751439728,reciprocal_rank_fusion_k=60
158,Q0,WSJ870813-0114,682,0.017126392911788926,reciprocal_rank_fusion_k=60
158,Q0,WSJ910507-0078,683,0.017121809242637946,reciprocal_rank_fusion_k=60
158,Q0,FR89208-0022,684,0.017088727469974616,reciprocal_rank_fusion_k=60
158,Q0,FR88809-0007,685,0.01707081745446538,reciprocal_rank_fusion_k=60
158,Q0,WSJ910103-0081,686,0.017042220498193823,reciprocal_rank_fusion_k=60
158,Q0,AP891121-0091,687,0.01703877259063757,reciprocal_rank_fusion_k=60
158,Q0,WSJ880728-0094,688,0.01701080990681475,reciprocal_rank_fusion_k=60
158,Q0,FR89602-0003,689,0.016974846528788248,reciprocal_rank_fusion_k=60
158,Q0,ZF108-279-892,690,0.01697341292372582,reciprocal_rank_fusion_k=60
158,Q0,FR89818-0030,691,0.016894380705323064,reciprocal_rank_fusion_k=60
158,Q0,WSJ870127-0064,692,0.016883139040384687,reciprocal_rank_fusion_k=60
158,Q0,WSJ870122-0026,693,0.016881239882278076,reciprocal_rank_fusion_k=60
158,Q0,WSJ920207-0101,694,0.016852817686589115,reciprocal_rank_fusion_k=60
158,Q0,DOE1-73-1129,695,0.016829649389595015,reciprocal_rank_fusion_k=60
158,Q0,FR89315-0032,696,0.016828110839697832,reciprocal_rank_fusion_k=60
158,Q0,AP891025-0258,697,0.016802569818217025,reciprocal_rank_fusion_k=60
158,Q0,WSJ900618-0133,698,0.016793478673611174,reciprocal_rank_fusion_k=60
158,Q0,WSJ871223-0173,699,0.01678959945188667,reciprocal_rank_fusion_k=60
158,Q0,FR891113-0106,700,0.01678044058189998,reciprocal_rank_fusion_k=60
158,Q0,ZF108-101-242,701,0.016777899261414063,reciprocal_rank_fusion_k=60
158,Q0,AP890416-0043,702,0.016739240425684306,reciprocal_rank_fusion_k=60
158,Q0,WSJ910307-0054,703,0.0167315363449594,reciprocal_rank_fusion_k=60
158,Q0,WSJ880301-0162,704,0.016661458192458286,reciprocal_rank_fusion_k=60
158,Q0,FR89629-0002,705,0.016643442484746796,reciprocal_rank_fusion_k=60
158,Q0,ZF207-322-828,706,0.01660113695411222,reciprocal_rank_fusion_k=60
158,Q0,WSJ910104-0061,707,0.016589277093321166,reciprocal_rank_fusion_k=60
158,Q0,AP890707-0185,708,0.016575951790121064,reciprocal_rank_fusion_k=60
158,Q0,WSJ910812-0116,709,0.016560875010133445,reciprocal_rank_fusion_k=60
158,Q0,WSJ880210-0081,710,0.01649905777783203,reciprocal_rank_fusion_k=60
158,Q0,WSJ870706-0071,711,0.016425038941757526,reciprocal_rank_fusion_k=60
158,Q0,AP880227-0100,712,0.016414276969663865,reciprocal_rank_fusion_k=60
158,Q0,AP880510-0026,713,0.016411651195297607,reciprocal_rank_fusion_k=60
158,Q0,AP880918-0030,714,0.016364512444812098,reciprocal_rank_fusion_k=60
158,Q0,AP880322-0098,715,0.016342239979134664,reciprocal_rank_fusion_k=60
158,Q0,WSJ910819-0109,716,0.016310804854309774,reciprocal_rank_fusion_k=60
158,Q0,FR89726-0103,717,0.01630410595187428,reciprocal_rank_fusion_k=60
158,Q0,WSJ870422-0156,718,0.01629840757272677,reciprocal_rank_fusion_k=60
158,Q0,FR881028-0029,719,0.01628712151613557,reciprocal_rank_fusion_k=60
158,Q0,WSJ900705-0091,720,0.016268422100071178,reciprocal_rank_fusion_k=60
158,Q0,AP881029-0075,721,0.016259117170457665,reciprocal_rank_fusion_k=60
158,Q0,AP880227-0099,722,0.016254347515227724,reciprocal_rank_fusion_k=60
158,Q0,AP890623-0191,723,0.01624670560923338,reciprocal_rank_fusion_k=60
158,Q0,WSJ870910-0139,724,0.016182715179903436,reciprocal_rank_fusion_k=60
158,Q0,AP891018-0039,725,0.016181812905057748,reciprocal_rank_fusion_k=60
158,Q0,AP891004-0286,726,0.01616591450569471,reciprocal_rank_fusion_k=60
158,Q0,AP891110-0138,727,0.016081317500590404,reciprocal_rank_fusion_k=60
158,Q0,WSJ910904-0039,728,0.016080902991908383,reciprocal_rank_fusion_k=60
158,Q0,ZF207-768-720,729,0.01607523745352072,reciprocal_rank_fusion_k=60
158,Q0,FR88926-0025,730,0.016068670953124604,reciprocal_rank_fusion_k=60
158,Q0,AP880922-0179,731,0.01603504683230342,reciprocal_rank_fusion_k=60
158,Q0,WSJ910710-0148,732,0.016028772774892296,reciprocal_rank_fusion_k=60
158,Q0,ZF207-333-828,733,0.01599672587636204,reciprocal_rank_fusion_k=60
158,Q0,FR89414-0002,734,0.015945689461385047,reciprocal_rank_fusion_k=60
158,Q0,AP890917-0018,735,0.015900227094142506,reciprocal_rank_fusion_k=60
158,Q0,WSJ920306-0112,736,0.01585345443646465,reciprocal_rank_fusion_k=60
158,Q0,AP881026-0219,737,0.015827009604832867,reciprocal_rank_fusion_k=60
158,Q0,FR881121-0036,738,0.015808890285171025,reciprocal_rank_fusion_k=60
158,Q0,FR88607-0003,739,0.015803964450288692,reciprocal_rank_fusion_k=60
158,Q0,ZF108-625-252,740,0.01579489953608284,reciprocal_rank_fusion_k=60
158,Q0,AP880901-0267,741,0.01578902928381945,reciprocal_rank_fusion_k=60
158,Q0,WSJ870311-0117,742,0.01573581775738183,reciprocal_rank_fusion_k=60
158,Q0,WSJ900723-0143,743,0.01573374414632207,reciprocal_rank_fusion_k=60
158,Q0,FR89804-0033,744,0.015690801233064752,reciprocal_rank_fusion_k=60
158,Q0,AP880319-0007,745,0.01568250758603757,reciprocal_rank_fusion_k=60
158,Q0,FR89421-0021,746,0.015664385746642133,reciprocal_rank_fusion_k=60
158,Q0,AP891024-0129,747,0.015651827024636866,reciprocal_rank_fusion_k=60
158,Q0,WSJ920323-0163,748,0.01563599524716498,reciprocal_rank_fusion_k=60
158,Q0,WSJ900716-0095,749,0.015627465841164916,reciprocal_rank_fusion_k=60
158,Q0,WSJ900518-0159,750,0.015616928789332216,reciprocal_rank_fusion_k=60
158,Q0,WSJ910729-0125,751,0.015584939493044344,reciprocal_rank_fusion_k=60
158,Q0,AP891117-0034,752,0.015571094436468081,reciprocal_rank_fusion_k=60
158,Q0,AP890628-0200,753,0.015560636423338171,reciprocal_rank_fusion_k=60
158,Q0,WSJ900430-0047,754,0.015545504162589829,reciprocal_rank_fusion_k=60
158,Q0,AP881120-0028,755,0.015539901493140607,reciprocal_rank_fusion_k=60
158,Q0,AP890303-0161,756,0.01552419659512865,reciprocal_rank_fusion_k=60
158,Q0,WSJ880323-0110,757,0.01552290967902519,reciprocal_rank_fusion_k=60
158,Q0,FR881019-0055,758,0.015516082780294467,reciprocal_rank_fusion_k=60
158,Q0,AP890614-0200,759,0.015462778522225704,reciprocal_rank_fusion_k=60
158,Q0,FR891108-0005,760,0.015406294035782057,reciprocal_rank_fusion_k=60
158,Q0,WSJ890828-0011,761,0.015402943939552055,reciprocal_rank_fusion_k=60
158,Q0,AP880628-0106,762,0.015378943786774511,reciprocal_rank_fusion_k=60
158,Q0,WSJ880901-0147,763,0.01537379515076711,reciprocal_rank_fusion_k=60
158,Q0,AP881213-0185,764,0.015365539836354115,reciprocal_rank_fusion_k=60
158,Q0,AP881128-0094,765,0.015351144635431135,reciprocal_rank_fusion_k=60
158,Q0,AP890724-0155,766,0.015324868710536161,reciprocal_rank_fusion_k=60
158,Q0,AP891027-0088,767,0.015301038683582813,reciprocal_rank_fusion_k=60
158,Q0,AP880701-0014,768,0.015271217156567483,reciprocal_rank_fusion_k=60
158,Q0,FR88721-0120,769,0.015268946158043379,reciprocal_rank_fusion_k=60
158,Q0,WSJ880607-0010,770,0.015268825283482937,reciprocal_rank_fusion_k=60
158,Q0,WSJ910131-0109,771,0.015264663297759074,reciprocal_rank_fusion_k=60
158,Q0,WSJ880621-0031,772,0.015254344120248906,reciprocal_rank_fusion_k=60
158,Q0,FR89421-0118,773,0.015226041453715592,reciprocal_rank_fusion_k=60
158,Q0,AP880912-0232,774,0.015101004414028656,reciprocal_rank_fusion_k=60
158,Q0,WSJ880909-0011,775,0.015061004024441882,reciprocal_rank_fusion_k=60
158,Q0,WSJ900615-0145,776,0.01505060055752993,reciprocal_rank_fusion_k=60
158,Q0,WSJ880816-0046,777,0.015008865744671637,reciprocal_rank_fusion_k=60
158,Q0,AP881110-0054,778,0.014978300475039666,reciprocal_rank_fusion_k=60
158,Q0,AP881129-0259,779,0.014969698092770932,reciprocal_rank_fusion_k=60
158,Q0,AP890515-0116,780,0.014949779264549228,reciprocal_rank_fusion_k=60
158,Q0,FR89522-0106,781,0.014945133099721508,reciprocal_rank_fusion_k=60
158,Q0,FR881021-0022,782,0.01493476254854802,reciprocal_rank_fusion_k=60
158,Q0,FR89609-0021,783,0.014932213682598366,reciprocal_rank_fusion_k=60
158,Q0,WSJ911016-0142,784,0.014889905196182048,reciprocal_rank_fusion_k=60
158,Q0,AP890815-0117,785,0.014869721462143557,reciprocal_rank_fusion_k=60
158,Q0,DOE1-34-0654,786,0.014849757230767263,reciprocal_rank_fusion_k=60
158,Q0,AP880825-0065,787,0.014824514510456993,reciprocal_rank_fusion_k=60
158,Q0,AP880812-0099,788,0.014820579208088614,reciprocal_rank_fusion_k=60
158,Q0,WSJ920103-0082,789,0.014801517145449767,reciprocal_rank_fusion_k=60
158,Q0,AP881227-0014,790,0.014797972261362828,reciprocal_rank_fusion_k=60
158,Q0,WSJ881012-0154,791,0.014780648858326022,reciprocal_rank_fusion_k=60
158,Q0,AP880628-0175,792,0.014750695397092565,reciprocal_rank_fusion_k=60
158,Q0,WSJ880129-0161,793,0.014744805501982917,reciprocal_rank_fusion_k=60
158,Q0,FR881027-0006,794,0.014741459798588936,reciprocal_rank_fusion_k=60
158,Q0,AP890825-0196,795,0.014713746503610858,reciprocal_rank_fusion_k=60
158,Q0,WSJ911101-0109,796,0.01470894988026533,reciprocal_rank_fusion_k=60
158,Q0,FR89518-0034,797,0.01470174445579266,reciprocal_rank_fusion_k=60
158,Q0,AP890605-0060,798,0.014675695459751458,reciprocal_rank_fusion_k=60
158,Q0,WSJ880615-0086,799,0.014674847032459259,reciprocal_rank_fusion_k=60
158,Q0,FR89515-0034,800,0.01466312659192807,reciprocal_rank_fusion_k=60
158,Q0,WSJ910816-0162,801,0.014657289733614555,reciprocal_rank_fusion_k=60
158,Q0,WSJ911015-0001,802,0.014654819453496015,reciprocal_rank_fusion_k=60
158,Q0,WSJ910815-0036,803,0.01463552257477118,reciprocal_rank_fusion_k=60
158,Q0,WSJ910716-0113,804,0.014614637789596286,reciprocal_rank_fusion_k=60
158,Q0,AP880218-0137,805,0.014613225633376171,reciprocal_rank_fusion_k=60
158,Q0,DOE1-69-1147,806,0.014592410362012321,reciprocal_rank_fusion_k=60
158,Q0,AP880219-0031,807,0.014553576134756913,reciprocal_rank_fusion_k=60
158,Q0,FR89119-0111,808,0.014552457471878735,reciprocal_rank_fusion_k=60
158,Q0,AP881023-0105,809,0.014526903026602977,reciprocal_rank_fusion_k=60
158,Q0,WSJ911016-0126,810,0.014509846207747519,reciprocal_rank_fusion_k=60
158,Q0,WSJ871026-0041,811,0.01449826914616693,reciprocal_rank_fusion_k=60
158,Q0,AP880427-0179,812,0.014445256632370217,reciprocal_rank_fusion_k=60
158,Q0,WSJ870601-0121,813,0.014430255675720908,reciprocal_rank_fusion_k=60
158,Q0,AP890627-0207,814,0.014420853665352434,reciprocal_rank_fusion_k=60
158,Q0,WSJ920220-0180,815,0.014408929584081048,reciprocal_rank_fusion_k=60
158,Q0,WSJ870312-0011,816,0.014408765933143832,reciprocal_rank_fusion_k=60
158,Q0,FR89626-0137,817,0.014401591874960033,reciprocal_rank_fusion_k=60
158,Q0,FR881021-0029,818,0.014381404933311729,reciprocal_rank_fusion_k=60
158,Q0,DOE1-01-1033,819,0.014354170849156155,reciprocal_rank_fusion_k=60
158,Q0,AP891020-0132,820,0.014354144851797562,reciprocal_rank_fusion_k=60
158,Q0,WSJ870708-0147,821,0.014318282501447689,reciprocal_rank_fusion_k=60
158,Q0,FR89628-0021,822,0.014310186712071371,reciprocal_rank_fusion_k=60
158,Q0,ZF207-100-330,823,0.014308599513520988,reciprocal_rank_fusion_k=60
158,Q0,WSJ900720-0063,824,0.014297996337051155,reciprocal_rank_fusion_k=60
158,Q0,WSJ880329-0089,825,0.014290266239602264,reciprocal_rank_fusion_k=60
158,Q0,AP890626-0002,826,0.014258355883079044,reciprocal_rank_fusion_k=60
158,Q0,AP891014-0088,827,0.014257926909891042,reciprocal_rank_fusion_k=60
158,Q0,WSJ920129-0071,828,0.014253919907503956,reciprocal_rank_fusion_k=60
158,Q0,FR891013-0117,829,0.014222533465702389,reciprocal_rank_fusion_k=60
158,Q0,AP890703-0236,830,0.014202011629646188,reciprocal_rank_fusion_k=60
158,Q0,FR89517-0099,831,0.014190144031582273,reciprocal_rank_fusion_k=60
158,Q0,AP890805-0076,832,0.014139241700272233,reciprocal_rank_fusion_k=60
158,Q0,WSJ911031-0084,833,0.01411856238571454,reciprocal_rank_fusion_k=60
158,Q0,WSJ870810-0124,834,0.014115268559994166,reciprocal_rank_fusion_k=60
158,Q0,FR89927-0004,835,0.014103020153153546,reciprocal_rank_fusion_k=60
158,Q0,FR89324-0001,836,0.014100765213190132,reciprocal_rank_fusion_k=60
158,Q0,AP890131-0032,837,0.014090872531331018,reciprocal_rank_fusion_k=60
158,Q0,FR88929-0018,838,0.014090383671626688,reciprocal_rank_fusion_k=60
158,Q0,AP880902-0129,839,0.01407587463081129,reciprocal_rank_fusion_k=60
158,Q0,AP880830-0015,840,0.014050013115280962,reciprocal_rank_fusion_k=60
158,Q0,AP891218-0212,841,0.01400811511905426,reciprocal_rank_fusion_k=60
158,Q0,WSJ871001-0101,842,0.013987544938160658,reciprocal_rank_fusion_k=60
158,Q0,WSJ881006-0118,843,0.013944323940659531,reciprocal_rank_fusion_k=60
158,Q0,FR88711-0027,844,0.013922169099671264,reciprocal_rank_fusion_k=60
158,Q0,AP880912-0009,845,0.013880823501648641,reciprocal_rank_fusion_k=60
158,Q0,FR881026-0023,846,0.013864777666570773,reciprocal_rank_fusion_k=60
158,Q0,WSJ911105-0105,847,0.013860576015172925,reciprocal_rank_fusion_k=60
158,Q0,WSJ880329-0108,848,0.01385356441141547,reciprocal_rank_fusion_k=60
158,Q0,AP890529-0101,849,0.013850202982917139,reciprocal_rank_fusion_k=60
158,Q0,WSJ891027-0035,850,0.013850081386209783,reciprocal_rank_fusion_k=60
158,Q0,AP880307-0156,851,0.013848357302131508,reciprocal_rank_fusion_k=60
158,Q0,AP890912-0018,852,0.013825412013745497,reciprocal_rank_fusion_k=60
158,Q0,AP891109-0238,853,0.013784724052678022,reciprocal_rank_fusion_k=60
158,Q0,AP880809-0097,854,0.01377175053322811,reciprocal_rank_fusion_k=60
158,Q0,WSJ890927-0164,855,0.013714549308251424,reciprocal_rank_fusion_k=60
158,Q0,WSJ911011-0018,856,0.01365691603458265,reciprocal_rank_fusion_k=60
158,Q0,FR88212-0014,857,0.013652882360660694,reciprocal_rank_fusion_k=60
158,Q0,WSJ870610-0114,858,0.013643760145183396,reciprocal_rank_fusion_k=60
158,Q0,WSJ870805-0079,859,0.013630508711740865,reciprocal_rank_fusion_k=60
158,Q0,WSJ910220-0145,860,0.013626806064883444,reciprocal_rank_fusion_k=60
158,Q0,AP880318-0232,861,0.01360696534556765,reciprocal_rank_fusion_k=60
158,Q0,AP880519-0147,862,0.013551653895191874,reciprocal_rank_fusion_k=60
158,Q0,WSJ870129-0079,863,0.013543040964790984,reciprocal_rank_fusion_k=60
158,Q0,WSJ910515-0126,864,0.013474455180457423,reciprocal_rank_fusion_k=60
158,Q0,WSJ900814-0107,865,0.01346373234265793,reciprocal_rank_fusion_k=60
158,Q0,DOE1-57-0266,866,0.013449729533991272,reciprocal_rank_fusion_k=60
158,Q0,WSJ870306-0010,867,0.013391028909828236,reciprocal_rank_fusion_k=60
158,Q0,AP880615-0137,868,0.013334336208317163,reciprocal_rank_fusion_k=60
158,Q0,WSJ880608-0143,869,0.01330694302198317,reciprocal_rank_fusion_k=60
158,Q0,WSJ870924-0131,870,0.013270240286868773,reciprocal_rank_fusion_k=60
158,Q0,FR88602-0011,871,0.013260018734958533,reciprocal_rank_fusion_k=60
158,Q0,AP891014-0086,872,0.013210462330422099,reciprocal_rank_fusion_k=60
158,Q0,WSJ910326-0091,873,0.013204345743776543,reciprocal_rank_fusion_k=60
158,Q0,AP890117-0133,874,0.013186254556769493,reciprocal_rank_fusion_k=60
158,Q0,WSJ900425-0106,875,0.013137156836110907,reciprocal_rank_fusion_k=60
158,Q0,FR88603-0018,876,0.0131356155006877,reciprocal_rank_fusion_k=60
158,Q0,AP880424-0037,877,0.013077272017414373,reciprocal_rank_fusion_k=60
158,Q0,ZF108-187-362,878,0.013075017295702221,reciprocal_rank_fusion_k=60
158,Q0,FR88510-0025,879,0.013040397876557846,reciprocal_rank_fusion_k=60
158,Q0,AP881119-0085,880,0.013009695283123065,reciprocal_rank_fusion_k=60
158,Q0,WSJ910925-0089,881,0.012989584482165657,reciprocal_rank_fusion_k=60
158,Q0,WSJ900921-0155,882,0.012987289449294469,reciprocal_rank_fusion_k=60
158,Q0,AP881109-0072,883,0.012956696332081635,reciprocal_rank_fusion_k=60
158,Q0,AP890227-0014,884,0.012941389667807135,reciprocal_rank_fusion_k=60
158,Q0,WSJ920205-0081,885,0.012903886753212314,reciprocal_rank_fusion_k=60
158,Q0,AP890417-0079,886,0.012873530017239322,reciprocal_rank_fusion_k=60
158,Q0,AP881023-0050,887,0.012851329311748856,reciprocal_rank_fusion_k=60
158,Q0,AP881214-0020,888,0.012828458720305426,reciprocal_rank_fusion_k=60
158,Q0,AP880825-0131,889,0.012827674486489556,reciprocal_rank_fusion_k=60
158,Q0,WSJ870715-0102,890,0.012818629420129412,reciprocal_rank_fusion_k=60
158,Q0,WSJ910314-0021,891,0.012811265523339638,reciprocal_rank_fusion_k=60
158,Q0,WSJ880705-0064,892,0.012802774859432025,reciprocal_rank_fusion_k=60
158,Q0,WSJ900928-0040,893,0.012797915583096276,reciprocal_rank_fusion_k=60
158,Q0,WSJ880916-0067,894,0.012795384523275112,reciprocal_rank_fusion_k=60
158,Q0,AP881025-0027,895,0.012785994271695973,reciprocal_rank_fusion_k=60
158,Q0,AP880629-0131,896,0.012775784493347604,reciprocal_rank_fusion_k=60
158,Q0,WSJ870204-0103,897,0.012772227581008324,reciprocal_rank_fusion_k=60
158,Q0,WSJ920131-0081,898,0.012769460054507664,reciprocal_rank_fusion_k=60
158,Q0,FR881006-0002,899,0.012744720945330355,reciprocal_rank_fusion_k=60
158,Q0,WSJ880129-0110,900,0.012718851747408277,reciprocal_rank_fusion_k=60
158,Q0,AP890325-0064,901,0.01271822536638589,reciprocal_rank_fusion_k=60
158,Q0,AP890316-0135,902,0.012697523074365797,reciprocal_rank_fusion_k=60
158,Q0,FR89627-0133,903,0.012686543026163313,reciprocal_rank_fusion_k=60
158,Q0,FR88607-0109,904,0.012685223948833176,reciprocal_rank_fusion_k=60
158,Q0,WSJ870518-0056,905,0.012628318268873678,reciprocal_rank_fusion_k=60
158,Q0,FR881021-0114,906,0.012603693685370067,reciprocal_rank_fusion_k=60
158,Q0,AP890118-0113,907,0.012586967421677284,reciprocal_rank_fusion_k=60
158,Q0,WSJ910607-0143,908,0.012585452186067174,reciprocal_rank_fusion_k=60
158,Q0,FR88212-0031,909,0.012571489454255569,reciprocal_rank_fusion_k=60
158,Q0,FR88708-0027,910,0.012567916305369936,reciprocal_rank_fusion_k=60
158,Q0,WSJ910927-0180,911,0.012558514505977484,reciprocal_rank_fusion_k=60
158,Q0,WSJ871001-0151,912,0.012546205128451554,reciprocal_rank_fusion_k=60
158,Q0,ZF208-125-711,913,0.01246651632850923,reciprocal_rank_fusion_k=60
158,Q0,AP890805-0002,914,0.012464830351785984,reciprocal_rank_fusion_k=60
158,Q0,WSJ870720-0034,915,0.012460415588509358,reciprocal_rank_fusion_k=60
158,Q0,WSJ880705-0063,916,0.012440999405421786,reciprocal_rank_fusion_k=60
158,Q0,FR89302-0028,917,0.012387716836749846,reciprocal_rank_fusion_k=60
158,Q0,AP880513-0053,918,0.012384091898386696,reciprocal_rank_fusion_k=60
158,Q0,FR88711-0001,919,0.012351676660828538,reciprocal_rank_fusion_k=60
158,Q0,FR88518-0026,920,0.012340377066315,reciprocal_rank_fusion_k=60
158,Q0,AP891017-0229,921,0.012314495401713676,reciprocal_rank_fusion_k=60
158,Q0,WSJ910628-0043,922,0.012281245734121928,reciprocal_rank_fusion_k=60
158,Q0,AP890205-0059,923,0.012278216588014578,reciprocal_rank_fusion_k=60
158,Q0,WSJ880226-0117,924,0.012269774501255108,reciprocal_rank_fusion_k=60
158,Q0,ZF207-555-350,925,0.01225702284086988,reciprocal_rank_fusion_k=60
158,Q0,WSJ880930-0212,926,0.012253733763969982,reciprocal_rank_fusion_k=60
158,Q0,FR89130-0036,927,0.01224702382138481,reciprocal_rank_fusion_k=60
158,Q0,AP890531-0089,928,0.012239577460930937,reciprocal_rank_fusion_k=60
158,Q0,FR89808-0023,929,0.012235029027729043,reciprocal_rank_fusion_k=60
158,Q0,AP891116-0121,930,0.012225689430077145,reciprocal_rank_fusion_k=60
158,Q0,AP880811-0157,931,0.01222453437693544,reciprocal_rank_fusion_k=60
158,Q0,AP881005-0121,932,0.012189586875912687,reciprocal_rank_fusion_k=60
158,Q0,WSJ910715-0099,933,0.012174288482892924,reciprocal_rank_fusion_k=60
158,Q0,AP891109-0236,934,0.012171392519842108,reciprocal_rank_fusion_k=60
158,Q0,AP890323-0117,935,0.012156539093869403,reciprocal_rank_fusion_k=60
158,Q0,WSJ870309-0131,936,0.012133283383283382,reciprocal_rank_fusion_k=60
158,Q0,AP881212-0104,937,0.012116838402341916,reciprocal_rank_fusion_k=60
158,Q0,ZF207-300-563,938,0.012109262238131998,reciprocal_rank_fusion_k=60
158,Q0,WSJ870819-0125,939,0.012097000883970697,reciprocal_rank_fusion_k=60
158,Q0,WSJ920304-0162,940,0.012073989191272939,reciprocal_rank_fusion_k=60
158,Q0,WSJ910627-0089,941,0.012046417893275959,reciprocal_rank_fusion_k=60
158,Q0,AP891118-0037,942,0.012036053939291743,reciprocal_rank_fusion_k=60
158,Q0,AP881031-0105,943,0.01202228203905208,reciprocal_rank_fusion_k=60
158,Q0,WSJ910809-0103,944,0.012004997127748607,reciprocal_rank_fusion_k=60
158,Q0,AP891027-0221,945,0.011989433874937684,reciprocal_rank_fusion_k=60
158,Q0,AP880917-0014,946,0.011981708857516265,reciprocal_rank_fusion_k=60
158,Q0,WSJ880914-0003,947,0.011962943062079564,reciprocal_rank_fusion_k=60
158,Q0,FR89203-0031,948,0.01196153049253777,reciprocal_rank_fusion_k=60
158,Q0,WSJ900516-0155,949,0.01195778877620014,reciprocal_rank_fusion_k=60
158,Q0,FR89720-0022,950,0.011956957732890848,reciprocal_rank_fusion_k=60
158,Q0,WSJ890907-0091,951,0.01195466661137654,reciprocal_rank_fusion_k=60
158,Q0,WSJ911004-0125,952,0.011944248712657672,reciprocal_rank_fusion_k=60
158,Q0,AP890526-0142,953,0.011939787160867034,reciprocal_rank_fusion_k=60
158,Q0,AP890514-0031,954,0.011937943835550321,reciprocal_rank_fusion_k=60
158,Q0,AP880817-0077,955,0.011924493664281097,reciprocal_rank_fusion_k=60
158,Q0,AP891214-0187,956,0.011892821585681177,reciprocal_rank_fusion_k=60
158,Q0,FR89920-0004,957,0.011837037416803716,reciprocal_rank_fusion_k=60
158,Q0,WSJ880706-0006,958,0.011820730854878357,reciprocal_rank_fusion_k=60
158,Q0,AP890606-0161,959,0.011815798640973152,reciprocal_rank_fusion_k=60
158,Q0,WSJ870311-0088,960,0.011809492198455658,reciprocal_rank_fusion_k=60
158,Q0,AP880225-0185,961,0.011807441765791273,reciprocal_rank_fusion_k=60
158,Q0,DOE1-05-0588,962,0.01179809848446849,reciprocal_rank_fusion_k=60
158,Q0,AP890810-0190,963,0.011773178624012212,reciprocal_rank_fusion_k=60
158,Q0,AP891018-0159,964,0.01174775530102085,reciprocal_rank_fusion_k=60
158,Q0,WSJ900907-0143,965,0.01174425142972655,reciprocal_rank_fusion_k=60
158,Q0,WSJ911009-0102,966,0.011718252193912499,reciprocal_rank_fusion_k=60
158,Q0,AP881119-0004,967,0.011713915738063007,reciprocal_rank_fusion_k=60
158,Q0,WSJ870512-0006,968,0.011697988800220297,reciprocal_rank_fusion_k=60
158,Q0,AP890717-0153,969,0.011695129158330732,reciprocal_rank_fusion_k=60
158,Q0,AP890126-0039,970,0.011677899768321204,reciprocal_rank_fusion_k=60
158,Q0,AP890307-0155,971,0.011675490738940373,reciprocal_rank_fusion_k=60
158,Q0,WSJ910725-0090,972,0.011674237082943304,reciprocal_rank_fusion_k=60
158,Q0,WSJ870512-0102,973,0.011651345529345183,reciprocal_rank_fusion_k=60
158,Q0,DOE1-83-1084,974,0.01165126952146442,reciprocal_rank_fusion_k=60
158,Q0,AP891001-0036,975,0.011640200478923207,reciprocal_rank_fusion_k=60
158,Q0,AP880424-0006,976,0.011635242455158302,reciprocal_rank_fusion_k=60
158,Q0,FR88212-0109,977,0.011615744242071239,reciprocal_rank_fusion_k=60
158,Q0,AP880629-0211,978,0.011609444652905117,reciprocal_rank_fusion_k=60
158,Q0,WSJ861222-0105,979,0.011587938808081934,reciprocal_rank_fusion_k=60
158,Q0,AP880930-0018,980,0.011576608786705144,reciprocal_rank_fusion_k=60
158,Q0,WSJ910103-0066,981,0.011570679559256612,reciprocal_rank_fusion_k=60
158,Q0,AP880420-0024,982,0.011569031719374167,reciprocal_rank_fusion_k=60
158,Q0,WSJ890808-0087,983,0.01155947711709961,reciprocal_rank_fusion_k=60
158,Q0,FR89324-0031,984,0.011553672415225173,reciprocal_rank_fusion_k=60
158,Q0,AP890322-0113,985,0.011535453765601568,reciprocal_rank_fusion_k=60
158,Q0,WSJ910729-0128,986,0.011531345882638731,reciprocal_rank_fusion_k=60
158,Q0,WSJ890821-0030,987,0.011526186590108628,reciprocal_rank_fusion_k=60
158,Q0,AP880606-0019,988,0.011525913774786055,reciprocal_rank_fusion_k=60
158,Q0,AP881214-0026,989,0.011510377428042713,reciprocal_rank_fusion_k=60
158,Q0,AP891106-0012,990,0.01146127895957288,reciprocal_rank_fusion_k=60
158,Q0,AP890207-0092,991,0.01145803847803974,reciprocal_rank_fusion_k=60
158,Q0,WSJ890830-0056,992,0.011452125274229646,reciprocal_rank_fusion_k=60
158,Q0,AP890329-0105,993,0.011440223306676439,reciprocal_rank_fusion_k=60
158,Q0,FR881025-0021,994,0.011413493327609945,reciprocal_rank_fusion_k=60
158,Q0,WSJ880505-0110,995,0.011404423594389028,reciprocal_rank_fusion_k=60
158,Q0,FR89104-0015,996,0.011401979551836392,reciprocal_rank_fusion_k=60
158,Q0,WSJ911101-0010,997,0.01140181267072411,reciprocal_rank_fusion_k=60
158,Q0,AP890727-0095,998,0.01139113864394392,reciprocal_rank_fusion_k=60
158,Q0,AP880519-0127,999,0.011390349308682279,reciprocal_rank_fusion_k=60
158,Q0,FR88719-0047,1000,0.011383661565903487,reciprocal_rank_fusion_k=60
161,Q0,AP890211-0104,1,0.24299927058134713,reciprocal_rank_fusion_k=60
161,Q0,DOE2-29-1033,2,0.23593772583148825,reciprocal_rank_fusion_k=60
161,Q0,WSJ871102-0174,3,0.22799833793307167,reciprocal_rank_fusion_k=60
161,Q0,AP890301-0217,4,0.22344168162689357,reciprocal_rank_fusion_k=60
161,Q0,DOE2-80-0897,5,0.22153154102395348,reciprocal_rank_fusion_k=60
161,Q0,DOE2-14-0412,6,0.21291501069493404,reciprocal_rank_fusion_k=60
161,Q0,AP880502-0027,7,0.20529432281045015,reciprocal_rank_fusion_k=60
161,Q0,DOE1-76-0905,8,0.19445615071481245,reciprocal_rank_fusion_k=60
161,Q0,AP890511-0040,9,0.19431230869200963,reciprocal_rank_fusion_k=60
161,Q0,AP890316-0108,10,0.1920211056243519,reciprocal_rank_fusion_k=60
161,Q0,AP880607-0032,11,0.18839695687345343,reciprocal_rank_fusion_k=60
161,Q0,WSJ880729-0030,12,0.18696000567262383,reciprocal_rank_fusion_k=60
161,Q0,AP890913-0047,13,0.17898573819722996,reciprocal_rank_fusion_k=60
161,Q0,WSJ900405-0130,14,0.17836378227509017,reciprocal_rank_fusion_k=60
161,Q0,AP880714-0017,15,0.17634952923923514,reciprocal_rank_fusion_k=60
161,Q0,AP890712-0189,16,0.17055646680222167,reciprocal_rank_fusion_k=60
161,Q0,WSJ870921-0056,17,0.16624054191415052,reciprocal_rank_fusion_k=60
161,Q0,AP890210-0133,18,0.1658818842397946,reciprocal_rank_fusion_k=60
161,Q0,AP890131-0169,19,0.1653643048693313,reciprocal_rank_fusion_k=60
161,Q0,AP890210-0081,20,0.16401187094218683,reciprocal_rank_fusion_k=60
161,Q0,DOE2-53-0984,21,0.16351648535598523,reciprocal_rank_fusion_k=60
161,Q0,DOE1-79-0549,22,0.16290220460960597,reciprocal_rank_fusion_k=60
161,Q0,WSJ870122-0008,23,0.16243415062746008,reciprocal_rank_fusion_k=60
161,Q0,AP880427-0132,24,0.16025867752360376,reciprocal_rank_fusion_k=60
161,Q0,WSJ870323-0077,25,0.15888341033992184,reciprocal_rank_fusion_k=60
161,Q0,DOE1-05-1090,26,0.15864738716933502,reciprocal_rank_fusion_k=60
161,Q0,AP890922-0158,27,0.15855117578320704,reciprocal_rank_fusion_k=60
161,Q0,AP880606-0098,28,0.15595463282973732,reciprocal_rank_fusion_k=60
161,Q0,AP880606-0011,29,0.15580629808405996,reciprocal_rank_fusion_k=60
161,Q0,AP890101-0043,30,0.1554706988550592,reciprocal_rank_fusion_k=60
161,Q0,AP880427-0255,31,0.15424279476192848,reciprocal_rank_fusion_k=60
161,Q0,AP890612-0097,32,0.15360851148911112,reciprocal_rank_fusion_k=60
161,Q0,AP890609-0173,33,0.1525773249949443,reciprocal_rank_fusion_k=60
161,Q0,AP890922-0109,34,0.15130403441488519,reciprocal_rank_fusion_k=60
161,Q0,DOE2-64-0209,35,0.15127796896093135,reciprocal_rank_fusion_k=60
161,Q0,DOE1-46-0346,36,0.150580400797515,reciprocal_rank_fusion_k=60
161,Q0,AP880422-0238,37,0.1485143185979595,reciprocal_rank_fusion_k=60
161,Q0,AP891115-0023,38,0.14587159886641254,reciprocal_rank_fusion_k=60
161,Q0,AP881005-0021,39,0.14566691627880093,reciprocal_rank_fusion_k=60
161,Q0,AP890819-0067,40,0.1436445300231041,reciprocal_rank_fusion_k=60
161,Q0,WSJ870917-0125,41,0.14313446221825157,reciprocal_rank_fusion_k=60
161,Q0,AP890612-0159,42,0.1423422799954353,reciprocal_rank_fusion_k=60
161,Q0,AP890912-0171,43,0.1406894372817213,reciprocal_rank_fusion_k=60
161,Q0,WSJ871023-0094,44,0.14040199103256257,reciprocal_rank_fusion_k=60
161,Q0,DOE2-12-1085,45,0.1401385321106829,reciprocal_rank_fusion_k=60
161,Q0,DOE1-94-0946,46,0.13908331897834142,reciprocal_rank_fusion_k=60
161,Q0,DOE1-71-0291,47,0.1384856532226218,reciprocal_rank_fusion_k=60
161,Q0,WSJ900404-0017,48,0.1377343958021974,reciprocal_rank_fusion_k=60
161,Q0,AP880215-0153,49,0.13761638305239926,reciprocal_rank_fusion_k=60
161,Q0,DOE2-12-1205,50,0.13755807914408577,reciprocal_rank_fusion_k=60
161,Q0,AP890210-0201,51,0.1363696510437065,reciprocal_rank_fusion_k=60
161,Q0,WSJ890825-0003,52,0.1361088179525541,reciprocal_rank_fusion_k=60
161,Q0,AP880516-0211,53,0.13608976965867164,reciprocal_rank_fusion_k=60
161,Q0,DOE1-42-0535,54,0.1357103050286834,reciprocal_rank_fusion_k=60
161,Q0,AP881006-0026,55,0.1353171308970005,reciprocal_rank_fusion_k=60
161,Q0,DOE1-51-0648,56,0.1351061777379704,reciprocal_rank_fusion_k=60
161,Q0,DOE1-44-0878,57,0.13420608332840264,reciprocal_rank_fusion_k=60
161,Q0,AP880428-0021,58,0.13346784983965335,reciprocal_rank_fusion_k=60
161,Q0,WSJ870923-0090,59,0.1334480761222354,reciprocal_rank_fusion_k=60
161,Q0,AP880827-0090,60,0.1327995239285375,reciprocal_rank_fusion_k=60
161,Q0,AP880906-0018,61,0.13254332583838913,reciprocal_rank_fusion_k=60
161,Q0,AP880426-0213,62,0.13211975169142984,reciprocal_rank_fusion_k=60
161,Q0,DOE1-87-1134,63,0.13118618644162416,reciprocal_rank_fusion_k=60
161,Q0,WSJ900406-0127,64,0.1294569656499331,reciprocal_rank_fusion_k=60
161,Q0,AP880426-0153,65,0.12934854285135788,reciprocal_rank_fusion_k=60
161,Q0,AP880407-0194,66,0.1291213129716648,reciprocal_rank_fusion_k=60
161,Q0,DOE2-59-0038,67,0.12812791312249389,reciprocal_rank_fusion_k=60
161,Q0,WSJ880428-0035,68,0.126834658790186,reciprocal_rank_fusion_k=60
161,Q0,AP880505-0011,69,0.12680258112751047,reciprocal_rank_fusion_k=60
161,Q0,AP880429-0192,70,0.1253195737198824,reciprocal_rank_fusion_k=60
161,Q0,AP890307-0227,71,0.12460871787912572,reciprocal_rank_fusion_k=60
161,Q0,AP890908-0036,72,0.1245419843239768,reciprocal_rank_fusion_k=60
161,Q0,AP880630-0119,73,0.12332241317167941,reciprocal_rank_fusion_k=60
161,Q0,DOE1-74-0620,74,0.12251256272232863,reciprocal_rank_fusion_k=60
161,Q0,DOE2-12-1203,75,0.12230630714205752,reciprocal_rank_fusion_k=60
161,Q0,DOE1-50-0958,76,0.12138062062266188,reciprocal_rank_fusion_k=60
161,Q0,AP890613-0024,77,0.1213016155179165,reciprocal_rank_fusion_k=60
161,Q0,DOE2-69-1001,78,0.12097674636706308,reciprocal_rank_fusion_k=60
161,Q0,AP880901-0020,79,0.12027811451986475,reciprocal_rank_fusion_k=60
161,Q0,ZF207-260-346,80,0.11962625256920487,reciprocal_rank_fusion_k=60
161,Q0,AP880710-0051,81,0.11895012865500207,reciprocal_rank_fusion_k=60
161,Q0,WSJ871006-0162,82,0.1182676020813421,reciprocal_rank_fusion_k=60
161,Q0,AP880523-0159,83,0.11797904316539373,reciprocal_rank_fusion_k=60
161,Q0,AP890430-0057,84,0.11652662665702997,reciprocal_rank_fusion_k=60
161,Q0,AP881010-0012,85,0.11574016726221208,reciprocal_rank_fusion_k=60
161,Q0,AP890324-0216,86,0.11514050150673802,reciprocal_rank_fusion_k=60
161,Q0,DOE2-53-0998,87,0.1150955172706157,reciprocal_rank_fusion_k=60
161,Q0,WSJ891102-0045,88,0.11435334176299368,reciprocal_rank_fusion_k=60
161,Q0,AP880919-0020,89,0.11376569383655044,reciprocal_rank_fusion_k=60
161,Q0,DOE1-52-0514,90,0.11373999101991933,reciprocal_rank_fusion_k=60
161,Q0,WSJ870828-0098,91,0.11239973504686043,reciprocal_rank_fusion_k=60
161,Q0,WSJ870407-0080,92,0.1122870639255343,reciprocal_rank_fusion_k=60
161,Q0,DOE1-93-0664,93,0.11150804847657649,reciprocal_rank_fusion_k=60
161,Q0,DOE2-53-1080,94,0.11110713115828884,reciprocal_rank_fusion_k=60
161,Q0,WSJ890815-0143,95,0.10991347193602419,reciprocal_rank_fusion_k=60
161,Q0,WSJ911030-0105,96,0.10955159202687617,reciprocal_rank_fusion_k=60
161,Q0,WSJ870203-0097,97,0.10930878908591928,reciprocal_rank_fusion_k=60
161,Q0,AP890421-0191,98,0.1080063028782424,reciprocal_rank_fusion_k=60
161,Q0,AP881102-0020,99,0.10776875013859308,reciprocal_rank_fusion_k=60
161,Q0,DOE1-27-0817,100,0.10656409966242425,reciprocal_rank_fusion_k=60
161,Q0,AP880825-0039,101,0.10636112366642386,reciprocal_rank_fusion_k=60
161,Q0,DOE1-57-0469,102,0.10508002238152728,reciprocal_rank_fusion_k=60
161,Q0,AP890725-0029,103,0.10506561592426648,reciprocal_rank_fusion_k=60
161,Q0,DOE2-07-0962,104,0.10419836701569585,reciprocal_rank_fusion_k=60
161,Q0,DOE1-05-1100,105,0.10396025029608207,reciprocal_rank_fusion_k=60
161,Q0,DOE1-41-0512,106,0.10375192774142859,reciprocal_rank_fusion_k=60
161,Q0,DOE2-54-0553,107,0.1036130211958361,reciprocal_rank_fusion_k=60
161,Q0,AP880427-0139,108,0.10210656664457067,reciprocal_rank_fusion_k=60
161,Q0,WSJ900709-0065,109,0.10185764758613455,reciprocal_rank_fusion_k=60
161,Q0,AP890831-0031,110,0.1014836665259867,reciprocal_rank_fusion_k=60
161,Q0,DOE2-71-0494,111,0.10072508166495552,reciprocal_rank_fusion_k=60
161,Q0,AP890712-0156,112,0.099958775587547,reciprocal_rank_fusion_k=60
161,Q0,DOE2-15-0456,113,0.099836108909577,reciprocal_rank_fusion_k=60
161,Q0,WSJ870318-0021,114,0.0996115642188305,reciprocal_rank_fusion_k=60
161,Q0,AP881005-0245,115,0.0995597045712831,reciprocal_rank_fusion_k=60
161,Q0,AP880518-0165,116,0.09898305990025884,reciprocal_rank_fusion_k=60
161,Q0,DOE1-77-0463,117,0.09848901347705026,reciprocal_rank_fusion_k=60
161,Q0,WSJ910607-0089,118,0.09821972833982891,reciprocal_rank_fusion_k=60
161,Q0,DOE1-52-0202,119,0.09800203954607047,reciprocal_rank_fusion_k=60
161,Q0,DOE1-20-0913,120,0.09755633399288367,reciprocal_rank_fusion_k=60
161,Q0,AP890609-0200,121,0.09718699944796946,reciprocal_rank_fusion_k=60
161,Q0,AP880606-0001,122,0.09708165581232656,reciprocal_rank_fusion_k=60
161,Q0,DOE1-51-0231,123,0.09702206436157171,reciprocal_rank_fusion_k=60
161,Q0,DOE2-55-0936,124,0.09666631340475784,reciprocal_rank_fusion_k=60
161,Q0,DOE1-63-0026,125,0.0962412457021686,reciprocal_rank_fusion_k=60
161,Q0,AP890923-0030,126,0.09620915733401941,reciprocal_rank_fusion_k=60
161,Q0,WSJ870917-0050,127,0.09581184837473417,reciprocal_rank_fusion_k=60
161,Q0,AP881005-0280,128,0.09548881994052069,reciprocal_rank_fusion_k=60
161,Q0,AP880425-0161,129,0.09457407391387175,reciprocal_rank_fusion_k=60
161,Q0,AP890206-0027,130,0.09430021390693824,reciprocal_rank_fusion_k=60
161,Q0,WSJ870908-0131,131,0.09378240775062337,reciprocal_rank_fusion_k=60
161,Q0,AP890721-0178,132,0.09372444540709186,reciprocal_rank_fusion_k=60
161,Q0,AP880427-0212,133,0.09362176012912932,reciprocal_rank_fusion_k=60
161,Q0,AP880908-0188,134,0.09344300400911325,reciprocal_rank_fusion_k=60
161,Q0,AP880823-0216,135,0.09274006882699348,reciprocal_rank_fusion_k=60
161,Q0,AP890802-0173,136,0.09236685100536314,reciprocal_rank_fusion_k=60
161,Q0,DOE2-30-0113,137,0.09121803309017362,reciprocal_rank_fusion_k=60
161,Q0,AP880831-0132,138,0.09118432833367486,reciprocal_rank_fusion_k=60
161,Q0,WSJ871016-0010,139,0.09028135014343791,reciprocal_rank_fusion_k=60
161,Q0,AP890612-0153,140,0.09007530299092448,reciprocal_rank_fusion_k=60
161,Q0,WSJ870121-0023,141,0.09002208042196075,reciprocal_rank_fusion_k=60
161,Q0,WSJ880714-0048,142,0.0886998042401402,reciprocal_rank_fusion_k=60
161,Q0,AP890207-0153,143,0.08868922187988296,reciprocal_rank_fusion_k=60
161,Q0,WSJ870403-0124,144,0.08773194504283027,reciprocal_rank_fusion_k=60
161,Q0,AP890209-0266,145,0.08703402297125863,reciprocal_rank_fusion_k=60
161,Q0,AP880516-0193,146,0.08663584938434042,reciprocal_rank_fusion_k=60
161,Q0,DOE2-80-0988,147,0.08601015993793225,reciprocal_rank_fusion_k=60
161,Q0,AP890611-0014,148,0.08545138696401491,reciprocal_rank_fusion_k=60
161,Q0,WSJ870326-0077,149,0.08487878280360477,reciprocal_rank_fusion_k=60
161,Q0,DOE1-61-1085,150,0.08370362322201412,reciprocal_rank_fusion_k=60
161,Q0,DOE1-41-0514,151,0.08349074869859777,reciprocal_rank_fusion_k=60
161,Q0,AP890405-0093,152,0.08328550151797649,reciprocal_rank_fusion_k=60
161,Q0,AP881011-0221,153,0.08281037850229875,reciprocal_rank_fusion_k=60
161,Q0,AP880831-0091,154,0.08276281176606941,reciprocal_rank_fusion_k=60
161,Q0,WSJ910322-0015,155,0.0818800462397024,reciprocal_rank_fusion_k=60
161,Q0,WSJ890919-0139,156,0.08171996615217407,reciprocal_rank_fusion_k=60
161,Q0,AP891012-0010,157,0.0814257717954869,reciprocal_rank_fusion_k=60
161,Q0,WSJ881005-0036,158,0.08112413203858018,reciprocal_rank_fusion_k=60
161,Q0,WSJ880808-0054,159,0.0807102143783995,reciprocal_rank_fusion_k=60
161,Q0,DOE1-51-0652,160,0.08062470693122872,reciprocal_rank_fusion_k=60
161,Q0,AP880722-0209,161,0.0805054531182451,reciprocal_rank_fusion_k=60
161,Q0,WSJ880329-0066,162,0.08048978952642095,reciprocal_rank_fusion_k=60
161,Q0,DOE1-26-0794,163,0.08044251365257235,reciprocal_rank_fusion_k=60
161,Q0,AP890609-0076,164,0.08035142010951715,reciprocal_rank_fusion_k=60
161,Q0,AP881121-0147,165,0.07927076125986476,reciprocal_rank_fusion_k=60
161,Q0,DOE1-10-0846,166,0.0788227675938216,reciprocal_rank_fusion_k=60
161,Q0,AP880220-0140,167,0.07864247123593926,reciprocal_rank_fusion_k=60
161,Q0,AP890911-0030,168,0.07814795893271126,reciprocal_rank_fusion_k=60
161,Q0,WSJ900525-0152,169,0.07773172294421017,reciprocal_rank_fusion_k=60
161,Q0,WSJ870108-0074,170,0.07747507983208225,reciprocal_rank_fusion_k=60
161,Q0,WSJ900524-0015,171,0.0774131149950975,reciprocal_rank_fusion_k=60
161,Q0,WSJ900525-0079,172,0.07707059109468731,reciprocal_rank_fusion_k=60
161,Q0,AP880829-0094,173,0.07675923196066835,reciprocal_rank_fusion_k=60
161,Q0,DOE2-56-0127,174,0.07593483289627181,reciprocal_rank_fusion_k=60
161,Q0,WSJ870319-0075,175,0.07589637898838679,reciprocal_rank_fusion_k=60
161,Q0,AP890427-0220,176,0.07526776547280448,reciprocal_rank_fusion_k=60
161,Q0,AP891003-0015,177,0.07498735072623211,reciprocal_rank_fusion_k=60
161,Q0,DOE1-82-0956,178,0.07476760349103513,reciprocal_rank_fusion_k=60
161,Q0,AP890914-0166,179,0.0747039672644206,reciprocal_rank_fusion_k=60
161,Q0,DOE2-71-0495,180,0.07431802848985336,reciprocal_rank_fusion_k=60
161,Q0,DOE1-38-0027,181,0.07411698092851049,reciprocal_rank_fusion_k=60
161,Q0,AP881101-0147,182,0.0739928821964023,reciprocal_rank_fusion_k=60
161,Q0,AP880310-0020,183,0.0736623394127478,reciprocal_rank_fusion_k=60
161,Q0,AP890715-0108,184,0.0730694793299609,reciprocal_rank_fusion_k=60
161,Q0,DOE2-61-0306,185,0.07234303245258213,reciprocal_rank_fusion_k=60
161,Q0,WSJ900508-0107,186,0.07231424887309744,reciprocal_rank_fusion_k=60
161,Q0,DOE1-08-1021,187,0.07214074165455538,reciprocal_rank_fusion_k=60
161,Q0,AP881223-0160,188,0.07187529097608569,reciprocal_rank_fusion_k=60
161,Q0,DOE1-23-0766,189,0.07105391147914744,reciprocal_rank_fusion_k=60
161,Q0,AP880524-0066,190,0.07097840792167026,reciprocal_rank_fusion_k=60
161,Q0,DOE1-83-0563,191,0.0703498547045351,reciprocal_rank_fusion_k=60
161,Q0,DOE1-26-0797,192,0.07013633323621334,reciprocal_rank_fusion_k=60
161,Q0,AP890907-0156,193,0.06989719764526253,reciprocal_rank_fusion_k=60
161,Q0,DOE2-03-0012,194,0.06966964624162027,reciprocal_rank_fusion_k=60
161,Q0,DOE2-15-0979,195,0.06944324414087218,reciprocal_rank_fusion_k=60
161,Q0,DOE1-62-0989,196,0.06940889503197933,reciprocal_rank_fusion_k=60
161,Q0,AP890706-0221,197,0.0692866346627107,reciprocal_rank_fusion_k=60
161,Q0,DOE2-31-0213,198,0.06893977029165788,reciprocal_rank_fusion_k=60
161,Q0,AP880330-0162,199,0.06887955086896971,reciprocal_rank_fusion_k=60
161,Q0,AP880427-0006,200,0.06848159300702802,reciprocal_rank_fusion_k=60
161,Q0,DOE1-78-1151,201,0.06845909514491108,reciprocal_rank_fusion_k=60
161,Q0,AP890613-0023,202,0.06781608433786342,reciprocal_rank_fusion_k=60
161,Q0,FR881017-0020,203,0.06769891158241248,reciprocal_rank_fusion_k=60
161,Q0,DOE2-59-0549,204,0.0675404472866361,reciprocal_rank_fusion_k=60
161,Q0,AP880801-0158,205,0.06698017916847718,reciprocal_rank_fusion_k=60
161,Q0,ZF108-831-558,206,0.06688601220122865,reciprocal_rank_fusion_k=60
161,Q0,DOE1-25-0167,207,0.0664982350346027,reciprocal_rank_fusion_k=60
161,Q0,DOE2-22-0770,208,0.06640258065158695,reciprocal_rank_fusion_k=60
161,Q0,AP890613-0089,209,0.06629077186098084,reciprocal_rank_fusion_k=60
161,Q0,WSJ890831-0077,210,0.06600681477985973,reciprocal_rank_fusion_k=60
161,Q0,DOE1-83-0436,211,0.06590667709139378,reciprocal_rank_fusion_k=60
161,Q0,DOE2-22-0579,212,0.0651481239987921,reciprocal_rank_fusion_k=60
161,Q0,AP890612-0091,213,0.0649963044155769,reciprocal_rank_fusion_k=60
161,Q0,AP880425-0111,214,0.06413357948957066,reciprocal_rank_fusion_k=60
161,Q0,AP880616-0086,215,0.06378331398344143,reciprocal_rank_fusion_k=60
161,Q0,DOE2-41-0694,216,0.06370094101935841,reciprocal_rank_fusion_k=60
161,Q0,AP890210-0057,217,0.06340133104989779,reciprocal_rank_fusion_k=60
161,Q0,AP880627-0092,218,0.06312866400931713,reciprocal_rank_fusion_k=60
161,Q0,WSJ880112-0081,219,0.06311288190943148,reciprocal_rank_fusion_k=60
161,Q0,WSJ870727-0077,220,0.06278758862361478,reciprocal_rank_fusion_k=60
161,Q0,AP880515-0032,221,0.06276348833745253,reciprocal_rank_fusion_k=60
161,Q0,AP881031-0127,222,0.0626879552377315,reciprocal_rank_fusion_k=60
161,Q0,DOE2-46-0721,223,0.06237965911580862,reciprocal_rank_fusion_k=60
161,Q0,AP890722-0011,224,0.06199558960825246,reciprocal_rank_fusion_k=60
161,Q0,DOE1-43-0669,225,0.06172494267453016,reciprocal_rank_fusion_k=60
161,Q0,AP890131-0116,226,0.061461595400907156,reciprocal_rank_fusion_k=60
161,Q0,DOE2-61-0548,227,0.061363400608083776,reciprocal_rank_fusion_k=60
161,Q0,AP880710-0063,228,0.06109281782051014,reciprocal_rank_fusion_k=60
161,Q0,DOE2-69-1099,229,0.060758435431940545,reciprocal_rank_fusion_k=60
161,Q0,DOE2-56-0646,230,0.060195984088326354,reciprocal_rank_fusion_k=60
161,Q0,DOE1-65-0331,231,0.0600474390751285,reciprocal_rank_fusion_k=60
161,Q0,AP890803-0089,232,0.06002681932492887,reciprocal_rank_fusion_k=60
161,Q0,DOE1-04-1329,233,0.05979598587383696,reciprocal_rank_fusion_k=60
161,Q0,DOE1-62-0830,234,0.05976506347535735,reciprocal_rank_fusion_k=60
161,Q0,AP890103-0036,235,0.05927229837368207,reciprocal_rank_fusion_k=60
161,Q0,AP890608-0152,236,0.059155222609412465,reciprocal_rank_fusion_k=60
161,Q0,WSJ880727-0030,237,0.059071147355910986,reciprocal_rank_fusion_k=60
161,Q0,AP880425-0021,238,0.05880173531616353,reciprocal_rank_fusion_k=60
161,Q0,DOE1-86-0149,239,0.05871556706779092,reciprocal_rank_fusion_k=60
161,Q0,AP880831-0190,240,0.05861824369365346,reciprocal_rank_fusion_k=60
161,Q0,AP890612-0084,241,0.058483820509699094,reciprocal_rank_fusion_k=60
161,Q0,AP890801-0124,242,0.05847185136842947,reciprocal_rank_fusion_k=60
161,Q0,AP890721-0114,243,0.058447496749334686,reciprocal_rank_fusion_k=60
161,Q0,DOE1-01-0142,244,0.05843487440034016,reciprocal_rank_fusion_k=60
161,Q0,AP890915-0090,245,0.05826741875005303,reciprocal_rank_fusion_k=60
161,Q0,AP890913-0151,246,0.05808581513639974,reciprocal_rank_fusion_k=60
161,Q0,WSJ910510-0018,247,0.05770598813120411,reciprocal_rank_fusion_k=60
161,Q0,AP881014-0221,248,0.05763046781974715,reciprocal_rank_fusion_k=60
161,Q0,AP880902-0027,249,0.0575493172876408,reciprocal_rank_fusion_k=60
161,Q0,DOE1-72-0839,250,0.05600697390061798,reciprocal_rank_fusion_k=60
161,Q0,WSJ881025-0176,251,0.055989765839866534,reciprocal_rank_fusion_k=60
161,Q0,DOE1-33-0941,252,0.05589581598093684,reciprocal_rank_fusion_k=60
161,Q0,WSJ911011-0119,253,0.055442225194802505,reciprocal_rank_fusion_k=60
161,Q0,WSJ911213-0008,254,0.05510528331518901,reciprocal_rank_fusion_k=60
161,Q0,AP890512-0201,255,0.05508651138388692,reciprocal_rank_fusion_k=60
161,Q0,WSJ900827-0069,256,0.05495931481586821,reciprocal_rank_fusion_k=60
161,Q0,DOE1-95-0862,257,0.054710016102159205,reciprocal_rank_fusion_k=60
161,Q0,DOE1-79-0644,258,0.05451121149982628,reciprocal_rank_fusion_k=60
161,Q0,WSJ890928-0096,259,0.054330450470846836,reciprocal_rank_fusion_k=60
161,Q0,AP891010-0152,260,0.054216569383762694,reciprocal_rank_fusion_k=60
161,Q0,AP891101-0092,261,0.0541967108405704,reciprocal_rank_fusion_k=60
161,Q0,AP890802-0037,262,0.05375528774973355,reciprocal_rank_fusion_k=60
161,Q0,AP881102-0256,263,0.05366020938833244,reciprocal_rank_fusion_k=60
161,Q0,DOE1-79-0724,264,0.05317456475401685,reciprocal_rank_fusion_k=60
161,Q0,WSJ880415-0102,265,0.05306955157367788,reciprocal_rank_fusion_k=60
161,Q0,WSJ910308-0115,266,0.0526542670970494,reciprocal_rank_fusion_k=60
161,Q0,DOE1-71-0309,267,0.0525292370073697,reciprocal_rank_fusion_k=60
161,Q0,AP890610-0125,268,0.05165068367786997,reciprocal_rank_fusion_k=60
161,Q0,AP880215-0074,269,0.051265431407075984,reciprocal_rank_fusion_k=60
161,Q0,AP880428-0190,270,0.051202579806809326,reciprocal_rank_fusion_k=60
161,Q0,AP890711-0219,271,0.05101573247835897,reciprocal_rank_fusion_k=60
161,Q0,AP890308-0090,272,0.05064192985189953,reciprocal_rank_fusion_k=60
161,Q0,DOE2-41-0119,273,0.050576448145044355,reciprocal_rank_fusion_k=60
161,Q0,DOE2-69-0312,274,0.05056429278077733,reciprocal_rank_fusion_k=60
161,Q0,AP880912-0126,275,0.050550792213883484,reciprocal_rank_fusion_k=60
161,Q0,DOE1-75-0502,276,0.050385663133914356,reciprocal_rank_fusion_k=60
161,Q0,AP890927-0022,277,0.049614325186313576,reciprocal_rank_fusion_k=60
161,Q0,DOE2-16-0619,278,0.049565444444986735,reciprocal_rank_fusion_k=60
161,Q0,WSJ900522-0084,279,0.049518448938300735,reciprocal_rank_fusion_k=60
161,Q0,AP890830-0097,280,0.04939579574562784,reciprocal_rank_fusion_k=60
161,Q0,WSJ900730-0104,281,0.04935199947921897,reciprocal_rank_fusion_k=60
161,Q0,DOE2-19-0948,282,0.04927366012047394,reciprocal_rank_fusion_k=60
161,Q0,DOE2-59-0274,283,0.04922591008488906,reciprocal_rank_fusion_k=60
161,Q0,DOE1-67-0491,284,0.04897154754873642,reciprocal_rank_fusion_k=60
161,Q0,AP880908-0026,285,0.04895696397056987,reciprocal_rank_fusion_k=60
161,Q0,DOE1-03-0468,286,0.04876468822437663,reciprocal_rank_fusion_k=60
161,Q0,DOE2-53-1002,287,0.04872161924686277,reciprocal_rank_fusion_k=60
161,Q0,DOE1-78-0914,288,0.04823312705131805,reciprocal_rank_fusion_k=60
161,Q0,DOE2-04-0457,289,0.04807656851457433,reciprocal_rank_fusion_k=60
161,Q0,DOE2-32-0955,290,0.04792775506430198,reciprocal_rank_fusion_k=60
161,Q0,AP880317-0024,291,0.04786620225655844,reciprocal_rank_fusion_k=60
161,Q0,AP880527-0036,292,0.04761722440416978,reciprocal_rank_fusion_k=60
161,Q0,AP890618-0082,293,0.047549053267695526,reciprocal_rank_fusion_k=60
161,Q0,DOE2-44-0143,294,0.04753293859074492,reciprocal_rank_fusion_k=60
161,Q0,AP890920-0034,295,0.047429264589850154,reciprocal_rank_fusion_k=60
161,Q0,AP880414-0086,296,0.04742901950145073,reciprocal_rank_fusion_k=60
161,Q0,DOE1-10-1323,297,0.04737702503139863,reciprocal_rank_fusion_k=60
161,Q0,DOE1-03-0027,298,0.04731165068058698,reciprocal_rank_fusion_k=60
161,Q0,DOE1-13-0348,299,0.0470694424448763,reciprocal_rank_fusion_k=60
161,Q0,DOE1-05-0253,300,0.04702724485185947,reciprocal_rank_fusion_k=60
161,Q0,AP890919-0184,301,0.046951382798104645,reciprocal_rank_fusion_k=60
161,Q0,DOE2-41-1003,302,0.046627356045832236,reciprocal_rank_fusion_k=60
161,Q0,AP890926-0198,303,0.04655039416995016,reciprocal_rank_fusion_k=60
161,Q0,WSJ890817-0035,304,0.04649001864901669,reciprocal_rank_fusion_k=60
161,Q0,AP880918-0047,305,0.04646203263241257,reciprocal_rank_fusion_k=60
161,Q0,DOE2-63-0552,306,0.046461832359540274,reciprocal_rank_fusion_k=60
161,Q0,WSJ861217-0136,307,0.04640568013756768,reciprocal_rank_fusion_k=60
161,Q0,DOE2-54-1210,308,0.04639124322295964,reciprocal_rank_fusion_k=60
161,Q0,WSJ900420-0070,309,0.04629153326607282,reciprocal_rank_fusion_k=60
161,Q0,AP880831-0157,310,0.04621019170141938,reciprocal_rank_fusion_k=60
161,Q0,WSJ910521-0057,311,0.04615289422213393,reciprocal_rank_fusion_k=60
161,Q0,FR88516-0128,312,0.04605258770480043,reciprocal_rank_fusion_k=60
161,Q0,DOE1-26-0750,313,0.045813564383585,reciprocal_rank_fusion_k=60
161,Q0,WSJ881101-0126,314,0.04568370286438741,reciprocal_rank_fusion_k=60
161,Q0,AP890620-0075,315,0.04567274020471548,reciprocal_rank_fusion_k=60
161,Q0,WSJ900404-0153,316,0.04554469113987004,reciprocal_rank_fusion_k=60
161,Q0,AP881130-0078,317,0.045367456484283634,reciprocal_rank_fusion_k=60
161,Q0,DOE2-78-0544,318,0.04528454335434334,reciprocal_rank_fusion_k=60
161,Q0,DOE2-29-0902,319,0.04500189061221612,reciprocal_rank_fusion_k=60
161,Q0,AP890718-0225,320,0.044947099891077244,reciprocal_rank_fusion_k=60
161,Q0,DOE1-44-1064,321,0.04481080413711819,reciprocal_rank_fusion_k=60
161,Q0,DOE2-11-0599,322,0.044513242598491196,reciprocal_rank_fusion_k=60
161,Q0,WSJ870410-0138,323,0.04444014639801819,reciprocal_rank_fusion_k=60
161,Q0,AP890701-0065,324,0.04423073317741172,reciprocal_rank_fusion_k=60
161,Q0,AP890329-0108,325,0.0441604880669909,reciprocal_rank_fusion_k=60
161,Q0,WSJ900411-0065,326,0.044106583595817844,reciprocal_rank_fusion_k=60
161,Q0,DOE2-36-1126,327,0.04387363236335884,reciprocal_rank_fusion_k=60
161,Q0,DOE2-22-0914,328,0.043794706756791923,reciprocal_rank_fusion_k=60
161,Q0,AP890505-0076,329,0.043299754242069596,reciprocal_rank_fusion_k=60
161,Q0,WSJ900409-0102,330,0.043032556951702196,reciprocal_rank_fusion_k=60
161,Q0,WSJ911206-0017,331,0.0429959337275673,reciprocal_rank_fusion_k=60
161,Q0,AP890607-0109,332,0.04275339561346187,reciprocal_rank_fusion_k=60
161,Q0,WSJ880628-0063,333,0.042450189731403076,reciprocal_rank_fusion_k=60
161,Q0,DOE2-41-0689,334,0.042422472372502275,reciprocal_rank_fusion_k=60
161,Q0,WSJ920305-0146,335,0.04230441728718574,reciprocal_rank_fusion_k=60
161,Q0,DOE2-16-0621,336,0.04203946842975848,reciprocal_rank_fusion_k=60
161,Q0,AP890814-0252,337,0.04203927359446783,reciprocal_rank_fusion_k=60
161,Q0,DOE2-42-1125,338,0.041937076164724744,reciprocal_rank_fusion_k=60
161,Q0,WSJ910329-0037,339,0.04184065845665859,reciprocal_rank_fusion_k=60
161,Q0,AP880309-0222,340,0.04172101713436086,reciprocal_rank_fusion_k=60
161,Q0,DOE2-73-0779,341,0.04162162624270013,reciprocal_rank_fusion_k=60
161,Q0,AP880318-0033,342,0.04155994047214943,reciprocal_rank_fusion_k=60
161,Q0,DOE1-69-0043,343,0.04153800045892537,reciprocal_rank_fusion_k=60
161,Q0,WSJ881007-0004,344,0.041377485750656987,reciprocal_rank_fusion_k=60
161,Q0,DOE2-32-1153,345,0.04137436569355104,reciprocal_rank_fusion_k=60
161,Q0,DOE1-94-0951,346,0.0413665745529513,reciprocal_rank_fusion_k=60
161,Q0,DOE1-61-1037,347,0.04116236522992684,reciprocal_rank_fusion_k=60
161,Q0,DOE1-83-0944,348,0.04115823557266388,reciprocal_rank_fusion_k=60
161,Q0,AP880712-0190,349,0.041069069354154754,reciprocal_rank_fusion_k=60
161,Q0,DOE2-69-0027,350,0.04105357567680238,reciprocal_rank_fusion_k=60
161,Q0,AP891207-0200,351,0.04102263311380699,reciprocal_rank_fusion_k=60
161,Q0,DOE2-15-1038,352,0.04098721929656988,reciprocal_rank_fusion_k=60
161,Q0,DOE2-54-0670,353,0.040932445191884485,reciprocal_rank_fusion_k=60
161,Q0,DOE1-68-0808,354,0.04092348063118437,reciprocal_rank_fusion_k=60
161,Q0,AP890301-0036,355,0.04053714325443206,reciprocal_rank_fusion_k=60
161,Q0,WSJ870324-0026,356,0.040461787574426616,reciprocal_rank_fusion_k=60
161,Q0,DOE2-71-0712,357,0.0404205027831066,reciprocal_rank_fusion_k=60
161,Q0,AP890118-0235,358,0.04037260793488826,reciprocal_rank_fusion_k=60
161,Q0,WSJ910606-0115,359,0.04031585280044424,reciprocal_rank_fusion_k=60
161,Q0,AP881203-0052,360,0.04030969218803227,reciprocal_rank_fusion_k=60
161,Q0,DOE1-51-0241,361,0.040298128167444075,reciprocal_rank_fusion_k=60
161,Q0,AP880728-0154,362,0.04025688716671176,reciprocal_rank_fusion_k=60
161,Q0,DOE2-32-0719,363,0.0402544704809989,reciprocal_rank_fusion_k=60
161,Q0,DOE1-20-0168,364,0.04012924921239923,reciprocal_rank_fusion_k=60
161,Q0,WSJ871119-0096,365,0.03994769561660727,reciprocal_rank_fusion_k=60
161,Q0,DOE1-53-0584,366,0.03990563148823148,reciprocal_rank_fusion_k=60
161,Q0,WSJ891009-0173,367,0.03981616372679658,reciprocal_rank_fusion_k=60
161,Q0,AP890608-0090,368,0.039754388488371636,reciprocal_rank_fusion_k=60
161,Q0,DOE1-64-0936,369,0.039648663660556735,reciprocal_rank_fusion_k=60
161,Q0,DOE1-41-0511,370,0.03931330995044943,reciprocal_rank_fusion_k=60
161,Q0,DOE1-68-0650,371,0.03930966967133794,reciprocal_rank_fusion_k=60
161,Q0,WSJ870212-0119,372,0.03925545953762672,reciprocal_rank_fusion_k=60
161,Q0,WSJ920302-0178,373,0.03907587675672504,reciprocal_rank_fusion_k=60
161,Q0,DOE1-04-1241,374,0.03887861326919091,reciprocal_rank_fusion_k=60
161,Q0,DOE2-45-0619,375,0.03871260555483605,reciprocal_rank_fusion_k=60
161,Q0,AP880719-0006,376,0.03860745523646819,reciprocal_rank_fusion_k=60
161,Q0,AP890502-0155,377,0.03842869886325757,reciprocal_rank_fusion_k=60
161,Q0,ZF207-511-824,378,0.03831655680213629,reciprocal_rank_fusion_k=60
161,Q0,AP890301-0098,379,0.0382923702492622,reciprocal_rank_fusion_k=60
161,Q0,DOE1-91-0965,380,0.038030091903753234,reciprocal_rank_fusion_k=60
161,Q0,WSJ890815-0112,381,0.037941962099223424,reciprocal_rank_fusion_k=60
161,Q0,AP891221-0226,382,0.037761788218974024,reciprocal_rank_fusion_k=60
161,Q0,DOE1-74-0631,383,0.037643689684965405,reciprocal_rank_fusion_k=60
161,Q0,DOE2-31-0233,384,0.037604078816619604,reciprocal_rank_fusion_k=60
161,Q0,AP890211-0023,385,0.03760133454112316,reciprocal_rank_fusion_k=60
161,Q0,AP891122-0144,386,0.03758141289768545,reciprocal_rank_fusion_k=60
161,Q0,AP890504-0164,387,0.037569666375005924,reciprocal_rank_fusion_k=60
161,Q0,DOE2-01-0845,388,0.037435230983579364,reciprocal_rank_fusion_k=60
161,Q0,FR88107-0009,389,0.0373054594613934,reciprocal_rank_fusion_k=60
161,Q0,AP890716-0013,390,0.03718546677860729,reciprocal_rank_fusion_k=60
161,Q0,DOE2-46-0761,391,0.037043072792569534,reciprocal_rank_fusion_k=60
161,Q0,DOE1-83-0705,392,0.03688185172467361,reciprocal_rank_fusion_k=60
161,Q0,AP880901-0099,393,0.036782587936216686,reciprocal_rank_fusion_k=60
161,Q0,WSJ911230-0030,394,0.03673770755578155,reciprocal_rank_fusion_k=60
161,Q0,WSJ880714-0066,395,0.036688033859523364,reciprocal_rank_fusion_k=60
161,Q0,AP890620-0190,396,0.036654725852717306,reciprocal_rank_fusion_k=60
161,Q0,AP890803-0326,397,0.036653288969384704,reciprocal_rank_fusion_k=60
161,Q0,AP890717-0075,398,0.03658342715224782,reciprocal_rank_fusion_k=60
161,Q0,AP890214-0003,399,0.036451833982772554,reciprocal_rank_fusion_k=60
161,Q0,DOE2-70-0634,400,0.036271972579339194,reciprocal_rank_fusion_k=60
161,Q0,DOE1-35-0261,401,0.036240882431948195,reciprocal_rank_fusion_k=60
161,Q0,AP880630-0025,402,0.03616359231825739,reciprocal_rank_fusion_k=60
161,Q0,AP891011-0177,403,0.036136934844276575,reciprocal_rank_fusion_k=60
161,Q0,DOE1-01-0085,404,0.03612541314098914,reciprocal_rank_fusion_k=60
161,Q0,AP890210-0021,405,0.03590662941722666,reciprocal_rank_fusion_k=60
161,Q0,DOE2-07-0971,406,0.035748468655488856,reciprocal_rank_fusion_k=60
161,Q0,AP880621-0009,407,0.035648022522340665,reciprocal_rank_fusion_k=60
161,Q0,DOE2-19-1275,408,0.035618626385849006,reciprocal_rank_fusion_k=60
161,Q0,DOE2-81-0568,409,0.035573365193194595,reciprocal_rank_fusion_k=60
161,Q0,DOE2-30-0920,410,0.035431091432015546,reciprocal_rank_fusion_k=60
161,Q0,DOE2-07-0597,411,0.03522930794810196,reciprocal_rank_fusion_k=60
161,Q0,DOE1-55-0915,412,0.0351652798128016,reciprocal_rank_fusion_k=60
161,Q0,AP890711-0039,413,0.03507438569404885,reciprocal_rank_fusion_k=60
161,Q0,AP880622-0022,414,0.03489911123454109,reciprocal_rank_fusion_k=60
161,Q0,DOE2-35-0270,415,0.03476982786174568,reciprocal_rank_fusion_k=60
161,Q0,AP881031-0027,416,0.03466046470923777,reciprocal_rank_fusion_k=60
161,Q0,AP890209-0184,417,0.03461603875154755,reciprocal_rank_fusion_k=60
161,Q0,AP880928-0109,418,0.03448906051903324,reciprocal_rank_fusion_k=60
161,Q0,DOE1-93-0368,419,0.03446908318201838,reciprocal_rank_fusion_k=60
161,Q0,AP890915-0124,420,0.03443515732380296,reciprocal_rank_fusion_k=60
161,Q0,WSJ910808-0081,421,0.03434470073507893,reciprocal_rank_fusion_k=60
161,Q0,AP880723-0033,422,0.03429379138586544,reciprocal_rank_fusion_k=60
161,Q0,DOE2-77-0053,423,0.034217199118906035,reciprocal_rank_fusion_k=60
161,Q0,AP890407-0241,424,0.034117802197336726,reciprocal_rank_fusion_k=60
161,Q0,AP890505-0125,425,0.034013537838682745,reciprocal_rank_fusion_k=60
161,Q0,DOE1-41-0468,426,0.033983946174157335,reciprocal_rank_fusion_k=60
161,Q0,WSJ910314-0030,427,0.033838339022492274,reciprocal_rank_fusion_k=60
161,Q0,DOE1-48-1269,428,0.03380656488233912,reciprocal_rank_fusion_k=60
161,Q0,AP890412-0008,429,0.033732633084930685,reciprocal_rank_fusion_k=60
161,Q0,DOE2-69-1197,430,0.033655828005419566,reciprocal_rank_fusion_k=60
161,Q0,WSJ881004-0081,431,0.03355020494772412,reciprocal_rank_fusion_k=60
161,Q0,DOE2-69-0298,432,0.03349859864888905,reciprocal_rank_fusion_k=60
161,Q0,DOE2-41-0692,433,0.03347617634815511,reciprocal_rank_fusion_k=60
161,Q0,DOE2-67-0146,434,0.03341577427717019,reciprocal_rank_fusion_k=60
161,Q0,DOE2-15-0989,435,0.033237159994341785,reciprocal_rank_fusion_k=60
161,Q0,DOE2-31-0121,436,0.033153395442962495,reciprocal_rank_fusion_k=60
161,Q0,WSJ900517-0103,437,0.033033388805001736,reciprocal_rank_fusion_k=60
161,Q0,WSJ861217-0014,438,0.03294872289805589,reciprocal_rank_fusion_k=60
161,Q0,AP881130-0167,439,0.03289611276935267,reciprocal_rank_fusion_k=60
161,Q0,DOE2-80-0882,440,0.0327790984067066,reciprocal_rank_fusion_k=60
161,Q0,WSJ881006-0037,441,0.032709965514059754,reciprocal_rank_fusion_k=60
161,Q0,AP880607-0017,442,0.03250944029199288,reciprocal_rank_fusion_k=60
161,Q0,AP880428-0230,443,0.03243024924377242,reciprocal_rank_fusion_k=60
161,Q0,DOE1-45-0870,444,0.032231637743550014,reciprocal_rank_fusion_k=60
161,Q0,WSJ900404-0084,445,0.03220188303394454,reciprocal_rank_fusion_k=60
161,Q0,DOE2-22-0665,446,0.03210910705725623,reciprocal_rank_fusion_k=60
161,Q0,DOE1-91-0580,447,0.0317489986445905,reciprocal_rank_fusion_k=60
161,Q0,DOE2-31-0371,448,0.03169424313550842,reciprocal_rank_fusion_k=60
161,Q0,DOE1-41-1069,449,0.03169068647768118,reciprocal_rank_fusion_k=60
161,Q0,WSJ900829-0079,450,0.03166524302481424,reciprocal_rank_fusion_k=60
161,Q0,DOE1-71-1065,451,0.031626852089611635,reciprocal_rank_fusion_k=60
161,Q0,WSJ881101-0142,452,0.03145889079134384,reciprocal_rank_fusion_k=60
161,Q0,AP880811-0195,453,0.031449452828104,reciprocal_rank_fusion_k=60
161,Q0,WSJ910829-0136,454,0.03139201741004995,reciprocal_rank_fusion_k=60
161,Q0,AP891115-0223,455,0.031350737742372355,reciprocal_rank_fusion_k=60
161,Q0,AP890608-0124,456,0.03133165598184185,reciprocal_rank_fusion_k=60
161,Q0,WSJ900521-0018,457,0.031274076713729886,reciprocal_rank_fusion_k=60
161,Q0,AP890629-0245,458,0.03123298291046946,reciprocal_rank_fusion_k=60
161,Q0,AP881220-0208,459,0.031155865559290657,reciprocal_rank_fusion_k=60
161,Q0,AP880831-0115,460,0.031129943702031766,reciprocal_rank_fusion_k=60
161,Q0,DOE1-20-1173,461,0.030986163604384942,reciprocal_rank_fusion_k=60
161,Q0,AP890912-0159,462,0.03076245547870564,reciprocal_rank_fusion_k=60
161,Q0,AP881117-0113,463,0.03074316204223974,reciprocal_rank_fusion_k=60
161,Q0,AP890227-0261,464,0.030733989055050148,reciprocal_rank_fusion_k=60
161,Q0,AP890118-0148,465,0.03071056438841933,reciprocal_rank_fusion_k=60
161,Q0,AP890404-0138,466,0.030701205746149804,reciprocal_rank_fusion_k=60
161,Q0,DOE2-82-0813,467,0.030418674281026944,reciprocal_rank_fusion_k=60
161,Q0,WSJ910221-0152,468,0.03041855277237011,reciprocal_rank_fusion_k=60
161,Q0,AP880302-0009,469,0.030360327440303987,reciprocal_rank_fusion_k=60
161,Q0,DOE2-15-0994,470,0.03029900400653198,reciprocal_rank_fusion_k=60
161,Q0,WSJ891006-0150,471,0.03026719920807452,reciprocal_rank_fusion_k=60
161,Q0,DOE2-70-0737,472,0.030074021013123915,reciprocal_rank_fusion_k=60
161,Q0,WSJ861218-0001,473,0.030021725397726445,reciprocal_rank_fusion_k=60
161,Q0,AP890919-0120,474,0.0299904741633699,reciprocal_rank_fusion_k=60
161,Q0,AP880324-0088,475,0.029987083115029345,reciprocal_rank_fusion_k=60
161,Q0,DOE2-59-0404,476,0.02993747744433428,reciprocal_rank_fusion_k=60
161,Q0,AP890830-0119,477,0.029782935502095965,reciprocal_rank_fusion_k=60
161,Q0,AP880815-0122,478,0.029733603627199012,reciprocal_rank_fusion_k=60
161,Q0,DOE1-27-1143,479,0.029706315326677585,reciprocal_rank_fusion_k=60
161,Q0,DOE2-48-0178,480,0.029684156973754303,reciprocal_rank_fusion_k=60
161,Q0,DOE2-66-0556,481,0.029607567405827363,reciprocal_rank_fusion_k=60
161,Q0,DOE1-49-0967,482,0.02952809596167037,reciprocal_rank_fusion_k=60
161,Q0,WSJ900418-0108,483,0.029429365040121235,reciprocal_rank_fusion_k=60
161,Q0,WSJ911108-0009,484,0.029333010947599086,reciprocal_rank_fusion_k=60
161,Q0,WSJ880830-0045,485,0.029196370374990715,reciprocal_rank_fusion_k=60
161,Q0,AP881024-0019,486,0.02917393038291924,reciprocal_rank_fusion_k=60
161,Q0,DOE1-61-1027,487,0.02912901705266152,reciprocal_rank_fusion_k=60
161,Q0,DOE1-88-0007,488,0.029122814644609706,reciprocal_rank_fusion_k=60
161,Q0,FR88830-0045,489,0.029112206287544923,reciprocal_rank_fusion_k=60
161,Q0,DOE2-60-0362,490,0.029071137015330692,reciprocal_rank_fusion_k=60
161,Q0,AP890609-0061,491,0.02905379034652407,reciprocal_rank_fusion_k=60
161,Q0,DOE1-56-0292,492,0.029038921275903306,reciprocal_rank_fusion_k=60
161,Q0,WSJ910607-0019,493,0.02903401257482037,reciprocal_rank_fusion_k=60
161,Q0,FR88829-0045,494,0.029024617969616057,reciprocal_rank_fusion_k=60
161,Q0,AP890716-0075,495,0.0289764260365342,reciprocal_rank_fusion_k=60
161,Q0,DOE2-73-0733,496,0.02887637761741959,reciprocal_rank_fusion_k=60
161,Q0,DOE2-49-0677,497,0.028641970474884974,reciprocal_rank_fusion_k=60
161,Q0,AP881030-0100,498,0.02863784151553071,reciprocal_rank_fusion_k=60
161,Q0,WSJ911011-0173,499,0.028608821185005552,reciprocal_rank_fusion_k=60
161,Q0,AP890620-0070,500,0.02858540907559785,reciprocal_rank_fusion_k=60
161,Q0,DOE2-42-0245,501,0.028575643539323542,reciprocal_rank_fusion_k=60
161,Q0,WSJ870429-0193,502,0.028529575944505225,reciprocal_rank_fusion_k=60
161,Q0,WSJ900406-0013,503,0.028458174432857315,reciprocal_rank_fusion_k=60
161,Q0,ZF108-028-834,504,0.028384503216759914,reciprocal_rank_fusion_k=60
161,Q0,FR88514-0001,505,0.028356638132847146,reciprocal_rank_fusion_k=60
161,Q0,DOE1-27-0378,506,0.02835311997182607,reciprocal_rank_fusion_k=60
161,Q0,DOE1-20-0167,507,0.028333934383149857,reciprocal_rank_fusion_k=60
161,Q0,DOE1-34-0851,508,0.028323009356727977,reciprocal_rank_fusion_k=60
161,Q0,DOE2-31-0011,509,0.028251777311832846,reciprocal_rank_fusion_k=60
161,Q0,AP890720-0293,510,0.02821720199681735,reciprocal_rank_fusion_k=60
161,Q0,DOE2-05-1090,511,0.028193650306263147,reciprocal_rank_fusion_k=60
161,Q0,WSJ900525-0034,512,0.027912383379203896,reciprocal_rank_fusion_k=60
161,Q0,AP881017-0102,513,0.027907267515241807,reciprocal_rank_fusion_k=60
161,Q0,ZF207-798-658,514,0.0279052936716364,reciprocal_rank_fusion_k=60
161,Q0,DOE2-15-0993,515,0.027879759554007316,reciprocal_rank_fusion_k=60
161,Q0,AP890207-0163,516,0.0277535497712208,reciprocal_rank_fusion_k=60
161,Q0,DOE2-74-0140,517,0.027700966400583834,reciprocal_rank_fusion_k=60
161,Q0,DOE1-80-1051,518,0.0276744395135203,reciprocal_rank_fusion_k=60
161,Q0,DOE1-42-0532,519,0.027606155722309057,reciprocal_rank_fusion_k=60
161,Q0,DOE1-11-1146,520,0.027602532758231293,reciprocal_rank_fusion_k=60
161,Q0,DOE1-79-0875,521,0.027561703370113537,reciprocal_rank_fusion_k=60
161,Q0,DOE2-09-0147,522,0.027531767240253777,reciprocal_rank_fusion_k=60
161,Q0,WSJ890727-0164,523,0.027530566555941896,reciprocal_rank_fusion_k=60
161,Q0,DOE1-44-1185,524,0.027379619588908794,reciprocal_rank_fusion_k=60
161,Q0,DOE1-30-0486,525,0.027178653193275636,reciprocal_rank_fusion_k=60
161,Q0,AP890802-0217,526,0.026987160091347905,reciprocal_rank_fusion_k=60
161,Q0,AP890525-0080,527,0.026986954807477374,reciprocal_rank_fusion_k=60
161,Q0,AP880829-0128,528,0.026946031948944633,reciprocal_rank_fusion_k=60
161,Q0,DOE1-48-1185,529,0.02667596722907583,reciprocal_rank_fusion_k=60
161,Q0,AP881024-0094,530,0.02659288088144297,reciprocal_rank_fusion_k=60
161,Q0,WSJ900404-0128,531,0.026523454445232998,reciprocal_rank_fusion_k=60
161,Q0,DOE1-88-0011,532,0.026508890583196776,reciprocal_rank_fusion_k=60
161,Q0,DOE1-26-0130,533,0.02648195036712601,reciprocal_rank_fusion_k=60
161,Q0,DOE2-13-0820,534,0.026401108366104358,reciprocal_rank_fusion_k=60
161,Q0,DOE1-69-0713,535,0.026383310693010035,reciprocal_rank_fusion_k=60
161,Q0,AP891107-0193,536,0.026280433538790685,reciprocal_rank_fusion_k=60
161,Q0,DOE1-20-0164,537,0.026093976330409486,reciprocal_rank_fusion_k=60
161,Q0,WSJ911015-0111,538,0.02609164856646227,reciprocal_rank_fusion_k=60
161,Q0,DOE1-83-0938,539,0.026019014439581437,reciprocal_rank_fusion_k=60
161,Q0,DOE1-83-1241,540,0.026006182139586293,reciprocal_rank_fusion_k=60
161,Q0,DOE1-93-0324,541,0.02596869685038792,reciprocal_rank_fusion_k=60
161,Q0,WSJ880520-0032,542,0.02588770969129947,reciprocal_rank_fusion_k=60
161,Q0,DOE2-77-1267,543,0.025768278937765374,reciprocal_rank_fusion_k=60
161,Q0,DOE2-17-0809,544,0.025761944934329727,reciprocal_rank_fusion_k=60
161,Q0,DOE2-29-1061,545,0.025734994655494975,reciprocal_rank_fusion_k=60
161,Q0,WSJ900606-0155,546,0.02571553290809852,reciprocal_rank_fusion_k=60
161,Q0,WSJ910228-0201,547,0.02567704715241204,reciprocal_rank_fusion_k=60
161,Q0,AP880217-0212,548,0.025637955723726714,reciprocal_rank_fusion_k=60
161,Q0,FR89309-0006,549,0.025620894029033888,reciprocal_rank_fusion_k=60
161,Q0,DOE2-39-1388,550,0.02559328330893942,reciprocal_rank_fusion_k=60
161,Q0,FR89206-0035,551,0.025586983591883154,reciprocal_rank_fusion_k=60
161,Q0,AP890210-0230,552,0.025515954764010258,reciprocal_rank_fusion_k=60
161,Q0,DOE1-11-1145,553,0.02549297834840206,reciprocal_rank_fusion_k=60
161,Q0,AP881010-0126,554,0.025452915911395882,reciprocal_rank_fusion_k=60
161,Q0,AP890322-0203,555,0.025430003698511724,reciprocal_rank_fusion_k=60
161,Q0,DOE1-42-0536,556,0.02531403725670144,reciprocal_rank_fusion_k=60
161,Q0,WSJ870119-0073,557,0.02530058263188222,reciprocal_rank_fusion_k=60
161,Q0,DOE2-32-0634,558,0.025246477952563812,reciprocal_rank_fusion_k=60
161,Q0,DOE1-70-0064,559,0.025208932248742755,reciprocal_rank_fusion_k=60
161,Q0,DOE2-04-0407,560,0.025187939249578146,reciprocal_rank_fusion_k=60
161,Q0,DOE2-42-0142,561,0.025117807207380095,reciprocal_rank_fusion_k=60
161,Q0,DOE1-83-1064,562,0.025090206594667278,reciprocal_rank_fusion_k=60
161,Q0,WSJ910115-0124,563,0.025086695902154052,reciprocal_rank_fusion_k=60
161,Q0,DOE1-50-0959,564,0.02508255285270793,reciprocal_rank_fusion_k=60
161,Q0,ZF207-206-784,565,0.025000076916023985,reciprocal_rank_fusion_k=60
161,Q0,DOE2-06-0253,566,0.024902863955239433,reciprocal_rank_fusion_k=60
161,Q0,AP881119-0071,567,0.02482273671468549,reciprocal_rank_fusion_k=60
161,Q0,DOE2-69-0798,568,0.02464379592112186,reciprocal_rank_fusion_k=60
161,Q0,DOE1-24-0442,569,0.024640696626036955,reciprocal_rank_fusion_k=60
161,Q0,AP890803-0117,570,0.02437364250809092,reciprocal_rank_fusion_k=60
161,Q0,DOE1-35-1121,571,0.02430174559632042,reciprocal_rank_fusion_k=60
161,Q0,DOE2-49-0696,572,0.024215932713356633,reciprocal_rank_fusion_k=60
161,Q0,DOE1-57-1071,573,0.024212429988579795,reciprocal_rank_fusion_k=60
161,Q0,WSJ890927-0147,574,0.024181993170879004,reciprocal_rank_fusion_k=60
161,Q0,DOE1-86-0151,575,0.02406768328981876,reciprocal_rank_fusion_k=60
161,Q0,AP890104-0223,576,0.02403452740663833,reciprocal_rank_fusion_k=60
161,Q0,AP890713-0141,577,0.02396937399218558,reciprocal_rank_fusion_k=60
161,Q0,WSJ900830-0143,578,0.023931432174310954,reciprocal_rank_fusion_k=60
161,Q0,DOE2-31-0119,579,0.0239079340884864,reciprocal_rank_fusion_k=60
161,Q0,AP890613-0194,580,0.023823749845831618,reciprocal_rank_fusion_k=60
161,Q0,DOE2-06-0751,581,0.023724711006408928,reciprocal_rank_fusion_k=60
161,Q0,AP880920-0240,582,0.023718950668461112,reciprocal_rank_fusion_k=60
161,Q0,WSJ900706-0088,583,0.02371223470541245,reciprocal_rank_fusion_k=60
161,Q0,DOE2-32-0969,584,0.023700065255841427,reciprocal_rank_fusion_k=60
161,Q0,DOE1-93-0653,585,0.023511107398398724,reciprocal_rank_fusion_k=60
161,Q0,DOE1-76-0138,586,0.023451502441139555,reciprocal_rank_fusion_k=60
161,Q0,AP890910-0026,587,0.02343008824503548,reciprocal_rank_fusion_k=60
161,Q0,AP881003-0118,588,0.023354436543041417,reciprocal_rank_fusion_k=60
161,Q0,DOE1-45-1163,589,0.023344924488297194,reciprocal_rank_fusion_k=60
161,Q0,DOE2-09-0190,590,0.023338377891660215,reciprocal_rank_fusion_k=60
161,Q0,WSJ920131-0104,591,0.0232558297831943,reciprocal_rank_fusion_k=60
161,Q0,AP890306-0060,592,0.02322499636631218,reciprocal_rank_fusion_k=60
161,Q0,AP890313-0082,593,0.023169494576329032,reciprocal_rank_fusion_k=60
161,Q0,DOE2-37-0502,594,0.023050179871244605,reciprocal_rank_fusion_k=60
161,Q0,DOE2-12-1201,595,0.023020680744589045,reciprocal_rank_fusion_k=60
161,Q0,WSJ890814-0137,596,0.022947631510040763,reciprocal_rank_fusion_k=60
161,Q0,WSJ890915-0115,597,0.022917950363169105,reciprocal_rank_fusion_k=60
161,Q0,DOE2-31-0375,598,0.022860364407710547,reciprocal_rank_fusion_k=60
161,Q0,AP890114-0084,599,0.022851735280587107,reciprocal_rank_fusion_k=60
161,Q0,DOE2-06-1250,600,0.022837801367789214,reciprocal_rank_fusion_k=60
161,Q0,DOE2-46-0177,601,0.022790499510967496,reciprocal_rank_fusion_k=60
161,Q0,DOE2-61-0150,602,0.022769874333055263,reciprocal_rank_fusion_k=60
161,Q0,DOE2-39-1370,603,0.022756475574925092,reciprocal_rank_fusion_k=60
161,Q0,AP880415-0220,604,0.022582963581762486,reciprocal_rank_fusion_k=60
161,Q0,WSJ911231-0017,605,0.022520224492663055,reciprocal_rank_fusion_k=60
161,Q0,DOE2-29-1038,606,0.022470915447392797,reciprocal_rank_fusion_k=60
161,Q0,WSJ870619-0137,607,0.022292433303881407,reciprocal_rank_fusion_k=60
161,Q0,FR89118-0007,608,0.022237895860192317,reciprocal_rank_fusion_k=60
161,Q0,DOE1-26-0249,609,0.02222281371950758,reciprocal_rank_fusion_k=60
161,Q0,FR89530-0015,610,0.022220452620444125,reciprocal_rank_fusion_k=60
161,Q0,AP890610-0062,611,0.022198672045714806,reciprocal_rank_fusion_k=60
161,Q0,DOE1-62-0605,612,0.02217542270845825,reciprocal_rank_fusion_k=60
161,Q0,WSJ870223-0102,613,0.022171995089860466,reciprocal_rank_fusion_k=60
161,Q0,AP890918-0117,614,0.02214952562894661,reciprocal_rank_fusion_k=60
161,Q0,AP880519-0152,615,0.022113479696405026,reciprocal_rank_fusion_k=60
161,Q0,AP890419-0022,616,0.02206717009943215,reciprocal_rank_fusion_k=60
161,Q0,WSJ910307-0081,617,0.022017361789079485,reciprocal_rank_fusion_k=60
161,Q0,WSJ920203-0030,618,0.021997736051481944,reciprocal_rank_fusion_k=60
161,Q0,AP880218-0105,619,0.021746476356065324,reciprocal_rank_fusion_k=60
161,Q0,DOE1-45-0825,620,0.02173461180498145,reciprocal_rank_fusion_k=60
161,Q0,AP890306-0094,621,0.021669991254541065,reciprocal_rank_fusion_k=60
161,Q0,DOE2-63-0551,622,0.021659614266357426,reciprocal_rank_fusion_k=60
161,Q0,AP890105-0023,623,0.02155186399398804,reciprocal_rank_fusion_k=60
161,Q0,DOE1-42-0096,624,0.02152770874162443,reciprocal_rank_fusion_k=60
161,Q0,WSJ880808-0017,625,0.021485815442934764,reciprocal_rank_fusion_k=60
161,Q0,AP890414-0025,626,0.021479248041633196,reciprocal_rank_fusion_k=60
161,Q0,DOE2-15-0986,627,0.021256076803431584,reciprocal_rank_fusion_k=60
161,Q0,FR881207-0029,628,0.0210616624740162,reciprocal_rank_fusion_k=60
161,Q0,DOE2-15-0996,629,0.021009432973979125,reciprocal_rank_fusion_k=60
161,Q0,DOE1-94-0948,630,0.0210085558168017,reciprocal_rank_fusion_k=60
161,Q0,AP880426-0043,631,0.021002484469384564,reciprocal_rank_fusion_k=60
161,Q0,AP890530-0211,632,0.021000135639304758,reciprocal_rank_fusion_k=60
161,Q0,DOE1-94-0941,633,0.02093942930271275,reciprocal_rank_fusion_k=60
161,Q0,DOE1-71-0881,634,0.02093470025322628,reciprocal_rank_fusion_k=60
161,Q0,AP881015-0040,635,0.02092931786724151,reciprocal_rank_fusion_k=60
161,Q0,WSJ890811-0058,636,0.020882340476504207,reciprocal_rank_fusion_k=60
161,Q0,WSJ880125-0165,637,0.020821967780205407,reciprocal_rank_fusion_k=60
161,Q0,FR881017-0018,638,0.02082120246455154,reciprocal_rank_fusion_k=60
161,Q0,DOE2-06-0752,639,0.02048903151685376,reciprocal_rank_fusion_k=60
161,Q0,WSJ910722-0077,640,0.020290764253528708,reciprocal_rank_fusion_k=60
161,Q0,DOE2-59-1192,641,0.020227902339879193,reciprocal_rank_fusion_k=60
161,Q0,DOE1-92-0197,642,0.020201927412381117,reciprocal_rank_fusion_k=60
161,Q0,DOE1-65-0290,643,0.02018277643612455,reciprocal_rank_fusion_k=60
161,Q0,DOE1-52-0885,644,0.020124022642161198,reciprocal_rank_fusion_k=60
161,Q0,DOE2-61-0251,645,0.02008219274826537,reciprocal_rank_fusion_k=60
161,Q0,DOE2-36-0485,646,0.020080707204345755,reciprocal_rank_fusion_k=60
161,Q0,WSJ900405-0149,647,0.019975804464594054,reciprocal_rank_fusion_k=60
161,Q0,DOE1-51-0653,648,0.019956389458542997,reciprocal_rank_fusion_k=60
161,Q0,WSJ870226-0063,649,0.01995092960050076,reciprocal_rank_fusion_k=60
161,Q0,DOE2-23-1013,650,0.01992595685162727,reciprocal_rank_fusion_k=60
161,Q0,AP890515-0232,651,0.01991149330545569,reciprocal_rank_fusion_k=60
161,Q0,WSJ870406-0004,652,0.019851099672847247,reciprocal_rank_fusion_k=60
161,Q0,AP880220-0090,653,0.01984176762372655,reciprocal_rank_fusion_k=60
161,Q0,DOE1-36-0855,654,0.019795319417148415,reciprocal_rank_fusion_k=60
161,Q0,AP890831-0160,655,0.01975638216679207,reciprocal_rank_fusion_k=60
161,Q0,AP881004-0217,656,0.019751551411443927,reciprocal_rank_fusion_k=60
161,Q0,DOE2-63-0731,657,0.01974041362184453,reciprocal_rank_fusion_k=60
161,Q0,DOE2-19-0937,658,0.019614125423055538,reciprocal_rank_fusion_k=60
161,Q0,DOE2-47-0908,659,0.01947886348967947,reciprocal_rank_fusion_k=60
161,Q0,AP881121-0111,660,0.01945270266374622,reciprocal_rank_fusion_k=60
161,Q0,DOE1-82-0622,661,0.019384649690177516,reciprocal_rank_fusion_k=60
161,Q0,AP881203-0124,662,0.019371911836383843,reciprocal_rank_fusion_k=60
161,Q0,AP880219-0031,663,0.019319206581874162,reciprocal_rank_fusion_k=60
161,Q0,WSJ900419-0076,664,0.019281550175307506,reciprocal_rank_fusion_k=60
161,Q0,AP881015-0007,665,0.019255400345127106,reciprocal_rank_fusion_k=60
161,Q0,DOE1-15-0956,666,0.019230649668152976,reciprocal_rank_fusion_k=60
161,Q0,DOE2-33-0332,667,0.019228447879205697,reciprocal_rank_fusion_k=60
161,Q0,AP890128-0144,668,0.01921838769838733,reciprocal_rank_fusion_k=60
161,Q0,AP890624-0091,669,0.01921223221452568,reciprocal_rank_fusion_k=60
161,Q0,DOE1-11-0887,670,0.01915739793594548,reciprocal_rank_fusion_k=60
161,Q0,AP890315-0124,671,0.018959944620145837,reciprocal_rank_fusion_k=60
161,Q0,AP890910-0040,672,0.01895155484919406,reciprocal_rank_fusion_k=60
161,Q0,DOE2-49-0233,673,0.018905366930773285,reciprocal_rank_fusion_k=60
161,Q0,DOE1-01-0022,674,0.018885456092556218,reciprocal_rank_fusion_k=60
161,Q0,DOE1-08-0477,675,0.018869924771279894,reciprocal_rank_fusion_k=60
161,Q0,AP881005-0256,676,0.01883346376027029,reciprocal_rank_fusion_k=60
161,Q0,DOE1-74-0632,677,0.018743696178352164,reciprocal_rank_fusion_k=60
161,Q0,AP881118-0026,678,0.01871349301797663,reciprocal_rank_fusion_k=60
161,Q0,AP890612-0293,679,0.018646738038056856,reciprocal_rank_fusion_k=60
161,Q0,DOE1-34-0883,680,0.018642999918830092,reciprocal_rank_fusion_k=60
161,Q0,FR89502-0032,681,0.018559424112777455,reciprocal_rank_fusion_k=60
161,Q0,DOE1-08-0445,682,0.018506562023015,reciprocal_rank_fusion_k=60
161,Q0,AP880218-0137,683,0.018486041848518785,reciprocal_rank_fusion_k=60
161,Q0,AP881117-0222,684,0.018353912415148173,reciprocal_rank_fusion_k=60
161,Q0,WSJ911030-0007,685,0.018312029894829652,reciprocal_rank_fusion_k=60
161,Q0,DOE1-92-0203,686,0.018170218319578695,reciprocal_rank_fusion_k=60
161,Q0,WSJ900523-0167,687,0.018149172241448693,reciprocal_rank_fusion_k=60
161,Q0,DOE1-57-0411,688,0.01804270192390472,reciprocal_rank_fusion_k=60
161,Q0,DOE2-82-0735,689,0.018012896471671366,reciprocal_rank_fusion_k=60
161,Q0,DOE1-69-0529,690,0.018011739665583327,reciprocal_rank_fusion_k=60
161,Q0,DOE2-31-0231,691,0.01794309568734912,reciprocal_rank_fusion_k=60
161,Q0,DOE2-79-0710,692,0.017905857177298756,reciprocal_rank_fusion_k=60
161,Q0,DOE1-46-0462,693,0.01790510344585462,reciprocal_rank_fusion_k=60
161,Q0,DOE2-70-0602,694,0.017901953980776892,reciprocal_rank_fusion_k=60
161,Q0,DOE2-41-1089,695,0.017814693309451755,reciprocal_rank_fusion_k=60
161,Q0,DOE1-96-0460,696,0.017799218167206483,reciprocal_rank_fusion_k=60
161,Q0,DOE1-32-1110,697,0.017740156591398146,reciprocal_rank_fusion_k=60
161,Q0,DOE2-17-0802,698,0.017724379753391115,reciprocal_rank_fusion_k=60
161,Q0,DOE1-68-0701,699,0.017645683094485436,reciprocal_rank_fusion_k=60
161,Q0,DOE1-27-0526,700,0.0176343682672642,reciprocal_rank_fusion_k=60
161,Q0,DOE1-63-0877,701,0.017623299607901616,reciprocal_rank_fusion_k=60
161,Q0,AP890307-0213,702,0.017619514796094075,reciprocal_rank_fusion_k=60
161,Q0,FR88901-0006,703,0.01752411082709064,reciprocal_rank_fusion_k=60
161,Q0,DOE2-13-0808,704,0.017511993023867786,reciprocal_rank_fusion_k=60
161,Q0,AP881030-0051,705,0.017499737325486167,reciprocal_rank_fusion_k=60
161,Q0,DOE1-20-0902,706,0.017492958938242275,reciprocal_rank_fusion_k=60
161,Q0,DOE2-15-0983,707,0.017488641107993516,reciprocal_rank_fusion_k=60
161,Q0,DOE2-59-0457,708,0.017482197266732634,reciprocal_rank_fusion_k=60
161,Q0,AP880912-0141,709,0.017470683251670133,reciprocal_rank_fusion_k=60
161,Q0,DOE1-79-0042,710,0.01745826366778734,reciprocal_rank_fusion_k=60
161,Q0,AP880301-0213,711,0.01743077195564984,reciprocal_rank_fusion_k=60
161,Q0,DOE1-68-0660,712,0.017403897415241967,reciprocal_rank_fusion_k=60
161,Q0,AP880429-0241,713,0.017391176288407046,reciprocal_rank_fusion_k=60
161,Q0,AP880502-0231,714,0.017384405730548756,reciprocal_rank_fusion_k=60
161,Q0,WSJ900531-0084,715,0.017319539044095833,reciprocal_rank_fusion_k=60
161,Q0,DOE1-09-0403,716,0.017319417970857454,reciprocal_rank_fusion_k=60
161,Q0,DOE2-17-0810,717,0.01720476666734888,reciprocal_rank_fusion_k=60
161,Q0,AP880621-0237,718,0.017183433651950308,reciprocal_rank_fusion_k=60
161,Q0,DOE2-62-0964,719,0.017181088963231148,reciprocal_rank_fusion_k=60
161,Q0,AP890612-0078,720,0.01717172142383927,reciprocal_rank_fusion_k=60
161,Q0,WSJ871231-0037,721,0.017126316636829626,reciprocal_rank_fusion_k=60
161,Q0,WSJ900927-0023,722,0.017108672590107666,reciprocal_rank_fusion_k=60
161,Q0,DOE1-94-0713,723,0.017096171115509977,reciprocal_rank_fusion_k=60
161,Q0,DOE2-47-0253,724,0.017076298710199635,reciprocal_rank_fusion_k=60
161,Q0,WSJ880830-0073,725,0.01702457584567077,reciprocal_rank_fusion_k=60
161,Q0,AP880711-0167,726,0.017005717149728233,reciprocal_rank_fusion_k=60
161,Q0,AP881218-0015,727,0.01697111068028283,reciprocal_rank_fusion_k=60
161,Q0,FR89929-0063,728,0.016961322583420643,reciprocal_rank_fusion_k=60
161,Q0,AP880829-0188,729,0.016802727801857206,reciprocal_rank_fusion_k=60
161,Q0,DOE1-14-0975,730,0.016774582993799227,reciprocal_rank_fusion_k=60
161,Q0,DOE1-53-0345,731,0.016754852650729655,reciprocal_rank_fusion_k=60
161,Q0,DOE2-03-0221,732,0.016694746133690198,reciprocal_rank_fusion_k=60
161,Q0,DOE1-67-0465,733,0.016681095784882017,reciprocal_rank_fusion_k=60
161,Q0,AP880926-0022,734,0.016662933377947515,reciprocal_rank_fusion_k=60
161,Q0,AP891108-0032,735,0.016614513122750897,reciprocal_rank_fusion_k=60
161,Q0,FR891117-0021,736,0.0166130615861997,reciprocal_rank_fusion_k=60
161,Q0,AP890208-0208,737,0.016594557439872974,reciprocal_rank_fusion_k=60
161,Q0,AP880519-0131,738,0.0165681615582605,reciprocal_rank_fusion_k=60
161,Q0,FR89321-0015,739,0.01656255538488683,reciprocal_rank_fusion_k=60
161,Q0,WSJ910410-0062,740,0.016518785858836458,reciprocal_rank_fusion_k=60
161,Q0,DOE2-41-0688,741,0.016508476365953106,reciprocal_rank_fusion_k=60
161,Q0,DOE1-11-0597,742,0.01649967910465874,reciprocal_rank_fusion_k=60
161,Q0,DOE2-31-0211,743,0.016459872121694044,reciprocal_rank_fusion_k=60
161,Q0,WSJ881005-0098,744,0.01640575915597132,reciprocal_rank_fusion_k=60
161,Q0,DOE1-12-0029,745,0.01636036388752879,reciprocal_rank_fusion_k=60
161,Q0,AP880503-0196,746,0.01634340131673199,reciprocal_rank_fusion_k=60
161,Q0,AP890204-0083,747,0.01633858652359259,reciprocal_rank_fusion_k=60
161,Q0,DOE1-44-0346,748,0.01633846270133236,reciprocal_rank_fusion_k=60
161,Q0,AP881014-0245,749,0.016293190627045838,reciprocal_rank_fusion_k=60
161,Q0,AP890918-0020,750,0.016266275866150398,reciprocal_rank_fusion_k=60
161,Q0,AP880621-0240,751,0.016147196711255928,reciprocal_rank_fusion_k=60
161,Q0,FR881024-0121,752,0.01614488579329528,reciprocal_rank_fusion_k=60
161,Q0,ZF207-177-708,753,0.016061014661867094,reciprocal_rank_fusion_k=60
161,Q0,AP880504-0249,754,0.01604989832852229,reciprocal_rank_fusion_k=60
161,Q0,AP880617-0306,755,0.015974974455580108,reciprocal_rank_fusion_k=60
161,Q0,AP890908-0003,756,0.015845802015988467,reciprocal_rank_fusion_k=60
161,Q0,DOE1-17-0677,757,0.015831816251086785,reciprocal_rank_fusion_k=60
161,Q0,DOE2-30-0162,758,0.015740948130624963,reciprocal_rank_fusion_k=60
161,Q0,AP880817-0227,759,0.015683743410432598,reciprocal_rank_fusion_k=60
161,Q0,DOE2-30-0715,760,0.01566505668098681,reciprocal_rank_fusion_k=60
161,Q0,WSJ910830-0123,761,0.015594135583307911,reciprocal_rank_fusion_k=60
161,Q0,DOE1-42-0545,762,0.015553558871713908,reciprocal_rank_fusion_k=60
161,Q0,DOE2-47-0548,763,0.015537261468328173,reciprocal_rank_fusion_k=60
161,Q0,FR89602-0017,764,0.015532756297595105,reciprocal_rank_fusion_k=60
161,Q0,DOE2-77-1270,765,0.015402914167327933,reciprocal_rank_fusion_k=60
161,Q0,FR88818-0053,766,0.015340424141048973,reciprocal_rank_fusion_k=60
161,Q0,WSJ870122-0023,767,0.015338588610549582,reciprocal_rank_fusion_k=60
161,Q0,AP880925-0020,768,0.015301760305062077,reciprocal_rank_fusion_k=60
161,Q0,WSJ910411-0106,769,0.015300058257404825,reciprocal_rank_fusion_k=60
161,Q0,DOE2-34-1310,770,0.015251727955705249,reciprocal_rank_fusion_k=60
161,Q0,DOE2-58-0831,771,0.015239194137736122,reciprocal_rank_fusion_k=60
161,Q0,DOE2-07-0773,772,0.01523086306928132,reciprocal_rank_fusion_k=60
161,Q0,DOE1-64-0143,773,0.015163493318762596,reciprocal_rank_fusion_k=60
161,Q0,DOE1-27-0430,774,0.015083385577342326,reciprocal_rank_fusion_k=60
161,Q0,WSJ910419-0159,775,0.01507358607003231,reciprocal_rank_fusion_k=60
161,Q0,WSJ890804-0055,776,0.01505849393829881,reciprocal_rank_fusion_k=60
161,Q0,WSJ870212-0028,777,0.015030066835288718,reciprocal_rank_fusion_k=60
161,Q0,WSJ880205-0096,778,0.015009255202725386,reciprocal_rank_fusion_k=60
161,Q0,AP880909-0231,779,0.014985321747237034,reciprocal_rank_fusion_k=60
161,Q0,WSJ910521-0092,780,0.014952225067083238,reciprocal_rank_fusion_k=60
161,Q0,WSJ900502-0086,781,0.014939530403645835,reciprocal_rank_fusion_k=60
161,Q0,FR89602-0012,782,0.014919125459356388,reciprocal_rank_fusion_k=60
161,Q0,AP890425-0258,783,0.014915328448639235,reciprocal_rank_fusion_k=60
161,Q0,WSJ910315-0099,784,0.014909774453667297,reciprocal_rank_fusion_k=60
161,Q0,DOE2-46-0496,785,0.01489311534780222,reciprocal_rank_fusion_k=60
161,Q0,DOE2-33-0382,786,0.014821652140690283,reciprocal_rank_fusion_k=60
161,Q0,WSJ900615-0165,787,0.014820002028246898,reciprocal_rank_fusion_k=60
161,Q0,AP880316-0047,788,0.014809672992712998,reciprocal_rank_fusion_k=60
161,Q0,DOE2-14-0085,789,0.01477009015811313,reciprocal_rank_fusion_k=60
161,Q0,DOE2-63-0447,790,0.014767905946898629,reciprocal_rank_fusion_k=60
161,Q0,AP890116-0102,791,0.0147641624467118,reciprocal_rank_fusion_k=60
161,Q0,AP890503-0066,792,0.014670877435680131,reciprocal_rank_fusion_k=60
161,Q0,AP890906-0240,793,0.014644671667826034,reciprocal_rank_fusion_k=60
161,Q0,DOE1-40-0262,794,0.014643969389037037,reciprocal_rank_fusion_k=60
161,Q0,DOE1-09-0062,795,0.014633996532224166,reciprocal_rank_fusion_k=60
161,Q0,DOE2-19-0558,796,0.014617827990282484,reciprocal_rank_fusion_k=60
161,Q0,DOE2-62-0966,797,0.014611299954994321,reciprocal_rank_fusion_k=60
161,Q0,FR88812-0012,798,0.01458277792433056,reciprocal_rank_fusion_k=60
161,Q0,AP890531-0083,799,0.01455288809864238,reciprocal_rank_fusion_k=60
161,Q0,WSJ920316-0014,800,0.01454596681943413,reciprocal_rank_fusion_k=60
161,Q0,AP890322-0110,801,0.014482384225285545,reciprocal_rank_fusion_k=60
161,Q0,WSJ920225-0029,802,0.014464970279053966,reciprocal_rank_fusion_k=60
161,Q0,DOE1-45-0818,803,0.014462061769285738,reciprocal_rank_fusion_k=60
161,Q0,AP890613-0148,804,0.014450043865047836,reciprocal_rank_fusion_k=60
161,Q0,DOE2-72-0457,805,0.014436695147479498,reciprocal_rank_fusion_k=60
161,Q0,WSJ910619-0050,806,0.014423031244724018,reciprocal_rank_fusion_k=60
161,Q0,DOE2-22-0952,807,0.014403951142854282,reciprocal_rank_fusion_k=60
161,Q0,DOE2-31-0379,808,0.01438057258825054,reciprocal_rank_fusion_k=60
161,Q0,DOE2-65-0672,809,0.014362411661309242,reciprocal_rank_fusion_k=60
161,Q0,AP880615-0275,810,0.014348589874451187,reciprocal_rank_fusion_k=60
161,Q0,WSJ880428-0016,811,0.014220821997930493,reciprocal_rank_fusion_k=60
161,Q0,FR89307-0043,812,0.014215055973969349,reciprocal_rank_fusion_k=60
161,Q0,AP881001-0076,813,0.014190958773883157,reciprocal_rank_fusion_k=60
161,Q0,AP880519-0198,814,0.014183230536053582,reciprocal_rank_fusion_k=60
161,Q0,WSJ870220-0144,815,0.014181879997362219,reciprocal_rank_fusion_k=60
161,Q0,DOE1-95-0120,816,0.01413800321485479,reciprocal_rank_fusion_k=60
161,Q0,DOE1-51-0479,817,0.01410964169560303,reciprocal_rank_fusion_k=60
161,Q0,AP890410-0008,818,0.014098062833905137,reciprocal_rank_fusion_k=60
161,Q0,DOE2-65-0717,819,0.014085071966331322,reciprocal_rank_fusion_k=60
161,Q0,AP881010-0190,820,0.014083745045310457,reciprocal_rank_fusion_k=60
161,Q0,DOE1-26-0117,821,0.014067015380405652,reciprocal_rank_fusion_k=60
161,Q0,AP881222-0171,822,0.014047919646872298,reciprocal_rank_fusion_k=60
161,Q0,FR89817-0022,823,0.014035456959894993,reciprocal_rank_fusion_k=60
161,Q0,DOE2-26-0821,824,0.013974491917429149,reciprocal_rank_fusion_k=60
161,Q0,WSJ890830-0104,825,0.013954884718709992,reciprocal_rank_fusion_k=60
161,Q0,DOE2-51-1159,826,0.013909230190298884,reciprocal_rank_fusion_k=60
161,Q0,DOE2-53-0684,827,0.013879130145960813,reciprocal_rank_fusion_k=60
161,Q0,FR881129-0039,828,0.013868051881081797,reciprocal_rank_fusion_k=60
161,Q0,AP880816-0261,829,0.013713224690825919,reciprocal_rank_fusion_k=60
161,Q0,WSJ910125-0047,830,0.013701020901025327,reciprocal_rank_fusion_k=60
161,Q0,DOE1-86-0305,831,0.01366829419419692,reciprocal_rank_fusion_k=60
161,Q0,DOE2-77-0073,832,0.01366382648085744,reciprocal_rank_fusion_k=60
161,Q0,FR88216-0137,833,0.013640932488392182,reciprocal_rank_fusion_k=60
161,Q0,AP881026-0222,834,0.01363951889442381,reciprocal_rank_fusion_k=60
161,Q0,WSJ880219-0044,835,0.01359675760085847,reciprocal_rank_fusion_k=60
161,Q0,FR881209-0040,836,0.01357476086422459,reciprocal_rank_fusion_k=60
161,Q0,WSJ891102-0016,837,0.013551482895619868,reciprocal_rank_fusion_k=60
161,Q0,WSJ911212-0139,838,0.013537475043057351,reciprocal_rank_fusion_k=60
161,Q0,AP880928-0007,839,0.013533520636128872,reciprocal_rank_fusion_k=60
161,Q0,DOE1-52-0531,840,0.013508345844740794,reciprocal_rank_fusion_k=60
161,Q0,DOE2-15-0995,841,0.013507143711907695,reciprocal_rank_fusion_k=60
161,Q0,AP890608-0291,842,0.013492768025603431,reciprocal_rank_fusion_k=60
161,Q0,DOE2-31-0225,843,0.013485810634449862,reciprocal_rank_fusion_k=60
161,Q0,DOE2-57-0093,844,0.01344954308229635,reciprocal_rank_fusion_k=60
161,Q0,DOE1-52-0785,845,0.01343434732392882,reciprocal_rank_fusion_k=60
161,Q0,DOE1-30-0484,846,0.013432563227179653,reciprocal_rank_fusion_k=60
161,Q0,DOE1-62-0173,847,0.013410064142687143,reciprocal_rank_fusion_k=60
161,Q0,FR88203-0026,848,0.013401566470067478,reciprocal_rank_fusion_k=60
161,Q0,AP880901-0140,849,0.013365030987896204,reciprocal_rank_fusion_k=60
161,Q0,FR88607-0109,850,0.013357716712067756,reciprocal_rank_fusion_k=60
161,Q0,DOE2-29-0076,851,0.013342379101254794,reciprocal_rank_fusion_k=60
161,Q0,AP881001-0149,852,0.013338611373793996,reciprocal_rank_fusion_k=60
161,Q0,ZF108-276-654,853,0.013330816127801702,reciprocal_rank_fusion_k=60
161,Q0,AP881104-0238,854,0.013319912735789526,reciprocal_rank_fusion_k=60
161,Q0,DOE2-32-0639,855,0.013315240474097921,reciprocal_rank_fusion_k=60
161,Q0,AP890215-0030,856,0.013288454603968304,reciprocal_rank_fusion_k=60
161,Q0,AP890721-0184,857,0.013286078806787918,reciprocal_rank_fusion_k=60
161,Q0,DOE1-78-0387,858,0.013266990685334712,reciprocal_rank_fusion_k=60
161,Q0,WSJ880629-0071,859,0.013257222946802295,reciprocal_rank_fusion_k=60
161,Q0,DOE1-26-0815,860,0.013201073358851522,reciprocal_rank_fusion_k=60
161,Q0,FR89119-0057,861,0.013148085211876907,reciprocal_rank_fusion_k=60
161,Q0,FR89724-0022,862,0.01311091619366361,reciprocal_rank_fusion_k=60
161,Q0,AP880918-0051,863,0.013100722356886077,reciprocal_rank_fusion_k=60
161,Q0,AP880529-0047,864,0.01310031230709511,reciprocal_rank_fusion_k=60
161,Q0,DOE1-87-1073,865,0.013089204086763305,reciprocal_rank_fusion_k=60
161,Q0,WSJ900914-0013,866,0.013070629132926984,reciprocal_rank_fusion_k=60
161,Q0,AP881005-0133,867,0.013031666545641191,reciprocal_rank_fusion_k=60
161,Q0,FR891103-0144,868,0.012990329752974046,reciprocal_rank_fusion_k=60
161,Q0,AP890319-0011,869,0.01298520328251723,reciprocal_rank_fusion_k=60
161,Q0,DOE1-43-0666,870,0.012957966261135462,reciprocal_rank_fusion_k=60
161,Q0,FR89628-0022,871,0.012865660822952115,reciprocal_rank_fusion_k=60
161,Q0,FR88726-0018,872,0.012854486369227817,reciprocal_rank_fusion_k=60
161,Q0,AP880816-0283,873,0.012852147090272473,reciprocal_rank_fusion_k=60
161,Q0,DOE1-49-0607,874,0.012831813855553906,reciprocal_rank_fusion_k=60
161,Q0,AP880719-0063,875,0.012819235504017307,reciprocal_rank_fusion_k=60
161,Q0,AP880511-0100,876,0.012806870485136328,reciprocal_rank_fusion_k=60
161,Q0,AP880506-0081,877,0.012800921451894478,reciprocal_rank_fusion_k=60
161,Q0,AP890901-0039,878,0.012795933178794046,reciprocal_rank_fusion_k=60
161,Q0,DOE1-66-0895,879,0.012794301780348134,reciprocal_rank_fusion_k=60
161,Q0,DOE2-61-0550,880,0.012741344895301758,reciprocal_rank_fusion_k=60
161,Q0,DOE1-66-0328,881,0.012732814848744292,reciprocal_rank_fusion_k=60
161,Q0,WSJ900709-0021,882,0.01272622237099193,reciprocal_rank_fusion_k=60
161,Q0,DOE2-79-0725,883,0.012722681090402237,reciprocal_rank_fusion_k=60
161,Q0,WSJ870429-0009,884,0.012719080797227753,reciprocal_rank_fusion_k=60
161,Q0,DOE1-74-1029,885,0.012707792876499306,reciprocal_rank_fusion_k=60
161,Q0,AP890727-0146,886,0.012701962525615182,reciprocal_rank_fusion_k=60
161,Q0,DOE1-88-0747,887,0.01268023313334117,reciprocal_rank_fusion_k=60
161,Q0,AP880212-0054,888,0.012662512794075228,reciprocal_rank_fusion_k=60
161,Q0,AP880714-0034,889,0.012648733419212733,reciprocal_rank_fusion_k=60
161,Q0,DOE1-68-0643,890,0.012596446755509326,reciprocal_rank_fusion_k=60
161,Q0,FR89417-0051,891,0.012580284652377347,reciprocal_rank_fusion_k=60
161,Q0,AP890907-0229,892,0.012538985120933707,reciprocal_rank_fusion_k=60
161,Q0,AP890717-0073,893,0.01253680212487799,reciprocal_rank_fusion_k=60
161,Q0,DOE1-01-0302,894,0.012508561649089539,reciprocal_rank_fusion_k=60
161,Q0,WSJ870407-0021,895,0.012496036028998502,reciprocal_rank_fusion_k=60
161,Q0,FR89522-0008,896,0.012483610451449516,reciprocal_rank_fusion_k=60
161,Q0,AP880622-0077,897,0.012461793503258937,reciprocal_rank_fusion_k=60
161,Q0,AP880819-0064,898,0.012451159493529672,reciprocal_rank_fusion_k=60
161,Q0,DOE2-39-1396,899,0.012431411789481615,reciprocal_rank_fusion_k=60
161,Q0,DOE2-15-0987,900,0.012426470341300578,reciprocal_rank_fusion_k=60
161,Q0,AP880517-0122,901,0.01239656234920799,reciprocal_rank_fusion_k=60
161,Q0,FR89324-0021,902,0.01239444772567663,reciprocal_rank_fusion_k=60
161,Q0,WSJ911211-0020,903,0.012372497339305757,reciprocal_rank_fusion_k=60
161,Q0,AP880707-0028,904,0.012345248186115737,reciprocal_rank_fusion_k=60
161,Q0,DOE2-59-1147,905,0.012305323468691742,reciprocal_rank_fusion_k=60
161,Q0,AP890612-0173,906,0.012294440515250298,reciprocal_rank_fusion_k=60
161,Q0,WSJ911122-0099,907,0.012267888541536086,reciprocal_rank_fusion_k=60
161,Q0,AP891027-0240,908,0.012258664691113447,reciprocal_rank_fusion_k=60
161,Q0,DOE2-49-0976,909,0.012255405584547931,reciprocal_rank_fusion_k=60
161,Q0,DOE2-16-0900,910,0.012239463069906347,reciprocal_rank_fusion_k=60
161,Q0,AP890315-0268,911,0.012227770414375672,reciprocal_rank_fusion_k=60
161,Q0,FR89117-0034,912,0.012140499602735708,reciprocal_rank_fusion_k=60
161,Q0,DOE2-13-0558,913,0.012124747467564036,reciprocal_rank_fusion_k=60
161,Q0,FR891113-0004,914,0.012105614216940942,reciprocal_rank_fusion_k=60
161,Q0,FR89106-0015,915,0.01209212365378278,reciprocal_rank_fusion_k=60
161,Q0,DOE2-09-0103,916,0.012091736096268417,reciprocal_rank_fusion_k=60
161,Q0,DOE1-13-0853,917,0.012091586152886084,reciprocal_rank_fusion_k=60
161,Q0,AP890507-0034,918,0.012063913896816202,reciprocal_rank_fusion_k=60
161,Q0,DOE1-03-0410,919,0.012062060620117271,reciprocal_rank_fusion_k=60
161,Q0,WSJ881012-0162,920,0.012041268211690694,reciprocal_rank_fusion_k=60
161,Q0,WSJ900709-0001,921,0.012029650234589942,reciprocal_rank_fusion_k=60
161,Q0,DOE1-05-1099,922,0.012009052261634222,reciprocal_rank_fusion_k=60
161,Q0,AP890721-0212,923,0.012001502686656187,reciprocal_rank_fusion_k=60
161,Q0,AP890915-0206,924,0.011969107656421871,reciprocal_rank_fusion_k=60
161,Q0,AP890628-0086,925,0.011825504840676543,reciprocal_rank_fusion_k=60
161,Q0,AP880427-0263,926,0.011820462585493498,reciprocal_rank_fusion_k=60
161,Q0,AP891229-0116,927,0.011817862469812099,reciprocal_rank_fusion_k=60
161,Q0,AP890831-0175,928,0.01181749905683993,reciprocal_rank_fusion_k=60
161,Q0,AP890210-0247,929,0.011679263607795132,reciprocal_rank_fusion_k=60
161,Q0,WSJ880908-0136,930,0.01165954190388152,reciprocal_rank_fusion_k=60
161,Q0,WSJ880308-0043,931,0.011655674983334733,reciprocal_rank_fusion_k=60
161,Q0,DOE1-78-1034,932,0.011633169263570612,reciprocal_rank_fusion_k=60
161,Q0,DOE1-34-0869,933,0.011603338119658156,reciprocal_rank_fusion_k=60
161,Q0,DOE2-15-0998,934,0.011581113178651988,reciprocal_rank_fusion_k=60
161,Q0,AP880427-0264,935,0.01156573633070465,reciprocal_rank_fusion_k=60
161,Q0,FR88504-0017,936,0.011554340294311953,reciprocal_rank_fusion_k=60
161,Q0,AP890308-0246,937,0.011533584201394389,reciprocal_rank_fusion_k=60
161,Q0,AP890420-0009,938,0.01144939510653139,reciprocal_rank_fusion_k=60
161,Q0,AP880612-0072,939,0.01143822297355397,reciprocal_rank_fusion_k=60
161,Q0,AP890601-0150,940,0.011432907006283013,reciprocal_rank_fusion_k=60
161,Q0,DOE1-49-1017,941,0.011394674541809329,reciprocal_rank_fusion_k=60
161,Q0,DOE1-41-0501,942,0.011382623433937162,reciprocal_rank_fusion_k=60
161,Q0,FR891128-0008,943,0.011348965002468873,reciprocal_rank_fusion_k=60
161,Q0,AP880613-0023,944,0.011348272661808063,reciprocal_rank_fusion_k=60
161,Q0,AP890210-0184,945,0.011320285662547528,reciprocal_rank_fusion_k=60
161,Q0,FR88729-0014,946,0.011316761970458975,reciprocal_rank_fusion_k=60
161,Q0,AP881003-0023,947,0.011308474246110412,reciprocal_rank_fusion_k=60
161,Q0,WSJ891012-0071,948,0.01130414221552897,reciprocal_rank_fusion_k=60
161,Q0,DOE2-20-1200,949,0.01130054083241917,reciprocal_rank_fusion_k=60
161,Q0,AP890830-0222,950,0.011294186236013654,reciprocal_rank_fusion_k=60
161,Q0,ZF108-276-656,951,0.011279852697638322,reciprocal_rank_fusion_k=60
161,Q0,AP880615-0130,952,0.011260132758526525,reciprocal_rank_fusion_k=60
161,Q0,DOE1-89-0554,953,0.011243984199116567,reciprocal_rank_fusion_k=60
161,Q0,FR88830-0074,954,0.01117768643369427,reciprocal_rank_fusion_k=60
161,Q0,AP890424-0145,955,0.011177312479335774,reciprocal_rank_fusion_k=60
161,Q0,DOE1-30-0483,956,0.0111271162827551,reciprocal_rank_fusion_k=60
161,Q0,WSJ900612-0056,957,0.0110737202229473,reciprocal_rank_fusion_k=60
161,Q0,FR89710-0114,958,0.011072568739671529,reciprocal_rank_fusion_k=60
161,Q0,AP890310-0176,959,0.011042880303847999,reciprocal_rank_fusion_k=60
161,Q0,DOE2-56-0113,960,0.01103890825925687,reciprocal_rank_fusion_k=60
161,Q0,ZF110-374-520,961,0.01103414050848588,reciprocal_rank_fusion_k=60
161,Q0,AP890410-0197,962,0.011005188474360262,reciprocal_rank_fusion_k=60
161,Q0,AP880802-0031,963,0.011003747312935915,reciprocal_rank_fusion_k=60
161,Q0,AP880919-0003,964,0.010997833113423658,reciprocal_rank_fusion_k=60
161,Q0,FR88823-0021,965,0.01096104358199656,reciprocal_rank_fusion_k=60
161,Q0,WSJ870413-0062,966,0.010960364865624472,reciprocal_rank_fusion_k=60
161,Q0,FR88829-0074,967,0.010938196313869577,reciprocal_rank_fusion_k=60
161,Q0,DOE2-28-0973,968,0.010900288316589759,reciprocal_rank_fusion_k=60
161,Q0,AP880719-0141,969,0.010849151230894628,reciprocal_rank_fusion_k=60
161,Q0,DOE2-36-0299,970,0.010809542074713963,reciprocal_rank_fusion_k=60
161,Q0,DOE1-68-1082,971,0.010786635709694441,reciprocal_rank_fusion_k=60
161,Q0,DOE2-46-0015,972,0.010759796279696515,reciprocal_rank_fusion_k=60
161,Q0,DOE1-52-0691,973,0.010756179859004431,reciprocal_rank_fusion_k=60
161,Q0,DOE2-42-0197,974,0.010755998231529597,reciprocal_rank_fusion_k=60
161,Q0,FR89621-0010,975,0.010751332823386212,reciprocal_rank_fusion_k=60
161,Q0,AP880219-0243,976,0.010734532898030731,reciprocal_rank_fusion_k=60
161,Q0,AP880310-0210,977,0.010729764235342554,reciprocal_rank_fusion_k=60
161,Q0,AP890812-0011,978,0.010610363743465209,reciprocal_rank_fusion_k=60
161,Q0,DOE2-11-0336,979,0.010590873012506071,reciprocal_rank_fusion_k=60
161,Q0,DOE1-69-0027,980,0.010582909103979684,reciprocal_rank_fusion_k=60
161,Q0,AP890522-0093,981,0.010561853616101532,reciprocal_rank_fusion_k=60
161,Q0,AP890601-0312,982,0.010544693558638893,reciprocal_rank_fusion_k=60
161,Q0,AP881129-0015,983,0.010446725662413368,reciprocal_rank_fusion_k=60
161,Q0,WSJ881107-0108,984,0.010409437943837163,reciprocal_rank_fusion_k=60
161,Q0,AP890713-0119,985,0.010406383541988137,reciprocal_rank_fusion_k=60
161,Q0,AP880712-0268,986,0.010354886943745287,reciprocal_rank_fusion_k=60
161,Q0,AP880925-0090,987,0.010325440891429753,reciprocal_rank_fusion_k=60
161,Q0,AP890315-0272,988,0.010320406375293259,reciprocal_rank_fusion_k=60
161,Q0,AP890223-0017,989,0.010313397785754456,reciprocal_rank_fusion_k=60
161,Q0,AP890906-0201,990,0.010302512229012982,reciprocal_rank_fusion_k=60
161,Q0,AP890622-0249,991,0.010297979962181925,reciprocal_rank_fusion_k=60
161,Q0,AP890415-0042,992,0.010295333084911262,reciprocal_rank_fusion_k=60
161,Q0,FR88923-0021,993,0.010270506012107355,reciprocal_rank_fusion_k=60
161,Q0,DOE2-50-0702,994,0.010265402437850134,reciprocal_rank_fusion_k=60
161,Q0,WSJ880721-0010,995,0.010257339380730193,reciprocal_rank_fusion_k=60
161,Q0,AP891221-0201,996,0.010234287342472455,reciprocal_rank_fusion_k=60
161,Q0,WSJ870319-0007,997,0.010216288815431823,reciprocal_rank_fusion_k=60
161,Q0,DOE2-83-0612,998,0.010202209943356542,reciprocal_rank_fusion_k=60
161,Q0,DOE1-15-1055,999,0.010198519109341107,reciprocal_rank_fusion_k=60
161,Q0,AP890108-0096,1000,0.010174378923641496,reciprocal_rank_fusion_k=60
165,Q0,WSJ861205-0170,1,0.29301883765421444,reciprocal_rank_fusion_k=60
165,Q0,WSJ900503-0092,2,0.2757290141009544,reciprocal_rank_fusion_k=60
165,Q0,WSJ910516-0076,3,0.2586943052459439,reciprocal_rank_fusion_k=60
165,Q0,AP890725-0146,4,0.2525198927255565,reciprocal_rank_fusion_k=60
165,Q0,WSJ911211-0032,5,0.24255840053623867,reciprocal_rank_fusion_k=60
165,Q0,WSJ920313-0070,6,0.24144771488871214,reciprocal_rank_fusion_k=60
165,Q0,AP891205-0033,7,0.2385977626760483,reciprocal_rank_fusion_k=60
165,Q0,WSJ900503-0007,8,0.23115328645118877,reciprocal_rank_fusion_k=60
165,Q0,AP890111-0147,9,0.21695108833341203,reciprocal_rank_fusion_k=60
165,Q0,WSJ880517-0107,10,0.21144722293504556,reciprocal_rank_fusion_k=60
165,Q0,WSJ920130-0127,11,0.20865968220284714,reciprocal_rank_fusion_k=60
165,Q0,WSJ890725-0123,12,0.20456529610336455,reciprocal_rank_fusion_k=60
165,Q0,WSJ880601-0013,13,0.20243848944011872,reciprocal_rank_fusion_k=60
165,Q0,WSJ900529-0132,14,0.20131097210463889,reciprocal_rank_fusion_k=60
165,Q0,WSJ900411-0093,15,0.1999597515530244,reciprocal_rank_fusion_k=60
165,Q0,WSJ870420-0033,16,0.19486790269693174,reciprocal_rank_fusion_k=60
165,Q0,WSJ871019-0110,17,0.19420290726190853,reciprocal_rank_fusion_k=60
165,Q0,AP881007-0099,18,0.18548353376304458,reciprocal_rank_fusion_k=60
165,Q0,WSJ900404-0139,19,0.18343810264646568,reciprocal_rank_fusion_k=60
165,Q0,AP880410-0081,20,0.17916861668006265,reciprocal_rank_fusion_k=60
165,Q0,WSJ880721-0133,21,0.16955062634342163,reciprocal_rank_fusion_k=60
165,Q0,AP880505-0034,22,0.16810317758359714,reciprocal_rank_fusion_k=60
165,Q0,WSJ880902-0017,23,0.16696969007246854,reciprocal_rank_fusion_k=60
165,Q0,WSJ870217-0073,24,0.1651409679905893,reciprocal_rank_fusion_k=60
165,Q0,WSJ910815-0083,25,0.161734438926139,reciprocal_rank_fusion_k=60
165,Q0,WSJ900612-0127,26,0.16081175944878964,reciprocal_rank_fusion_k=60
165,Q0,WSJ870429-0123,27,0.1607905739371915,reciprocal_rank_fusion_k=60
165,Q0,WSJ870423-0142,28,0.15944864874878423,reciprocal_rank_fusion_k=60
165,Q0,WSJ880630-0019,29,0.15476633755170568,reciprocal_rank_fusion_k=60
165,Q0,WSJ910326-0139,30,0.15294749291499313,reciprocal_rank_fusion_k=60
165,Q0,AP880606-0277,31,0.15031404070172322,reciprocal_rank_fusion_k=60
165,Q0,WSJ910729-0082,32,0.1501303127324739,reciprocal_rank_fusion_k=60
165,Q0,AP880529-0040,33,0.14935218927025581,reciprocal_rank_fusion_k=60
165,Q0,AP890517-0142,34,0.14919529463765502,reciprocal_rank_fusion_k=60
165,Q0,WSJ900523-0140,35,0.14896869854293454,reciprocal_rank_fusion_k=60
165,Q0,WSJ900927-0100,36,0.14670794579324423,reciprocal_rank_fusion_k=60
165,Q0,WSJ891010-0041,37,0.1463532036907404,reciprocal_rank_fusion_k=60
165,Q0,AP891126-0052,38,0.14543196326087118,reciprocal_rank_fusion_k=60
165,Q0,AP890414-0213,39,0.14515280546460876,reciprocal_rank_fusion_k=60
165,Q0,WSJ920205-0084,40,0.14412932015627064,reciprocal_rank_fusion_k=60
165,Q0,WSJ880606-0084,41,0.1432194219758426,reciprocal_rank_fusion_k=60
165,Q0,WSJ900607-0113,42,0.14275386772175247,reciprocal_rank_fusion_k=60
165,Q0,WSJ910913-0055,43,0.14238189948956725,reciprocal_rank_fusion_k=60
165,Q0,WSJ900612-0099,44,0.14171305507108656,reciprocal_rank_fusion_k=60
165,Q0,AP880302-0282,45,0.13862830730890163,reciprocal_rank_fusion_k=60
165,Q0,AP891105-0099,46,0.13781765736030474,reciprocal_rank_fusion_k=60
165,Q0,WSJ920310-0111,47,0.13716795221351072,reciprocal_rank_fusion_k=60
165,Q0,AP890728-0232,48,0.13478783477050177,reciprocal_rank_fusion_k=60
165,Q0,WSJ910923-0090,49,0.1334486580290582,reciprocal_rank_fusion_k=60
165,Q0,WSJ911022-0075,50,0.13314944257307526,reciprocal_rank_fusion_k=60
165,Q0,AP881111-0204,51,0.13281091337394352,reciprocal_rank_fusion_k=60
165,Q0,WSJ880503-0080,52,0.1315966995724955,reciprocal_rank_fusion_k=60
165,Q0,WSJ920324-0102,53,0.13095113800145408,reciprocal_rank_fusion_k=60
165,Q0,WSJ911008-0111,54,0.13038389344980947,reciprocal_rank_fusion_k=60
165,Q0,WSJ880302-0099,55,0.1298387034140034,reciprocal_rank_fusion_k=60
165,Q0,WSJ910801-0035,56,0.12905197636126645,reciprocal_rank_fusion_k=60
165,Q0,WSJ900828-0070,57,0.1290319171965832,reciprocal_rank_fusion_k=60
165,Q0,WSJ870814-0121,58,0.1262507024146949,reciprocal_rank_fusion_k=60
165,Q0,AP890602-0259,59,0.1259765423096327,reciprocal_rank_fusion_k=60
165,Q0,WSJ890914-0084,60,0.12580170961923978,reciprocal_rank_fusion_k=60
165,Q0,AP881125-0005,61,0.12543496451467348,reciprocal_rank_fusion_k=60
165,Q0,WSJ910328-0067,62,0.12478544394473812,reciprocal_rank_fusion_k=60
165,Q0,WSJ910130-0069,63,0.12417302236242744,reciprocal_rank_fusion_k=60
165,Q0,WSJ880307-0011,64,0.12296426178004362,reciprocal_rank_fusion_k=60
165,Q0,WSJ870403-0085,65,0.12200577292474449,reciprocal_rank_fusion_k=60
165,Q0,AP891115-0152,66,0.12111100275844859,reciprocal_rank_fusion_k=60
165,Q0,AP880516-0225,67,0.1194493504174408,reciprocal_rank_fusion_k=60
165,Q0,AP881207-0033,68,0.11933422963200527,reciprocal_rank_fusion_k=60
165,Q0,WSJ911007-0004,69,0.11846165217613132,reciprocal_rank_fusion_k=60
165,Q0,WSJ880404-0069,70,0.11827290256644409,reciprocal_rank_fusion_k=60
165,Q0,WSJ900524-0066,71,0.1179311874633327,reciprocal_rank_fusion_k=60
165,Q0,AP880611-0076,72,0.11732137005991372,reciprocal_rank_fusion_k=60
165,Q0,WSJ870506-0152,73,0.11691777878484591,reciprocal_rank_fusion_k=60
165,Q0,WSJ900727-0061,74,0.11680810331079654,reciprocal_rank_fusion_k=60
165,Q0,AP880501-0083,75,0.11541497250409907,reciprocal_rank_fusion_k=60
165,Q0,WSJ910605-0010,76,0.11511214412758149,reciprocal_rank_fusion_k=60
165,Q0,AP891103-0277,77,0.11502219730491964,reciprocal_rank_fusion_k=60
165,Q0,AP880303-0006,78,0.11241613713472588,reciprocal_rank_fusion_k=60
165,Q0,AP880226-0072,79,0.11150467094078016,reciprocal_rank_fusion_k=60
165,Q0,WSJ900521-0100,80,0.11149936195591661,reciprocal_rank_fusion_k=60
165,Q0,AP891101-0272,81,0.11124156549956299,reciprocal_rank_fusion_k=60
165,Q0,AP880319-0135,82,0.11104626313035348,reciprocal_rank_fusion_k=60
165,Q0,AP890330-0213,83,0.11064103059452497,reciprocal_rank_fusion_k=60
165,Q0,WSJ880615-0127,84,0.11041520147925989,reciprocal_rank_fusion_k=60
165,Q0,AP890527-0017,85,0.11024114987103402,reciprocal_rank_fusion_k=60
165,Q0,AP881109-0201,86,0.11016775046083348,reciprocal_rank_fusion_k=60
165,Q0,AP880803-0256,87,0.10816325306496197,reciprocal_rank_fusion_k=60
165,Q0,WSJ920130-0121,88,0.10795343507449807,reciprocal_rank_fusion_k=60
165,Q0,AP880301-0217,89,0.10784010356916603,reciprocal_rank_fusion_k=60
165,Q0,WSJ891006-0119,90,0.10647370525068726,reciprocal_rank_fusion_k=60
165,Q0,AP880629-0032,91,0.10618363800594034,reciprocal_rank_fusion_k=60
165,Q0,AP880601-0341,92,0.10530841498992442,reciprocal_rank_fusion_k=60
165,Q0,AP891004-0027,93,0.10469908971857711,reciprocal_rank_fusion_k=60
165,Q0,WSJ880721-0115,94,0.10465696559057168,reciprocal_rank_fusion_k=60
165,Q0,AP890223-0138,95,0.10425586481697964,reciprocal_rank_fusion_k=60
165,Q0,AP891225-0050,96,0.10393159140205398,reciprocal_rank_fusion_k=60
165,Q0,AP880629-0179,97,0.10368011905234278,reciprocal_rank_fusion_k=60
165,Q0,WSJ910304-0119,98,0.1036221384201768,reciprocal_rank_fusion_k=60
165,Q0,WSJ880614-0029,99,0.10311635777139957,reciprocal_rank_fusion_k=60
165,Q0,WSJ920115-0027,100,0.10252859328458463,reciprocal_rank_fusion_k=60
165,Q0,WSJ891018-0099,101,0.10125545697675559,reciprocal_rank_fusion_k=60
165,Q0,AP890106-0070,102,0.10018875531923122,reciprocal_rank_fusion_k=60
165,Q0,WSJ890728-0128,103,0.09952706050956046,reciprocal_rank_fusion_k=60
165,Q0,WSJ900607-0039,104,0.09857833784279114,reciprocal_rank_fusion_k=60
165,Q0,AP880518-0178,105,0.09816210183182116,reciprocal_rank_fusion_k=60
165,Q0,WSJ880615-0002,106,0.09789479802733729,reciprocal_rank_fusion_k=60
165,Q0,AP880622-0272,107,0.09780806914863656,reciprocal_rank_fusion_k=60
165,Q0,WSJ870814-0088,108,0.09732162320677298,reciprocal_rank_fusion_k=60
165,Q0,WSJ880323-0135,109,0.09660835232322776,reciprocal_rank_fusion_k=60
165,Q0,WSJ870604-0010,110,0.0964507647827207,reciprocal_rank_fusion_k=60
165,Q0,AP890301-0308,111,0.09638127245982667,reciprocal_rank_fusion_k=60
165,Q0,AP880326-0121,112,0.09631821427999643,reciprocal_rank_fusion_k=60
165,Q0,AP880219-0027,113,0.09625728933752499,reciprocal_rank_fusion_k=60
165,Q0,AP880603-0161,114,0.0958340306189796,reciprocal_rank_fusion_k=60
165,Q0,AP891025-0272,115,0.09547542521810289,reciprocal_rank_fusion_k=60
165,Q0,AP880615-0090,116,0.09445672111404656,reciprocal_rank_fusion_k=60
165,Q0,WSJ880629-0024,117,0.09383287838541088,reciprocal_rank_fusion_k=60
165,Q0,WSJ870707-0145,118,0.09328974462441175,reciprocal_rank_fusion_k=60
165,Q0,WSJ920121-0156,119,0.0931516808477679,reciprocal_rank_fusion_k=60
165,Q0,WSJ871231-0034,120,0.09223309929207305,reciprocal_rank_fusion_k=60
165,Q0,AP890530-0139,121,0.09151200071542806,reciprocal_rank_fusion_k=60
165,Q0,AP880301-0216,122,0.09117201628332929,reciprocal_rank_fusion_k=60
165,Q0,WSJ900522-0072,123,0.09036933483025056,reciprocal_rank_fusion_k=60
165,Q0,WSJ880503-0056,124,0.09025089917882756,reciprocal_rank_fusion_k=60
165,Q0,WSJ900507-0079,125,0.08942769858007277,reciprocal_rank_fusion_k=60
165,Q0,AP880614-0052,126,0.08929840791057952,reciprocal_rank_fusion_k=60
165,Q0,AP891101-0170,127,0.08831555507056081,reciprocal_rank_fusion_k=60
165,Q0,WSJ870430-0147,128,0.08789855435237684,reciprocal_rank_fusion_k=60
165,Q0,WSJ870106-0146,129,0.0859493372289076,reciprocal_rank_fusion_k=60
165,Q0,WSJ880504-0166,130,0.08540991403471586,reciprocal_rank_fusion_k=60
165,Q0,WSJ880526-0064,131,0.08523631381101794,reciprocal_rank_fusion_k=60
165,Q0,AP880613-0204,132,0.08484795741982444,reciprocal_rank_fusion_k=60
165,Q0,AP880815-0137,133,0.08406911819571379,reciprocal_rank_fusion_k=60
165,Q0,WSJ871202-0095,134,0.083729095420647,reciprocal_rank_fusion_k=60
165,Q0,AP890301-0264,135,0.08370698715422725,reciprocal_rank_fusion_k=60
165,Q0,WSJ880830-0082,136,0.08277641980969619,reciprocal_rank_fusion_k=60
165,Q0,AP880516-0096,137,0.081559185931702,reciprocal_rank_fusion_k=60
165,Q0,WSJ871028-0090,138,0.0814902679588164,reciprocal_rank_fusion_k=60
165,Q0,AP880603-0119,139,0.08090420996686672,reciprocal_rank_fusion_k=60
165,Q0,WSJ880627-0062,140,0.07941656448346184,reciprocal_rank_fusion_k=60
165,Q0,AP891215-0016,141,0.07889362689802358,reciprocal_rank_fusion_k=60
165,Q0,WSJ910422-0097,142,0.07887126583997658,reciprocal_rank_fusion_k=60
165,Q0,AP890105-0255,143,0.07839279272585714,reciprocal_rank_fusion_k=60
165,Q0,AP891214-0121,144,0.07746822704221905,reciprocal_rank_fusion_k=60
165,Q0,WSJ911105-0159,145,0.07735156488993845,reciprocal_rank_fusion_k=60
165,Q0,AP890609-0253,146,0.07691081087165715,reciprocal_rank_fusion_k=60
165,Q0,WSJ880804-0127,147,0.07640303908917338,reciprocal_rank_fusion_k=60
165,Q0,AP890612-0251,148,0.07540756544016669,reciprocal_rank_fusion_k=60
165,Q0,WSJ900521-0078,149,0.07497459157338632,reciprocal_rank_fusion_k=60
165,Q0,AP890913-0308,150,0.07363187176851883,reciprocal_rank_fusion_k=60
165,Q0,AP890909-0074,151,0.07349571133685989,reciprocal_rank_fusion_k=60
165,Q0,AP880613-0305,152,0.07316585886262321,reciprocal_rank_fusion_k=60
165,Q0,AP891208-0269,153,0.0728705597208353,reciprocal_rank_fusion_k=60
165,Q0,WSJ880201-0066,154,0.07260326843045785,reciprocal_rank_fusion_k=60
165,Q0,WSJ900405-0043,155,0.07258722472161099,reciprocal_rank_fusion_k=60
165,Q0,WSJ910625-0139,156,0.07258353665317752,reciprocal_rank_fusion_k=60
165,Q0,AP881226-0137,157,0.07251324534584852,reciprocal_rank_fusion_k=60
165,Q0,WSJ911001-0025,158,0.07206290142865124,reciprocal_rank_fusion_k=60
165,Q0,WSJ900427-0150,159,0.07195389563628804,reciprocal_rank_fusion_k=60
165,Q0,WSJ880816-0020,160,0.07174548866266195,reciprocal_rank_fusion_k=60
165,Q0,WSJ880513-0093,161,0.07152302185275403,reciprocal_rank_fusion_k=60
165,Q0,WSJ880413-0133,162,0.07126100279194177,reciprocal_rank_fusion_k=60
165,Q0,AP890528-0025,163,0.07082697373571133,reciprocal_rank_fusion_k=60
165,Q0,WSJ870928-0041,164,0.07079891196316462,reciprocal_rank_fusion_k=60
165,Q0,AP880217-0300,165,0.07060093255031387,reciprocal_rank_fusion_k=60
165,Q0,AP880620-0049,166,0.07001366861619032,reciprocal_rank_fusion_k=60
165,Q0,AP880422-0296,167,0.06974956273151363,reciprocal_rank_fusion_k=60
165,Q0,WSJ870826-0037,168,0.0696119603871076,reciprocal_rank_fusion_k=60
165,Q0,WSJ900411-0084,169,0.0693305721739728,reciprocal_rank_fusion_k=60
165,Q0,WSJ910705-0055,170,0.06928763922012506,reciprocal_rank_fusion_k=60
165,Q0,WSJ880512-0128,171,0.06901358091780198,reciprocal_rank_fusion_k=60
165,Q0,WSJ870917-0055,172,0.06857566743563824,reciprocal_rank_fusion_k=60
165,Q0,WSJ920212-0018,173,0.06833793821587623,reciprocal_rank_fusion_k=60
165,Q0,WSJ880308-0116,174,0.06805993669252278,reciprocal_rank_fusion_k=60
165,Q0,AP890221-0019,175,0.0680264758107879,reciprocal_rank_fusion_k=60
165,Q0,AP881207-0257,176,0.06801525656035952,reciprocal_rank_fusion_k=60
165,Q0,AP891122-0256,177,0.06790801322746923,reciprocal_rank_fusion_k=60
165,Q0,WSJ870416-0096,178,0.06785787787907002,reciprocal_rank_fusion_k=60
165,Q0,AP880304-0104,179,0.06747589542585185,reciprocal_rank_fusion_k=60
165,Q0,WSJ880624-0103,180,0.06740931913973884,reciprocal_rank_fusion_k=60
165,Q0,AP880830-0213,181,0.06715508083078897,reciprocal_rank_fusion_k=60
165,Q0,WSJ900717-0128,182,0.066010846681606,reciprocal_rank_fusion_k=60
165,Q0,AP890619-0023,183,0.0655073537654169,reciprocal_rank_fusion_k=60
165,Q0,WSJ900711-0111,184,0.06545662611432668,reciprocal_rank_fusion_k=60
165,Q0,AP880228-0040,185,0.06512252359554137,reciprocal_rank_fusion_k=60
165,Q0,WSJ880404-0013,186,0.06466169973932748,reciprocal_rank_fusion_k=60
165,Q0,AP880217-0251,187,0.06451181155052012,reciprocal_rank_fusion_k=60
165,Q0,WSJ870422-0126,188,0.06444867722733169,reciprocal_rank_fusion_k=60
165,Q0,WSJ910517-0115,189,0.06427706742866654,reciprocal_rank_fusion_k=60
165,Q0,WSJ910131-0016,190,0.06426822418162781,reciprocal_rank_fusion_k=60
165,Q0,AP880830-0219,191,0.06374019249354038,reciprocal_rank_fusion_k=60
165,Q0,WSJ870811-0138,192,0.06232010941970132,reciprocal_rank_fusion_k=60
165,Q0,WSJ880606-0090,193,0.061875460114475346,reciprocal_rank_fusion_k=60
165,Q0,WSJ910130-0057,194,0.06172834118352898,reciprocal_rank_fusion_k=60
165,Q0,WSJ900924-0121,195,0.061509705673398994,reciprocal_rank_fusion_k=60
165,Q0,WSJ920316-0027,196,0.06102240090969744,reciprocal_rank_fusion_k=60
165,Q0,WSJ881021-0036,197,0.060913395274416075,reciprocal_rank_fusion_k=60
165,Q0,AP880525-0344,198,0.06072218094039062,reciprocal_rank_fusion_k=60
165,Q0,AP880516-0160,199,0.060653425274004975,reciprocal_rank_fusion_k=60
165,Q0,WSJ900615-0105,200,0.060578133786642646,reciprocal_rank_fusion_k=60
165,Q0,WSJ900927-0076,201,0.06053464716590367,reciprocal_rank_fusion_k=60
165,Q0,WSJ881021-0163,202,0.0605019654932579,reciprocal_rank_fusion_k=60
165,Q0,WSJ880601-0151,203,0.060323279473192194,reciprocal_rank_fusion_k=60
165,Q0,WSJ891003-0074,204,0.060290169755753104,reciprocal_rank_fusion_k=60
165,Q0,AP880213-0196,205,0.06016114948146967,reciprocal_rank_fusion_k=60
165,Q0,WSJ920117-0140,206,0.05988599201479941,reciprocal_rank_fusion_k=60
165,Q0,WSJ880422-0094,207,0.05973627626885753,reciprocal_rank_fusion_k=60
165,Q0,WSJ920108-0050,208,0.05963859491149815,reciprocal_rank_fusion_k=60
165,Q0,WSJ870218-0068,209,0.05956795487892031,reciprocal_rank_fusion_k=60
165,Q0,AP890629-0274,210,0.059411483045969,reciprocal_rank_fusion_k=60
165,Q0,AP890914-0147,211,0.05885774291034883,reciprocal_rank_fusion_k=60
165,Q0,WSJ900810-0119,212,0.05885134503031644,reciprocal_rank_fusion_k=60
165,Q0,AP881109-0027,213,0.05864264526628615,reciprocal_rank_fusion_k=60
165,Q0,AP890110-0160,214,0.058250748073317926,reciprocal_rank_fusion_k=60
165,Q0,WSJ900614-0035,215,0.05815351391124019,reciprocal_rank_fusion_k=60
165,Q0,WSJ910503-0091,216,0.058150808186789256,reciprocal_rank_fusion_k=60
165,Q0,AP880410-0080,217,0.057752793609033945,reciprocal_rank_fusion_k=60
165,Q0,AP890728-0222,218,0.05717099103699252,reciprocal_rank_fusion_k=60
165,Q0,WSJ920108-0092,219,0.057140283498821165,reciprocal_rank_fusion_k=60
165,Q0,WSJ920311-0070,220,0.05712914629440774,reciprocal_rank_fusion_k=60
165,Q0,WSJ900517-0073,221,0.056983190971572735,reciprocal_rank_fusion_k=60
165,Q0,WSJ900809-0054,222,0.056400058728092596,reciprocal_rank_fusion_k=60
165,Q0,WSJ881018-0022,223,0.05587456419560393,reciprocal_rank_fusion_k=60
165,Q0,AP890122-0067,224,0.05583462594270742,reciprocal_rank_fusion_k=60
165,Q0,AP880422-0021,225,0.05550213589587644,reciprocal_rank_fusion_k=60
165,Q0,WSJ900703-0150,226,0.05538845358080439,reciprocal_rank_fusion_k=60
165,Q0,WSJ870403-0076,227,0.0552062748313747,reciprocal_rank_fusion_k=60
165,Q0,WSJ870824-0034,228,0.05442196851451689,reciprocal_rank_fusion_k=60
165,Q0,WSJ880411-0047,229,0.0543987338260939,reciprocal_rank_fusion_k=60
165,Q0,AP890801-0071,230,0.054177105312207555,reciprocal_rank_fusion_k=60
165,Q0,WSJ900906-0113,231,0.0540487650934317,reciprocal_rank_fusion_k=60
165,Q0,WSJ911106-0128,232,0.05396712182359768,reciprocal_rank_fusion_k=60
165,Q0,AP880602-0322,233,0.05376229646330882,reciprocal_rank_fusion_k=60
165,Q0,AP891004-0252,234,0.05369258648433666,reciprocal_rank_fusion_k=60
165,Q0,AP880903-0126,235,0.053629193698512365,reciprocal_rank_fusion_k=60
165,Q0,AP890710-0206,236,0.05316465170232228,reciprocal_rank_fusion_k=60
165,Q0,WSJ890912-0104,237,0.05301581502936658,reciprocal_rank_fusion_k=60
165,Q0,AP890712-0241,238,0.052748902259836944,reciprocal_rank_fusion_k=60
165,Q0,WSJ881005-0142,239,0.052700648575710524,reciprocal_rank_fusion_k=60
165,Q0,WSJ871127-0122,240,0.05245671566913067,reciprocal_rank_fusion_k=60
165,Q0,DOE1-45-0162,241,0.052400444403687775,reciprocal_rank_fusion_k=60
165,Q0,AP880614-0056,242,0.0523613405048406,reciprocal_rank_fusion_k=60
165,Q0,WSJ861216-0172,243,0.05232971624565052,reciprocal_rank_fusion_k=60
165,Q0,WSJ890811-0102,244,0.05229336570135711,reciprocal_rank_fusion_k=60
165,Q0,AP890603-0027,245,0.051763322324740055,reciprocal_rank_fusion_k=60
165,Q0,WSJ870720-0004,246,0.05164755396950514,reciprocal_rank_fusion_k=60
165,Q0,WSJ890918-0079,247,0.0513443903616927,reciprocal_rank_fusion_k=60
165,Q0,WSJ920210-0064,248,0.0509719513176763,reciprocal_rank_fusion_k=60
165,Q0,AP880426-0100,249,0.05094495065861019,reciprocal_rank_fusion_k=60
165,Q0,AP881121-0151,250,0.050652625392247755,reciprocal_rank_fusion_k=60
165,Q0,AP880603-0173,251,0.05057596167557656,reciprocal_rank_fusion_k=60
165,Q0,AP890531-0115,252,0.05038084051121817,reciprocal_rank_fusion_k=60
165,Q0,WSJ870416-0005,253,0.050291421005268934,reciprocal_rank_fusion_k=60
165,Q0,AP891101-0241,254,0.050109277404771786,reciprocal_rank_fusion_k=60
165,Q0,WSJ910201-0033,255,0.04995660248266411,reciprocal_rank_fusion_k=60
165,Q0,WSJ890822-0133,256,0.04973054838753166,reciprocal_rank_fusion_k=60
165,Q0,AP880612-0069,257,0.04950852734796719,reciprocal_rank_fusion_k=60
165,Q0,AP881212-0293,258,0.049197275268634245,reciprocal_rank_fusion_k=60
165,Q0,AP880616-0145,259,0.04914638061695362,reciprocal_rank_fusion_k=60
165,Q0,WSJ900606-0038,260,0.049111384935689964,reciprocal_rank_fusion_k=60
165,Q0,DOE1-33-0581,261,0.04906450239012483,reciprocal_rank_fusion_k=60
165,Q0,WSJ870506-0011,262,0.04893135568554612,reciprocal_rank_fusion_k=60
165,Q0,AP881226-0138,263,0.048332026795854216,reciprocal_rank_fusion_k=60
165,Q0,AP890109-0107,264,0.0482934564344869,reciprocal_rank_fusion_k=60
165,Q0,AP890106-0041,265,0.04810472252708792,reciprocal_rank_fusion_k=60
165,Q0,WSJ871207-0077,266,0.04806551034193548,reciprocal_rank_fusion_k=60
165,Q0,WSJ910311-0107,267,0.04779413570196343,reciprocal_rank_fusion_k=60
165,Q0,WSJ870115-0048,268,0.04717160064965994,reciprocal_rank_fusion_k=60
165,Q0,WSJ881021-0012,269,0.047140343400970536,reciprocal_rank_fusion_k=60
165,Q0,WSJ881020-0050,270,0.04671388807463777,reciprocal_rank_fusion_k=60
165,Q0,WSJ871231-0144,271,0.046091135363859,reciprocal_rank_fusion_k=60
165,Q0,WSJ880120-0096,272,0.04603975432435583,reciprocal_rank_fusion_k=60
165,Q0,AP880514-0154,273,0.04586068579849715,reciprocal_rank_fusion_k=60
165,Q0,WSJ910415-0164,274,0.045828474543257294,reciprocal_rank_fusion_k=60
165,Q0,AP880421-0268,275,0.04566737992223837,reciprocal_rank_fusion_k=60
165,Q0,WSJ870302-0049,276,0.04544900519088638,reciprocal_rank_fusion_k=60
165,Q0,WSJ910206-0159,277,0.045426654930918915,reciprocal_rank_fusion_k=60
165,Q0,AP890119-0289,278,0.045306808203796796,reciprocal_rank_fusion_k=60
165,Q0,AP890213-0270,279,0.04524692781502818,reciprocal_rank_fusion_k=60
165,Q0,AP890904-0020,280,0.045180267544582015,reciprocal_rank_fusion_k=60
165,Q0,AP880422-0205,281,0.04482640957848647,reciprocal_rank_fusion_k=60
165,Q0,AP881201-0261,282,0.04464345714197663,reciprocal_rank_fusion_k=60
165,Q0,AP880729-0154,283,0.044388573142209606,reciprocal_rank_fusion_k=60
165,Q0,WSJ870130-0033,284,0.04432203673369472,reciprocal_rank_fusion_k=60
165,Q0,WSJ910705-0111,285,0.04427405237843045,reciprocal_rank_fusion_k=60
165,Q0,WSJ910304-0102,286,0.04422070389365608,reciprocal_rank_fusion_k=60
165,Q0,AP880901-0265,287,0.043863264350979446,reciprocal_rank_fusion_k=60
165,Q0,AP880525-0237,288,0.043823175679223225,reciprocal_rank_fusion_k=60
165,Q0,WSJ900912-0069,289,0.04376957060599106,reciprocal_rank_fusion_k=60
165,Q0,DOE2-83-0599,290,0.04368066977282073,reciprocal_rank_fusion_k=60
165,Q0,WSJ861211-0142,291,0.043637424816176,reciprocal_rank_fusion_k=60
165,Q0,WSJ911028-0017,292,0.043599021413442685,reciprocal_rank_fusion_k=60
165,Q0,AP890921-0249,293,0.043507745380831825,reciprocal_rank_fusion_k=60
165,Q0,WSJ880216-0135,294,0.04349115005732027,reciprocal_rank_fusion_k=60
165,Q0,WSJ890804-0003,295,0.04309351659135443,reciprocal_rank_fusion_k=60
165,Q0,WSJ910322-0041,296,0.04301823568224869,reciprocal_rank_fusion_k=60
165,Q0,WSJ890803-0106,297,0.04295901653987273,reciprocal_rank_fusion_k=60
165,Q0,WSJ900910-0148,298,0.042845733096856076,reciprocal_rank_fusion_k=60
165,Q0,AP890914-0237,299,0.0427502755217609,reciprocal_rank_fusion_k=60
165,Q0,WSJ880906-0123,300,0.04260617063357553,reciprocal_rank_fusion_k=60
165,Q0,AP890906-0161,301,0.04254475519344291,reciprocal_rank_fusion_k=60
165,Q0,AP890522-0331,302,0.04249815149589687,reciprocal_rank_fusion_k=60
165,Q0,AP890422-0008,303,0.0424308732203322,reciprocal_rank_fusion_k=60
165,Q0,WSJ870617-0051,304,0.04197051911020848,reciprocal_rank_fusion_k=60
165,Q0,AP880411-0146,305,0.04182199100272254,reciprocal_rank_fusion_k=60
165,Q0,AP880602-0123,306,0.04156085654154228,reciprocal_rank_fusion_k=60
165,Q0,AP890107-0024,307,0.04146584027685812,reciprocal_rank_fusion_k=60
165,Q0,AP880421-0305,308,0.04138968450405283,reciprocal_rank_fusion_k=60
165,Q0,AP881117-0141,309,0.041358876902252845,reciprocal_rank_fusion_k=60
165,Q0,AP890123-0144,310,0.04121616977906392,reciprocal_rank_fusion_k=60
165,Q0,AP880503-0190,311,0.041211551459161236,reciprocal_rank_fusion_k=60
165,Q0,AP880615-0288,312,0.041107523489229136,reciprocal_rank_fusion_k=60
165,Q0,WSJ900417-0107,313,0.041090765426013,reciprocal_rank_fusion_k=60
165,Q0,WSJ910326-0088,314,0.04106370421081004,reciprocal_rank_fusion_k=60
165,Q0,AP880927-0015,315,0.04091996200842041,reciprocal_rank_fusion_k=60
165,Q0,WSJ880725-0046,316,0.04077365802318283,reciprocal_rank_fusion_k=60
165,Q0,AP890101-0037,317,0.04063872767158931,reciprocal_rank_fusion_k=60
165,Q0,WSJ910327-0084,318,0.04055244981499558,reciprocal_rank_fusion_k=60
165,Q0,AP880404-0133,319,0.040511002381923865,reciprocal_rank_fusion_k=60
165,Q0,WSJ900416-0073,320,0.040251293940804796,reciprocal_rank_fusion_k=60
165,Q0,WSJ890919-0162,321,0.040234946342950065,reciprocal_rank_fusion_k=60
165,Q0,WSJ910618-0124,322,0.04019087475906674,reciprocal_rank_fusion_k=60
165,Q0,AP891116-0095,323,0.04018375125842838,reciprocal_rank_fusion_k=60
165,Q0,WSJ900925-0036,324,0.04012147051918543,reciprocal_rank_fusion_k=60
165,Q0,WSJ911014-0171,325,0.0397618234788831,reciprocal_rank_fusion_k=60
165,Q0,DOE1-30-0966,326,0.03960395182005493,reciprocal_rank_fusion_k=60
165,Q0,WSJ900711-0104,327,0.03950745480582516,reciprocal_rank_fusion_k=60
165,Q0,WSJ900726-0108,328,0.03929128447270876,reciprocal_rank_fusion_k=60
165,Q0,AP881012-0263,329,0.039285752085905436,reciprocal_rank_fusion_k=60
165,Q0,AP890913-0281,330,0.03926637913916643,reciprocal_rank_fusion_k=60
165,Q0,FR89731-0026,331,0.03910580866149679,reciprocal_rank_fusion_k=60
165,Q0,AP890119-0300,332,0.0390889847526965,reciprocal_rank_fusion_k=60
165,Q0,AP890124-0237,333,0.03875030345714353,reciprocal_rank_fusion_k=60
165,Q0,WSJ910415-0103,334,0.038718097366747,reciprocal_rank_fusion_k=60
165,Q0,WSJ890810-0106,335,0.03868492788266398,reciprocal_rank_fusion_k=60
165,Q0,WSJ910521-0114,336,0.03863988920773169,reciprocal_rank_fusion_k=60
165,Q0,AP880729-0111,337,0.038523091395118815,reciprocal_rank_fusion_k=60
165,Q0,WSJ870610-0146,338,0.03827770175391461,reciprocal_rank_fusion_k=60
165,Q0,WSJ870227-0067,339,0.03822267909639662,reciprocal_rank_fusion_k=60
165,Q0,AP890906-0287,340,0.0381936434916607,reciprocal_rank_fusion_k=60
165,Q0,WSJ900904-0025,341,0.038122547388929104,reciprocal_rank_fusion_k=60
165,Q0,WSJ880705-0155,342,0.038012066952024776,reciprocal_rank_fusion_k=60
165,Q0,WSJ900906-0001,343,0.0379070478430493,reciprocal_rank_fusion_k=60
165,Q0,WSJ870305-0056,344,0.03772214420878936,reciprocal_rank_fusion_k=60
165,Q0,AP890111-0041,345,0.03771197885965384,reciprocal_rank_fusion_k=60
165,Q0,WSJ871124-0110,346,0.037609172160315334,reciprocal_rank_fusion_k=60
165,Q0,WSJ910522-0142,347,0.03752331706787592,reciprocal_rank_fusion_k=60
165,Q0,AP880904-0065,348,0.03716643018692498,reciprocal_rank_fusion_k=60
165,Q0,WSJ920304-0087,349,0.03714869085676029,reciprocal_rank_fusion_k=60
165,Q0,WSJ910716-0139,350,0.03704991444060116,reciprocal_rank_fusion_k=60
165,Q0,WSJ920116-0023,351,0.03703735959923667,reciprocal_rank_fusion_k=60
165,Q0,WSJ880519-0111,352,0.036953154398654,reciprocal_rank_fusion_k=60
165,Q0,AP881021-0245,353,0.03688316736475359,reciprocal_rank_fusion_k=60
165,Q0,WSJ880405-0013,354,0.03687915421951775,reciprocal_rank_fusion_k=60
165,Q0,WSJ910926-0126,355,0.03685787799514359,reciprocal_rank_fusion_k=60
165,Q0,AP891121-0031,356,0.036495848430518146,reciprocal_rank_fusion_k=60
165,Q0,WSJ870602-0092,357,0.036411036869600205,reciprocal_rank_fusion_k=60
165,Q0,AP890112-0025,358,0.03635801431330092,reciprocal_rank_fusion_k=60
165,Q0,AP880502-0069,359,0.03618901873774445,reciprocal_rank_fusion_k=60
165,Q0,WSJ900907-0033,360,0.03613295628490888,reciprocal_rank_fusion_k=60
165,Q0,AP890919-0232,361,0.03609203253769429,reciprocal_rank_fusion_k=60
165,Q0,WSJ900507-0111,362,0.03579609158897996,reciprocal_rank_fusion_k=60
165,Q0,WSJ880331-0091,363,0.03571501067463959,reciprocal_rank_fusion_k=60
165,Q0,AP880505-0321,364,0.03548494348257547,reciprocal_rank_fusion_k=60
165,Q0,WSJ910523-0044,365,0.03547938934587888,reciprocal_rank_fusion_k=60
165,Q0,AP890810-0212,366,0.035360902396044794,reciprocal_rank_fusion_k=60
165,Q0,WSJ870331-0078,367,0.03524581007357753,reciprocal_rank_fusion_k=60
165,Q0,WSJ910529-0039,368,0.03524543500848571,reciprocal_rank_fusion_k=60
165,Q0,WSJ900601-0054,369,0.035086831120669876,reciprocal_rank_fusion_k=60
165,Q0,WSJ881020-0140,370,0.034927257264746096,reciprocal_rank_fusion_k=60
165,Q0,AP890911-0069,371,0.03486999452797218,reciprocal_rank_fusion_k=60
165,Q0,AP880625-0058,372,0.0347828819161866,reciprocal_rank_fusion_k=60
165,Q0,AP890530-0227,373,0.03470249549604451,reciprocal_rank_fusion_k=60
165,Q0,AP880406-0237,374,0.03469201679795237,reciprocal_rank_fusion_k=60
165,Q0,WSJ891004-0039,375,0.03459609850607424,reciprocal_rank_fusion_k=60
165,Q0,AP890127-0099,376,0.03442518485835365,reciprocal_rank_fusion_k=60
165,Q0,WSJ870915-0097,377,0.03439054219520355,reciprocal_rank_fusion_k=60
165,Q0,DOE2-42-1187,378,0.034235132187558234,reciprocal_rank_fusion_k=60
165,Q0,AP880516-0176,379,0.03417827307774999,reciprocal_rank_fusion_k=60
165,Q0,AP881117-0095,380,0.034082017689452675,reciprocal_rank_fusion_k=60
165,Q0,WSJ910617-0111,381,0.03401240370569473,reciprocal_rank_fusion_k=60
165,Q0,AP890504-0280,382,0.03386504971008543,reciprocal_rank_fusion_k=60
165,Q0,AP881018-0285,383,0.033736572080229184,reciprocal_rank_fusion_k=60
165,Q0,WSJ910821-0046,384,0.03362417901425845,reciprocal_rank_fusion_k=60
165,Q0,WSJ870303-0109,385,0.0336105512119063,reciprocal_rank_fusion_k=60
165,Q0,WSJ880923-0086,386,0.03338623353736491,reciprocal_rank_fusion_k=60
165,Q0,WSJ900627-0128,387,0.03337628791831069,reciprocal_rank_fusion_k=60
165,Q0,ZF207-249-727,388,0.03337139935886708,reciprocal_rank_fusion_k=60
165,Q0,AP890911-0118,389,0.03326027291010246,reciprocal_rank_fusion_k=60
165,Q0,AP881201-0258,390,0.03313954487672287,reciprocal_rank_fusion_k=60
165,Q0,AP890913-0287,391,0.03294804758549773,reciprocal_rank_fusion_k=60
165,Q0,FR891006-0067,392,0.032763678195862574,reciprocal_rank_fusion_k=60
165,Q0,WSJ880706-0150,393,0.03252854611979762,reciprocal_rank_fusion_k=60
165,Q0,WSJ900618-0021,394,0.03251019796035581,reciprocal_rank_fusion_k=60
165,Q0,WSJ900622-0117,395,0.03244423511958888,reciprocal_rank_fusion_k=60
165,Q0,AP880629-0319,396,0.032440494464034325,reciprocal_rank_fusion_k=60
165,Q0,WSJ880816-0097,397,0.0323013234521857,reciprocal_rank_fusion_k=60
165,Q0,WSJ880728-0086,398,0.03220356731526435,reciprocal_rank_fusion_k=60
165,Q0,AP880510-0285,399,0.03207855406177194,reciprocal_rank_fusion_k=60
165,Q0,AP890714-0041,400,0.031983929219068674,reciprocal_rank_fusion_k=60
165,Q0,AP881214-0107,401,0.03192878255012482,reciprocal_rank_fusion_k=60
165,Q0,WSJ870602-0087,402,0.03182124776514139,reciprocal_rank_fusion_k=60
165,Q0,AP880607-0271,403,0.03181898897942597,reciprocal_rank_fusion_k=60
165,Q0,WSJ900829-0151,404,0.03177777877605168,reciprocal_rank_fusion_k=60
165,Q0,WSJ870702-0172,405,0.031625610467903305,reciprocal_rank_fusion_k=60
165,Q0,WSJ870423-0131,406,0.031308162782143094,reciprocal_rank_fusion_k=60
165,Q0,AP880514-0006,407,0.03129035469186617,reciprocal_rank_fusion_k=60
165,Q0,WSJ870217-0013,408,0.031285789562024616,reciprocal_rank_fusion_k=60
165,Q0,WSJ891101-0038,409,0.03123698730404048,reciprocal_rank_fusion_k=60
165,Q0,AP880514-0040,410,0.03114983223038326,reciprocal_rank_fusion_k=60
165,Q0,WSJ880908-0096,411,0.031054687182291887,reciprocal_rank_fusion_k=60
165,Q0,WSJ910627-0002,412,0.030909634452858627,reciprocal_rank_fusion_k=60
165,Q0,AP890119-0190,413,0.030816320958238573,reciprocal_rank_fusion_k=60
165,Q0,WSJ871209-0015,414,0.030657427619107582,reciprocal_rank_fusion_k=60
165,Q0,WSJ870918-0069,415,0.03061103050286037,reciprocal_rank_fusion_k=60
165,Q0,WSJ880824-0110,416,0.030578686658570928,reciprocal_rank_fusion_k=60
165,Q0,WSJ900521-0160,417,0.0304935457504686,reciprocal_rank_fusion_k=60
165,Q0,FR89524-0073,418,0.030403331628179927,reciprocal_rank_fusion_k=60
165,Q0,WSJ881018-0064,419,0.0303910446837242,reciprocal_rank_fusion_k=60
165,Q0,AP880627-0247,420,0.030292563064999424,reciprocal_rank_fusion_k=60
165,Q0,WSJ910506-0099,421,0.03019603960478017,reciprocal_rank_fusion_k=60
165,Q0,AP880910-0103,422,0.030178840920178765,reciprocal_rank_fusion_k=60
165,Q0,WSJ880128-0150,423,0.030039962888507785,reciprocal_rank_fusion_k=60
165,Q0,WSJ920115-0064,424,0.029976315721338145,reciprocal_rank_fusion_k=60
165,Q0,WSJ910719-0098,425,0.02996425887545525,reciprocal_rank_fusion_k=60
165,Q0,AP881117-0235,426,0.029949281069098728,reciprocal_rank_fusion_k=60
165,Q0,AP880405-0253,427,0.0299408233855434,reciprocal_rank_fusion_k=60
165,Q0,WSJ880107-0118,428,0.029897786244096343,reciprocal_rank_fusion_k=60
165,Q0,WSJ890804-0159,429,0.029875550764804484,reciprocal_rank_fusion_k=60
165,Q0,WSJ910108-0074,430,0.0298256741431727,reciprocal_rank_fusion_k=60
165,Q0,AP890301-0309,431,0.029630159855608726,reciprocal_rank_fusion_k=60
165,Q0,AP880526-0143,432,0.029556671191174475,reciprocal_rank_fusion_k=60
165,Q0,AP880914-0268,433,0.029536378562120266,reciprocal_rank_fusion_k=60
165,Q0,WSJ880311-0019,434,0.029423119328567223,reciprocal_rank_fusion_k=60
165,Q0,WSJ910805-0085,435,0.029281701764410053,reciprocal_rank_fusion_k=60
165,Q0,WSJ900917-0107,436,0.029143671195614198,reciprocal_rank_fusion_k=60
165,Q0,WSJ880406-0014,437,0.029111621248325892,reciprocal_rank_fusion_k=60
165,Q0,WSJ920320-0006,438,0.029078920855593403,reciprocal_rank_fusion_k=60
165,Q0,WSJ880608-0062,439,0.029049551320191606,reciprocal_rank_fusion_k=60
165,Q0,AP890201-0027,440,0.02898971394319715,reciprocal_rank_fusion_k=60
165,Q0,AP890515-0254,441,0.028861828337286906,reciprocal_rank_fusion_k=60
165,Q0,WSJ900726-0002,442,0.028843693998122068,reciprocal_rank_fusion_k=60
165,Q0,AP890228-0168,443,0.02883477524466047,reciprocal_rank_fusion_k=60
165,Q0,WSJ881018-0062,444,0.028771426774011302,reciprocal_rank_fusion_k=60
165,Q0,WSJ910326-0018,445,0.028727489156671115,reciprocal_rank_fusion_k=60
165,Q0,AP880608-0268,446,0.028681177546733615,reciprocal_rank_fusion_k=60
165,Q0,AP890518-0129,447,0.028656049856511868,reciprocal_rank_fusion_k=60
165,Q0,ZF108-725-732,448,0.028599119969147525,reciprocal_rank_fusion_k=60
165,Q0,AP881125-0088,449,0.028516652922312175,reciprocal_rank_fusion_k=60
165,Q0,WSJ920211-0041,450,0.028477209702166804,reciprocal_rank_fusion_k=60
165,Q0,AP890306-0079,451,0.028412718006475754,reciprocal_rank_fusion_k=60
165,Q0,ZF108-827-522,452,0.028148014766251242,reciprocal_rank_fusion_k=60
165,Q0,AP891213-0196,453,0.028070459711592628,reciprocal_rank_fusion_k=60
165,Q0,WSJ881014-0199,454,0.02792067142608005,reciprocal_rank_fusion_k=60
165,Q0,AP890110-0009,455,0.027882225683476713,reciprocal_rank_fusion_k=60
165,Q0,WSJ900403-0168,456,0.027870425748304496,reciprocal_rank_fusion_k=60
165,Q0,AP891101-0057,457,0.027768330235692633,reciprocal_rank_fusion_k=60
165,Q0,WSJ870602-0094,458,0.0277431236897344,reciprocal_rank_fusion_k=60
165,Q0,AP890301-0171,459,0.027690428353276963,reciprocal_rank_fusion_k=60
165,Q0,WSJ911101-0170,460,0.02763983291635325,reciprocal_rank_fusion_k=60
165,Q0,FR881110-0097,461,0.02762354343232563,reciprocal_rank_fusion_k=60
165,Q0,FR881206-0095,462,0.027608121852955886,reciprocal_rank_fusion_k=60
165,Q0,WSJ911017-0093,463,0.027581878438045628,reciprocal_rank_fusion_k=60
165,Q0,WSJ900615-0084,464,0.027556928112067287,reciprocal_rank_fusion_k=60
165,Q0,AP890929-0220,465,0.027545011859819446,reciprocal_rank_fusion_k=60
165,Q0,WSJ900914-0139,466,0.02751003790106804,reciprocal_rank_fusion_k=60
165,Q0,AP890713-0257,467,0.027472011949374233,reciprocal_rank_fusion_k=60
165,Q0,ZF108-568-110,468,0.027344651237271693,reciprocal_rank_fusion_k=60
165,Q0,AP890818-0109,469,0.02733595890654297,reciprocal_rank_fusion_k=60
165,Q0,WSJ870330-0154,470,0.02733184182304213,reciprocal_rank_fusion_k=60
165,Q0,WSJ880412-0095,471,0.027326024588481646,reciprocal_rank_fusion_k=60
165,Q0,AP880613-0024,472,0.02732243337658672,reciprocal_rank_fusion_k=60
165,Q0,WSJ881021-0048,473,0.027246420744738358,reciprocal_rank_fusion_k=60
165,Q0,AP890712-0240,474,0.027232725313560375,reciprocal_rank_fusion_k=60
165,Q0,AP890223-0264,475,0.027108000947336133,reciprocal_rank_fusion_k=60
165,Q0,WSJ870127-0038,476,0.027054113161217867,reciprocal_rank_fusion_k=60
165,Q0,WSJ870727-0056,477,0.02704261175320655,reciprocal_rank_fusion_k=60
165,Q0,WSJ861215-0129,478,0.027004962546403402,reciprocal_rank_fusion_k=60
165,Q0,AP890824-0021,479,0.02699125761689897,reciprocal_rank_fusion_k=60
165,Q0,WSJ881101-0106,480,0.026980853998313875,reciprocal_rank_fusion_k=60
165,Q0,WSJ920124-0041,481,0.026932006083297235,reciprocal_rank_fusion_k=60
165,Q0,WSJ881011-0011,482,0.02663232962949517,reciprocal_rank_fusion_k=60
165,Q0,AP890927-0090,483,0.026631251548540607,reciprocal_rank_fusion_k=60
165,Q0,WSJ910524-0098,484,0.0266126539167751,reciprocal_rank_fusion_k=60
165,Q0,WSJ880218-0095,485,0.02655247583660807,reciprocal_rank_fusion_k=60
165,Q0,WSJ900430-0085,486,0.02653064861681584,reciprocal_rank_fusion_k=60
165,Q0,WSJ920113-0033,487,0.026525089720583334,reciprocal_rank_fusion_k=60
165,Q0,AP891203-0030,488,0.02651368957748833,reciprocal_rank_fusion_k=60
165,Q0,WSJ880919-0069,489,0.026459278000594933,reciprocal_rank_fusion_k=60
165,Q0,WSJ920319-0045,490,0.026447851101360796,reciprocal_rank_fusion_k=60
165,Q0,AP880212-0099,491,0.026444905218568474,reciprocal_rank_fusion_k=60
165,Q0,AP890220-0012,492,0.02643006078173207,reciprocal_rank_fusion_k=60
165,Q0,AP891122-0300,493,0.02641953999939081,reciprocal_rank_fusion_k=60
165,Q0,WSJ871015-0076,494,0.02640140534726378,reciprocal_rank_fusion_k=60
165,Q0,AP880409-0096,495,0.026392599221804734,reciprocal_rank_fusion_k=60
165,Q0,ZF108-257-546,496,0.02634431409808815,reciprocal_rank_fusion_k=60
165,Q0,WSJ910621-0111,497,0.026301025061066085,reciprocal_rank_fusion_k=60
165,Q0,AP880712-0272,498,0.026299033989728375,reciprocal_rank_fusion_k=60
165,Q0,WSJ870601-0047,499,0.026287387504602765,reciprocal_rank_fusion_k=60
165,Q0,WSJ910425-0136,500,0.026275586283942144,reciprocal_rank_fusion_k=60
165,Q0,AP890616-0260,501,0.026163715745949147,reciprocal_rank_fusion_k=60
165,Q0,WSJ900801-0078,502,0.02611413972645898,reciprocal_rank_fusion_k=60
165,Q0,AP881104-0037,503,0.026101314036118307,reciprocal_rank_fusion_k=60
165,Q0,WSJ880222-0060,504,0.026070165016793444,reciprocal_rank_fusion_k=60
165,Q0,WSJ920309-0058,505,0.02605525237136905,reciprocal_rank_fusion_k=60
165,Q0,WSJ880715-0015,506,0.02595499446268559,reciprocal_rank_fusion_k=60
165,Q0,AP881020-0306,507,0.02594679815470651,reciprocal_rank_fusion_k=60
165,Q0,AP890209-0258,508,0.025945409681618493,reciprocal_rank_fusion_k=60
165,Q0,WSJ880616-0164,509,0.02590217327028031,reciprocal_rank_fusion_k=60
165,Q0,WSJ890929-0137,510,0.025892056509144137,reciprocal_rank_fusion_k=60
165,Q0,WSJ910701-0140,511,0.025883284492676094,reciprocal_rank_fusion_k=60
165,Q0,AP890613-0036,512,0.025763638654648598,reciprocal_rank_fusion_k=60
165,Q0,ZF109-594-043,513,0.025762841522624542,reciprocal_rank_fusion_k=60
165,Q0,WSJ900723-0124,514,0.025719008915590473,reciprocal_rank_fusion_k=60
165,Q0,AP890630-0053,515,0.025698605707285768,reciprocal_rank_fusion_k=60
165,Q0,WSJ861203-0040,516,0.025664274716584,reciprocal_rank_fusion_k=60
165,Q0,WSJ900517-0129,517,0.02562664964748022,reciprocal_rank_fusion_k=60
165,Q0,WSJ870306-0122,518,0.025601106362065317,reciprocal_rank_fusion_k=60
165,Q0,AP881017-0159,519,0.025580045158540066,reciprocal_rank_fusion_k=60
165,Q0,AP880405-0010,520,0.02555464540715573,reciprocal_rank_fusion_k=60
165,Q0,WSJ880119-0081,521,0.025410494609934466,reciprocal_rank_fusion_k=60
165,Q0,WSJ920319-0168,522,0.025206745000014016,reciprocal_rank_fusion_k=60
165,Q0,AP880823-0020,523,0.024986830676623634,reciprocal_rank_fusion_k=60
165,Q0,WSJ910716-0107,524,0.024966642441558672,reciprocal_rank_fusion_k=60
165,Q0,WSJ900612-0096,525,0.02491409967479082,reciprocal_rank_fusion_k=60
165,Q0,AP880425-0001,526,0.02491272228892037,reciprocal_rank_fusion_k=60
165,Q0,WSJ880916-0001,527,0.024842966407973514,reciprocal_rank_fusion_k=60
165,Q0,AP890531-0175,528,0.024733796003608144,reciprocal_rank_fusion_k=60
165,Q0,AP890524-0038,529,0.024590744428992457,reciprocal_rank_fusion_k=60
165,Q0,AP890327-0170,530,0.02454520051581826,reciprocal_rank_fusion_k=60
165,Q0,WSJ911030-0011,531,0.024506580086983528,reciprocal_rank_fusion_k=60
165,Q0,WSJ870812-0032,532,0.024472401333162353,reciprocal_rank_fusion_k=60
165,Q0,AP890508-0251,533,0.024434645591238056,reciprocal_rank_fusion_k=60
165,Q0,WSJ900918-0163,534,0.02442240780234465,reciprocal_rank_fusion_k=60
165,Q0,WSJ870318-0123,535,0.0244150841144567,reciprocal_rank_fusion_k=60
165,Q0,WSJ900613-0080,536,0.024385571574902613,reciprocal_rank_fusion_k=60
165,Q0,ZF207-321-783,537,0.024320932364059366,reciprocal_rank_fusion_k=60
165,Q0,AP880812-0115,538,0.024225665986498075,reciprocal_rank_fusion_k=60
165,Q0,AP880928-0299,539,0.024040607367690734,reciprocal_rank_fusion_k=60
165,Q0,WSJ870113-0097,540,0.024020135295803643,reciprocal_rank_fusion_k=60
165,Q0,WSJ920116-0042,541,0.023939570323227646,reciprocal_rank_fusion_k=60
165,Q0,AP881005-0066,542,0.023858815080698474,reciprocal_rank_fusion_k=60
165,Q0,ZF207-207-132,543,0.023802417556065797,reciprocal_rank_fusion_k=60
165,Q0,WSJ880815-0091,544,0.023782204573379172,reciprocal_rank_fusion_k=60
165,Q0,AP880622-0133,545,0.023707912596007033,reciprocal_rank_fusion_k=60
165,Q0,WSJ900917-0079,546,0.023676012566908065,reciprocal_rank_fusion_k=60
165,Q0,WSJ900425-0168,547,0.02366943329361829,reciprocal_rank_fusion_k=60
165,Q0,WSJ891023-0111,548,0.02359043828161151,reciprocal_rank_fusion_k=60
165,Q0,WSJ920131-0076,549,0.023501693095770722,reciprocal_rank_fusion_k=60
165,Q0,WSJ910419-0111,550,0.023432330918486077,reciprocal_rank_fusion_k=60
165,Q0,WSJ870320-0197,551,0.023414776997219642,reciprocal_rank_fusion_k=60
165,Q0,AP890927-0239,552,0.02337004880951248,reciprocal_rank_fusion_k=60
165,Q0,WSJ900914-0028,553,0.023368714256477317,reciprocal_rank_fusion_k=60
165,Q0,WSJ911004-0087,554,0.023341060806509075,reciprocal_rank_fusion_k=60
165,Q0,AP890320-0280,555,0.023338592165899664,reciprocal_rank_fusion_k=60
165,Q0,AP880304-0079,556,0.023337324854697448,reciprocal_rank_fusion_k=60
165,Q0,WSJ900628-0158,557,0.02319644777984074,reciprocal_rank_fusion_k=60
165,Q0,WSJ880622-0072,558,0.02319565303094796,reciprocal_rank_fusion_k=60
165,Q0,WSJ910306-0104,559,0.02316809356930004,reciprocal_rank_fusion_k=60
165,Q0,WSJ880120-0024,560,0.023147314800921262,reciprocal_rank_fusion_k=60
165,Q0,AP881001-0035,561,0.023140383214297372,reciprocal_rank_fusion_k=60
165,Q0,WSJ920107-0076,562,0.023088925234569235,reciprocal_rank_fusion_k=60
165,Q0,AP891012-0141,563,0.022949969834953763,reciprocal_rank_fusion_k=60
165,Q0,ZF207-846-668,564,0.02285962787182446,reciprocal_rank_fusion_k=60
165,Q0,WSJ881020-0074,565,0.022845593239125446,reciprocal_rank_fusion_k=60
165,Q0,WSJ900625-0142,566,0.02280625253917678,reciprocal_rank_fusion_k=60
165,Q0,AP891003-0275,567,0.022796850770811696,reciprocal_rank_fusion_k=60
165,Q0,AP890811-0025,568,0.022745171466244028,reciprocal_rank_fusion_k=60
165,Q0,AP880721-0037,569,0.022742031943218388,reciprocal_rank_fusion_k=60
165,Q0,WSJ920120-0117,570,0.022731712565810414,reciprocal_rank_fusion_k=60
165,Q0,WSJ911105-0087,571,0.022643872380836164,reciprocal_rank_fusion_k=60
165,Q0,AP880822-0176,572,0.02258925271332749,reciprocal_rank_fusion_k=60
165,Q0,AP880521-0203,573,0.02255326241092649,reciprocal_rank_fusion_k=60
165,Q0,WSJ880127-0153,574,0.022447911568456394,reciprocal_rank_fusion_k=60
165,Q0,FR88516-0128,575,0.02242997070711328,reciprocal_rank_fusion_k=60
165,Q0,WSJ910423-0253,576,0.02229462110376316,reciprocal_rank_fusion_k=60
165,Q0,ZF207-317-301,577,0.022271059746995017,reciprocal_rank_fusion_k=60
165,Q0,AP890111-0250,578,0.022215544800330597,reciprocal_rank_fusion_k=60
165,Q0,AP881129-0220,579,0.022214280897378168,reciprocal_rank_fusion_k=60
165,Q0,AP881020-0062,580,0.022198113683023615,reciprocal_rank_fusion_k=60
165,Q0,WSJ900731-0005,581,0.02215998414283755,reciprocal_rank_fusion_k=60
165,Q0,AP881028-0145,582,0.02197122591173238,reciprocal_rank_fusion_k=60
165,Q0,WSJ880302-0148,583,0.02190262915949353,reciprocal_rank_fusion_k=60
165,Q0,AP881024-0177,584,0.021799285954028195,reciprocal_rank_fusion_k=60
165,Q0,WSJ881108-0148,585,0.021745898602500868,reciprocal_rank_fusion_k=60
165,Q0,AP890208-0179,586,0.021745542300950955,reciprocal_rank_fusion_k=60
165,Q0,AP880628-0298,587,0.021711781838212842,reciprocal_rank_fusion_k=60
165,Q0,WSJ880414-0162,588,0.021626977612103103,reciprocal_rank_fusion_k=60
165,Q0,AP891012-0241,589,0.021604261061879976,reciprocal_rank_fusion_k=60
165,Q0,AP890403-0060,590,0.021559040409620502,reciprocal_rank_fusion_k=60
165,Q0,AP880629-0292,591,0.02154275497722617,reciprocal_rank_fusion_k=60
165,Q0,WSJ900626-0118,592,0.02153050220925273,reciprocal_rank_fusion_k=60
165,Q0,AP890726-0094,593,0.021519699119368248,reciprocal_rank_fusion_k=60
165,Q0,DOE2-74-0453,594,0.021505088549282774,reciprocal_rank_fusion_k=60
165,Q0,WSJ910326-0109,595,0.02148252400189476,reciprocal_rank_fusion_k=60
165,Q0,AP880913-0099,596,0.021453189176345158,reciprocal_rank_fusion_k=60
165,Q0,AP881202-0199,597,0.021444436411857302,reciprocal_rank_fusion_k=60
165,Q0,WSJ890731-0107,598,0.021385389223707994,reciprocal_rank_fusion_k=60
165,Q0,AP881124-0005,599,0.02137945502924495,reciprocal_rank_fusion_k=60
165,Q0,WSJ890811-0012,600,0.021352279247465234,reciprocal_rank_fusion_k=60
165,Q0,AP890719-0080,601,0.02129680220793604,reciprocal_rank_fusion_k=60
165,Q0,AP890724-0169,602,0.021294990980767,reciprocal_rank_fusion_k=60
165,Q0,FR881018-0126,603,0.021225053697836185,reciprocal_rank_fusion_k=60
165,Q0,AP890525-0122,604,0.02116995353452535,reciprocal_rank_fusion_k=60
165,Q0,DOE1-37-0617,605,0.021164446487672284,reciprocal_rank_fusion_k=60
165,Q0,AP891213-0097,606,0.02113222176002783,reciprocal_rank_fusion_k=60
165,Q0,WSJ911120-0081,607,0.0211222006091397,reciprocal_rank_fusion_k=60
165,Q0,AP890824-0026,608,0.0210921449210691,reciprocal_rank_fusion_k=60
165,Q0,AP890920-0109,609,0.021081971268522303,reciprocal_rank_fusion_k=60
165,Q0,WSJ870826-0015,610,0.021045406421907373,reciprocal_rank_fusion_k=60
165,Q0,WSJ870114-0070,611,0.021025331869550835,reciprocal_rank_fusion_k=60
165,Q0,WSJ870730-0080,612,0.02101027557184157,reciprocal_rank_fusion_k=60
165,Q0,FR88211-0360,613,0.020925376462807822,reciprocal_rank_fusion_k=60
165,Q0,AP890911-0131,614,0.0209128787102294,reciprocal_rank_fusion_k=60
165,Q0,WSJ870209-0086,615,0.020844291712381436,reciprocal_rank_fusion_k=60
165,Q0,WSJ910411-0048,616,0.020798606068872155,reciprocal_rank_fusion_k=60
165,Q0,AP890420-0263,617,0.020728140375700484,reciprocal_rank_fusion_k=60
165,Q0,WSJ880823-0030,618,0.02068964061346882,reciprocal_rank_fusion_k=60
165,Q0,AP880912-0210,619,0.02066711740318831,reciprocal_rank_fusion_k=60
165,Q0,WSJ900618-0071,620,0.02066193558676915,reciprocal_rank_fusion_k=60
165,Q0,WSJ890918-0057,621,0.02064676161187248,reciprocal_rank_fusion_k=60
165,Q0,WSJ891016-0049,622,0.020626379600748843,reciprocal_rank_fusion_k=60
165,Q0,WSJ900703-0142,623,0.020494102381629915,reciprocal_rank_fusion_k=60
165,Q0,AP880610-0161,624,0.020492152297760233,reciprocal_rank_fusion_k=60
165,Q0,WSJ880901-0048,625,0.020461565820021548,reciprocal_rank_fusion_k=60
165,Q0,AP890713-0222,626,0.020445494746823747,reciprocal_rank_fusion_k=60
165,Q0,WSJ870805-0048,627,0.02042752924702063,reciprocal_rank_fusion_k=60
165,Q0,WSJ900717-0098,628,0.020427263353366212,reciprocal_rank_fusion_k=60
165,Q0,WSJ910530-0075,629,0.020380055853589017,reciprocal_rank_fusion_k=60
165,Q0,WSJ880426-0074,630,0.02034654661643852,reciprocal_rank_fusion_k=60
165,Q0,WSJ870318-0086,631,0.020226083428685898,reciprocal_rank_fusion_k=60
165,Q0,ZF207-921-884,632,0.02022342464039147,reciprocal_rank_fusion_k=60
165,Q0,WSJ890922-0007,633,0.02020319744536335,reciprocal_rank_fusion_k=60
165,Q0,AP880404-0262,634,0.020193041444749725,reciprocal_rank_fusion_k=60
165,Q0,WSJ900709-0091,635,0.0201658873342874,reciprocal_rank_fusion_k=60
165,Q0,AP881020-0281,636,0.020159162447073595,reciprocal_rank_fusion_k=60
165,Q0,AP881005-0314,637,0.020117973892595977,reciprocal_rank_fusion_k=60
165,Q0,ZF108-182-236,638,0.020109460617624725,reciprocal_rank_fusion_k=60
165,Q0,FR89530-0115,639,0.0201004975273625,reciprocal_rank_fusion_k=60
165,Q0,AP880921-0141,640,0.02009340923301197,reciprocal_rank_fusion_k=60
165,Q0,AP890304-0070,641,0.020092666124035923,reciprocal_rank_fusion_k=60
165,Q0,WSJ870113-0118,642,0.020061351966600898,reciprocal_rank_fusion_k=60
165,Q0,AP890309-0227,643,0.020043835360016544,reciprocal_rank_fusion_k=60
165,Q0,DOE2-69-0783,644,0.020022598975725614,reciprocal_rank_fusion_k=60
165,Q0,WSJ891023-0137,645,0.0200127578531614,reciprocal_rank_fusion_k=60
165,Q0,AP890731-0126,646,0.02000426376669925,reciprocal_rank_fusion_k=60
165,Q0,WSJ910513-0075,647,0.019927934633149208,reciprocal_rank_fusion_k=60
165,Q0,AP890810-0109,648,0.019876482965276374,reciprocal_rank_fusion_k=60
165,Q0,WSJ890731-0082,649,0.01983198452524713,reciprocal_rank_fusion_k=60
165,Q0,FR89228-0161,650,0.01982369751446124,reciprocal_rank_fusion_k=60
165,Q0,FR89505-0143,651,0.01978903186954288,reciprocal_rank_fusion_k=60
165,Q0,WSJ871028-0131,652,0.019760375295712514,reciprocal_rank_fusion_k=60
165,Q0,AP880516-0013,653,0.01974579087934478,reciprocal_rank_fusion_k=60
165,Q0,FR89613-0036,654,0.0196922075814461,reciprocal_rank_fusion_k=60
165,Q0,WSJ870603-0091,655,0.019606561300589014,reciprocal_rank_fusion_k=60
165,Q0,WSJ861223-0089,656,0.019601330859633503,reciprocal_rank_fusion_k=60
165,Q0,ZF109-594-119,657,0.019584084794154463,reciprocal_rank_fusion_k=60
165,Q0,AP890912-0035,658,0.019571420631714596,reciprocal_rank_fusion_k=60
165,Q0,AP890513-0076,659,0.019544465006502566,reciprocal_rank_fusion_k=60
165,Q0,AP890301-0035,660,0.0195049947267223,reciprocal_rank_fusion_k=60
165,Q0,WSJ880219-0011,661,0.019456943793113995,reciprocal_rank_fusion_k=60
165,Q0,AP890617-0038,662,0.01944600503702132,reciprocal_rank_fusion_k=60
165,Q0,WSJ880129-0036,663,0.01939255096671452,reciprocal_rank_fusion_k=60
165,Q0,WSJ920218-0139,664,0.01937818983483649,reciprocal_rank_fusion_k=60
165,Q0,WSJ911126-0071,665,0.019346866370691558,reciprocal_rank_fusion_k=60
165,Q0,AP880320-0088,666,0.01931122851609737,reciprocal_rank_fusion_k=60
165,Q0,AP880505-0285,667,0.019251733691012074,reciprocal_rank_fusion_k=60
165,Q0,WSJ900426-0079,668,0.01922939761370467,reciprocal_rank_fusion_k=60
165,Q0,WSJ900912-0047,669,0.01922383101791732,reciprocal_rank_fusion_k=60
165,Q0,AP880823-0103,670,0.01921837468378901,reciprocal_rank_fusion_k=60
165,Q0,AP890126-0156,671,0.01915388742373465,reciprocal_rank_fusion_k=60
165,Q0,DOE1-21-0175,672,0.019068893541839573,reciprocal_rank_fusion_k=60
165,Q0,AP890616-0021,673,0.01897197476769126,reciprocal_rank_fusion_k=60
165,Q0,WSJ900724-0002,674,0.018953391595939926,reciprocal_rank_fusion_k=60
165,Q0,AP891102-0188,675,0.01884864844872358,reciprocal_rank_fusion_k=60
165,Q0,AP880407-0163,676,0.0188310483459867,reciprocal_rank_fusion_k=60
165,Q0,WSJ880428-0048,677,0.018827302663631022,reciprocal_rank_fusion_k=60
165,Q0,AP890531-0301,678,0.018798315079978072,reciprocal_rank_fusion_k=60
165,Q0,WSJ910722-0029,679,0.018734251208645747,reciprocal_rank_fusion_k=60
165,Q0,AP891115-0107,680,0.018727324577429327,reciprocal_rank_fusion_k=60
165,Q0,WSJ890727-0179,681,0.01863301220785901,reciprocal_rank_fusion_k=60
165,Q0,WSJ900517-0088,682,0.018598237474445934,reciprocal_rank_fusion_k=60
165,Q0,WSJ881101-0010,683,0.018596296351631774,reciprocal_rank_fusion_k=60
165,Q0,AP880502-0161,684,0.018579067673720244,reciprocal_rank_fusion_k=60
165,Q0,AP890208-0190,685,0.018555469940565353,reciprocal_rank_fusion_k=60
165,Q0,WSJ911009-0102,686,0.01848284340978948,reciprocal_rank_fusion_k=60
165,Q0,AP881010-0029,687,0.018466655526759482,reciprocal_rank_fusion_k=60
165,Q0,FR88517-0013,688,0.01845749085669235,reciprocal_rank_fusion_k=60
165,Q0,WSJ910305-0045,689,0.018454360066130042,reciprocal_rank_fusion_k=60
165,Q0,AP890615-0221,690,0.01832881010172475,reciprocal_rank_fusion_k=60
165,Q0,WSJ870804-0087,691,0.01832805323178315,reciprocal_rank_fusion_k=60
165,Q0,WSJ910910-0012,692,0.01828878131714616,reciprocal_rank_fusion_k=60
165,Q0,AP891011-0085,693,0.01825650150158736,reciprocal_rank_fusion_k=60
165,Q0,WSJ861217-0117,694,0.01796826631452514,reciprocal_rank_fusion_k=60
165,Q0,WSJ890726-0026,695,0.01793383710960421,reciprocal_rank_fusion_k=60
165,Q0,FR891205-0103,696,0.017920502220289118,reciprocal_rank_fusion_k=60
165,Q0,WSJ920109-0169,697,0.017913276119383485,reciprocal_rank_fusion_k=60
165,Q0,AP880724-0037,698,0.017895687101596704,reciprocal_rank_fusion_k=60
165,Q0,FR88830-0013,699,0.01780483657004305,reciprocal_rank_fusion_k=60
165,Q0,WSJ910618-0029,700,0.017786877579777365,reciprocal_rank_fusion_k=60
165,Q0,AP890418-0066,701,0.01772383266235603,reciprocal_rank_fusion_k=60
165,Q0,WSJ870903-0038,702,0.01769841877909072,reciprocal_rank_fusion_k=60
165,Q0,ZF207-219-106,703,0.01768062423760001,reciprocal_rank_fusion_k=60
165,Q0,WSJ880518-0121,704,0.017647743882442175,reciprocal_rank_fusion_k=60
165,Q0,AP880902-0173,705,0.017635505903338185,reciprocal_rank_fusion_k=60
165,Q0,AP891218-0132,706,0.017617086016390504,reciprocal_rank_fusion_k=60
165,Q0,WSJ910509-0073,707,0.01760162918756677,reciprocal_rank_fusion_k=60
165,Q0,WSJ910213-0017,708,0.017590768086977324,reciprocal_rank_fusion_k=60
165,Q0,WSJ910812-0153,709,0.01754259384212912,reciprocal_rank_fusion_k=60
165,Q0,AP891110-0136,710,0.01750460909098858,reciprocal_rank_fusion_k=60
165,Q0,WSJ880616-0147,711,0.017490788249281013,reciprocal_rank_fusion_k=60
165,Q0,AP880310-0188,712,0.01748352496080767,reciprocal_rank_fusion_k=60
165,Q0,AP880831-0044,713,0.017478621394618015,reciprocal_rank_fusion_k=60
165,Q0,FR88829-0013,714,0.017397574462290514,reciprocal_rank_fusion_k=60
165,Q0,ZF207-555-686,715,0.017393000979216748,reciprocal_rank_fusion_k=60
165,Q0,WSJ871211-0033,716,0.017392429927286217,reciprocal_rank_fusion_k=60
165,Q0,AP890505-0221,717,0.01732228421343395,reciprocal_rank_fusion_k=60
165,Q0,AP890701-0080,718,0.017282392793135013,reciprocal_rank_fusion_k=60
165,Q0,DOE1-54-0168,719,0.017241665305293863,reciprocal_rank_fusion_k=60
165,Q0,WSJ920206-0072,720,0.017235315605326974,reciprocal_rank_fusion_k=60
165,Q0,WSJ920103-0018,721,0.01721640330246922,reciprocal_rank_fusion_k=60
165,Q0,AP891109-0169,722,0.017177373152110265,reciprocal_rank_fusion_k=60
165,Q0,AP890213-0084,723,0.017172140566433215,reciprocal_rank_fusion_k=60
165,Q0,AP890910-0047,724,0.01716474550231782,reciprocal_rank_fusion_k=60
165,Q0,WSJ910702-0144,725,0.0171423607982447,reciprocal_rank_fusion_k=60
165,Q0,WSJ890802-0149,726,0.017112407317598444,reciprocal_rank_fusion_k=60
165,Q0,WSJ880509-0008,727,0.017080261983309888,reciprocal_rank_fusion_k=60
165,Q0,FR88504-0070,728,0.017045407006816345,reciprocal_rank_fusion_k=60
165,Q0,AP891018-0185,729,0.01701455160557767,reciprocal_rank_fusion_k=60
165,Q0,WSJ880729-0088,730,0.017014085047632674,reciprocal_rank_fusion_k=60
165,Q0,AP880916-0244,731,0.01700484416702543,reciprocal_rank_fusion_k=60
165,Q0,AP890913-0142,732,0.0168841564505246,reciprocal_rank_fusion_k=60
165,Q0,AP890208-0095,733,0.016830557500753462,reciprocal_rank_fusion_k=60
165,Q0,WSJ880513-0015,734,0.016828799519255144,reciprocal_rank_fusion_k=60
165,Q0,WSJ870112-0038,735,0.01679804503102748,reciprocal_rank_fusion_k=60
165,Q0,AP890419-0102,736,0.016789604827470096,reciprocal_rank_fusion_k=60
165,Q0,AP880430-0119,737,0.01671080913609278,reciprocal_rank_fusion_k=60
165,Q0,FR88831-0134,738,0.016707010318192828,reciprocal_rank_fusion_k=60
165,Q0,WSJ870417-0171,739,0.01662947625670931,reciprocal_rank_fusion_k=60
165,Q0,AP880624-0299,740,0.016621276690466813,reciprocal_rank_fusion_k=60
165,Q0,AP890516-0102,741,0.016578453704502935,reciprocal_rank_fusion_k=60
165,Q0,AP881218-0003,742,0.01656796957096966,reciprocal_rank_fusion_k=60
165,Q0,AP891114-0266,743,0.01651724180994932,reciprocal_rank_fusion_k=60
165,Q0,FR891127-0012,744,0.016510203110681798,reciprocal_rank_fusion_k=60
165,Q0,AP890802-0156,745,0.016493820668741336,reciprocal_rank_fusion_k=60
165,Q0,WSJ880224-0089,746,0.01645393600188713,reciprocal_rank_fusion_k=60
165,Q0,WSJ880726-0139,747,0.016447202948781773,reciprocal_rank_fusion_k=60
165,Q0,WSJ920311-0056,748,0.016437963969600764,reciprocal_rank_fusion_k=60
165,Q0,WSJ911010-0056,749,0.0164310391312001,reciprocal_rank_fusion_k=60
165,Q0,WSJ871022-0083,750,0.01642414901422167,reciprocal_rank_fusion_k=60
165,Q0,DOE1-76-1034,751,0.01642100656060924,reciprocal_rank_fusion_k=60
165,Q0,AP891115-0271,752,0.016414130995194325,reciprocal_rank_fusion_k=60
165,Q0,AP880422-0250,753,0.016410470741549745,reciprocal_rank_fusion_k=60
165,Q0,WSJ911011-0127,754,0.01639157290913208,reciprocal_rank_fusion_k=60
165,Q0,WSJ900508-0005,755,0.01633797726118512,reciprocal_rank_fusion_k=60
165,Q0,AP881108-0241,756,0.016332965365953387,reciprocal_rank_fusion_k=60
165,Q0,AP891117-0020,757,0.01630938174970813,reciprocal_rank_fusion_k=60
165,Q0,WSJ881003-0053,758,0.01630431164850099,reciprocal_rank_fusion_k=60
165,Q0,AP890109-0290,759,0.016274279492100713,reciprocal_rank_fusion_k=60
165,Q0,AP880513-0159,760,0.01626424962861906,reciprocal_rank_fusion_k=60
165,Q0,WSJ870220-0019,761,0.016262872672699626,reciprocal_rank_fusion_k=60
165,Q0,WSJ911017-0138,762,0.01626040844239238,reciprocal_rank_fusion_k=60
165,Q0,ZF108-702-054,763,0.016237729305005555,reciprocal_rank_fusion_k=60
165,Q0,WSJ880128-0104,764,0.01622224333103885,reciprocal_rank_fusion_k=60
165,Q0,AP890314-0155,765,0.016209086759007493,reciprocal_rank_fusion_k=60
165,Q0,WSJ920212-0012,766,0.01619285322427886,reciprocal_rank_fusion_k=60
165,Q0,AP890803-0034,767,0.016182651140568376,reciprocal_rank_fusion_k=60
165,Q0,AP881126-0034,768,0.016176256392288795,reciprocal_rank_fusion_k=60
165,Q0,WSJ870604-0091,769,0.01613717871466236,reciprocal_rank_fusion_k=60
165,Q0,DOE1-33-0629,770,0.016134510335688988,reciprocal_rank_fusion_k=60
165,Q0,AP880714-0051,771,0.016118721742836174,reciprocal_rank_fusion_k=60
165,Q0,WSJ920110-0086,772,0.01606101311125481,reciprocal_rank_fusion_k=60
165,Q0,WSJ880509-0001,773,0.016009623267195423,reciprocal_rank_fusion_k=60
165,Q0,WSJ920204-0111,774,0.016008488812845938,reciprocal_rank_fusion_k=60
165,Q0,AP881106-0024,775,0.016004292840946586,reciprocal_rank_fusion_k=60
165,Q0,ZF108-158-664,776,0.01598991734516524,reciprocal_rank_fusion_k=60
165,Q0,WSJ910715-0008,777,0.015962335466499524,reciprocal_rank_fusion_k=60
165,Q0,WSJ900717-0005,778,0.015952066294571816,reciprocal_rank_fusion_k=60
165,Q0,AP880401-0117,779,0.015906999062266374,reciprocal_rank_fusion_k=60
165,Q0,WSJ880224-0042,780,0.015886829706252555,reciprocal_rank_fusion_k=60
165,Q0,FR88510-0095,781,0.01588129699397221,reciprocal_rank_fusion_k=60
165,Q0,WSJ880621-0080,782,0.0158580122128907,reciprocal_rank_fusion_k=60
165,Q0,WSJ881021-0130,783,0.01582391262212973,reciprocal_rank_fusion_k=60
165,Q0,AP890803-0210,784,0.01576020388167957,reciprocal_rank_fusion_k=60
165,Q0,WSJ870114-0037,785,0.015742412649759903,reciprocal_rank_fusion_k=60
165,Q0,WSJ910116-0106,786,0.01574225126617545,reciprocal_rank_fusion_k=60
165,Q0,WSJ890920-0163,787,0.015714641537558312,reciprocal_rank_fusion_k=60
165,Q0,FR89317-0115,788,0.015707206511457215,reciprocal_rank_fusion_k=60
165,Q0,FR88601-0046,789,0.015668484874948787,reciprocal_rank_fusion_k=60
165,Q0,AP881127-0052,790,0.015652361220390654,reciprocal_rank_fusion_k=60
165,Q0,AP890712-0028,791,0.015615893610799616,reciprocal_rank_fusion_k=60
165,Q0,WSJ870922-0083,792,0.015614410271616705,reciprocal_rank_fusion_k=60
165,Q0,AP881226-0136,793,0.015513112878150012,reciprocal_rank_fusion_k=60
165,Q0,WSJ910910-0105,794,0.015501423282836777,reciprocal_rank_fusion_k=60
165,Q0,WSJ910405-0114,795,0.01545675929998777,reciprocal_rank_fusion_k=60
165,Q0,WSJ910415-0171,796,0.015452292169704371,reciprocal_rank_fusion_k=60
165,Q0,DOE2-81-0953,797,0.015411420984137295,reciprocal_rank_fusion_k=60
165,Q0,AP890925-0201,798,0.015343796387138653,reciprocal_rank_fusion_k=60
165,Q0,WSJ900627-0022,799,0.015292957958120102,reciprocal_rank_fusion_k=60
165,Q0,AP881019-0236,800,0.015281669200785305,reciprocal_rank_fusion_k=60
165,Q0,WSJ900508-0108,801,0.015267357752697174,reciprocal_rank_fusion_k=60
165,Q0,WSJ910520-0179,802,0.015259976329308842,reciprocal_rank_fusion_k=60
165,Q0,FR89621-0103,803,0.015251047065795057,reciprocal_rank_fusion_k=60
165,Q0,AP881010-0050,804,0.015238875147588798,reciprocal_rank_fusion_k=60
165,Q0,AP890119-0134,805,0.015227103750410606,reciprocal_rank_fusion_k=60
165,Q0,WSJ910329-0196,806,0.015225803178238578,reciprocal_rank_fusion_k=60
165,Q0,AP890617-0140,807,0.015224168526220692,reciprocal_rank_fusion_k=60
165,Q0,FR89721-0117,808,0.015223497612739537,reciprocal_rank_fusion_k=60
165,Q0,WSJ910312-0067,809,0.015182094864007876,reciprocal_rank_fusion_k=60
165,Q0,AP890508-0241,810,0.01517315909915124,reciprocal_rank_fusion_k=60
165,Q0,ZF109-453-921,811,0.015144486247908914,reciprocal_rank_fusion_k=60
165,Q0,AP880516-0159,812,0.015102230813330036,reciprocal_rank_fusion_k=60
165,Q0,FR89119-0111,813,0.015038731101211514,reciprocal_rank_fusion_k=60
165,Q0,WSJ900926-0005,814,0.015019560890723094,reciprocal_rank_fusion_k=60
165,Q0,WSJ870327-0040,815,0.015014502981110308,reciprocal_rank_fusion_k=60
165,Q0,AP890221-0022,816,0.01500917629774561,reciprocal_rank_fusion_k=60
165,Q0,WSJ910523-0133,817,0.01497748268999224,reciprocal_rank_fusion_k=60
165,Q0,WSJ880810-0164,818,0.014953639028966936,reciprocal_rank_fusion_k=60
165,Q0,WSJ911007-0142,819,0.014941172970291813,reciprocal_rank_fusion_k=60
165,Q0,WSJ911113-0050,820,0.0149276490047038,reciprocal_rank_fusion_k=60
165,Q0,AP891006-0146,821,0.014912163883855103,reciprocal_rank_fusion_k=60
165,Q0,WSJ881005-0081,822,0.014863312769518895,reciprocal_rank_fusion_k=60
165,Q0,AP890515-0159,823,0.014847112002244728,reciprocal_rank_fusion_k=60
165,Q0,AP891220-0285,824,0.014820750202008216,reciprocal_rank_fusion_k=60
165,Q0,WSJ871112-0106,825,0.014808895669292247,reciprocal_rank_fusion_k=60
165,Q0,WSJ880211-0149,826,0.014793619906461409,reciprocal_rank_fusion_k=60
165,Q0,AP890818-0031,827,0.014722385042656895,reciprocal_rank_fusion_k=60
165,Q0,WSJ910802-0079,828,0.014715484351586,reciprocal_rank_fusion_k=60
165,Q0,FR88514-0001,829,0.01471305409143504,reciprocal_rank_fusion_k=60
165,Q0,AP880219-0183,830,0.014620525393447827,reciprocal_rank_fusion_k=60
165,Q0,AP881212-0035,831,0.014612462969779888,reciprocal_rank_fusion_k=60
165,Q0,AP890113-0014,832,0.014567945578847805,reciprocal_rank_fusion_k=60
165,Q0,WSJ900405-0008,833,0.014552734448447171,reciprocal_rank_fusion_k=60
165,Q0,AP890310-0047,834,0.014541364482213194,reciprocal_rank_fusion_k=60
165,Q0,AP890902-0100,835,0.014521466969644358,reciprocal_rank_fusion_k=60
165,Q0,WSJ881004-0093,836,0.014518895927104366,reciprocal_rank_fusion_k=60
165,Q0,FR88929-0168,837,0.014509746509311161,reciprocal_rank_fusion_k=60
165,Q0,WSJ891102-0098,838,0.014392544469478713,reciprocal_rank_fusion_k=60
165,Q0,ZF109-579-283,839,0.014343987165346012,reciprocal_rank_fusion_k=60
165,Q0,WSJ881020-0157,840,0.014293392079451614,reciprocal_rank_fusion_k=60
165,Q0,AP880727-0206,841,0.014276526917744203,reciprocal_rank_fusion_k=60
165,Q0,AP881210-0037,842,0.01425492860959617,reciprocal_rank_fusion_k=60
165,Q0,AP880418-0130,843,0.014243206138714035,reciprocal_rank_fusion_k=60
165,Q0,WSJ911126-0059,844,0.014215824353412183,reciprocal_rank_fusion_k=60
165,Q0,AP880516-0232,845,0.014200259473917724,reciprocal_rank_fusion_k=60
165,Q0,DOE1-29-0254,846,0.014160017940654907,reciprocal_rank_fusion_k=60
165,Q0,AP881217-0024,847,0.01415705485304759,reciprocal_rank_fusion_k=60
165,Q0,WSJ870212-0143,848,0.01414353353223286,reciprocal_rank_fusion_k=60
165,Q0,AP890729-0018,849,0.014122085590459353,reciprocal_rank_fusion_k=60
165,Q0,AP890421-0229,850,0.01410822146791633,reciprocal_rank_fusion_k=60
165,Q0,WSJ871127-0024,851,0.014103619054511546,reciprocal_rank_fusion_k=60
165,Q0,WSJ910325-0061,852,0.014102077971661766,reciprocal_rank_fusion_k=60
165,Q0,AP890529-0022,853,0.014100409457913599,reciprocal_rank_fusion_k=60
165,Q0,WSJ871008-0137,854,0.014063871063803648,reciprocal_rank_fusion_k=60
165,Q0,AP890313-0217,855,0.013928278348155975,reciprocal_rank_fusion_k=60
165,Q0,WSJ880204-0136,856,0.013907400852335394,reciprocal_rank_fusion_k=60
165,Q0,AP880809-0135,857,0.013810213233364173,reciprocal_rank_fusion_k=60
165,Q0,WSJ880122-0187,858,0.013808918921227079,reciprocal_rank_fusion_k=60
165,Q0,AP891013-0130,859,0.013788707708450613,reciprocal_rank_fusion_k=60
165,Q0,AP880428-0165,860,0.013749238310148685,reciprocal_rank_fusion_k=60
165,Q0,WSJ911220-0125,861,0.013744687743552319,reciprocal_rank_fusion_k=60
165,Q0,WSJ910822-0068,862,0.013736496211057471,reciprocal_rank_fusion_k=60
165,Q0,AP880405-0158,863,0.013720537261046025,reciprocal_rank_fusion_k=60
165,Q0,WSJ910415-0079,864,0.013660945403900006,reciprocal_rank_fusion_k=60
165,Q0,WSJ880802-0011,865,0.013650069807160815,reciprocal_rank_fusion_k=60
165,Q0,FR89126-0169,866,0.013612985226202535,reciprocal_rank_fusion_k=60
165,Q0,WSJ880415-0050,867,0.013583116568510606,reciprocal_rank_fusion_k=60
165,Q0,AP880511-0102,868,0.013522174254198195,reciprocal_rank_fusion_k=60
165,Q0,DOE1-78-1152,869,0.013520328014399875,reciprocal_rank_fusion_k=60
165,Q0,WSJ900619-0098,870,0.01351683692231508,reciprocal_rank_fusion_k=60
165,Q0,WSJ870831-0044,871,0.01351565930294584,reciprocal_rank_fusion_k=60
165,Q0,WSJ881021-0147,872,0.013510810458085757,reciprocal_rank_fusion_k=60
165,Q0,AP890108-0029,873,0.01350887069505273,reciprocal_rank_fusion_k=60
165,Q0,AP891213-0171,874,0.013489870908218814,reciprocal_rank_fusion_k=60
165,Q0,WSJ870915-0111,875,0.013481165102153388,reciprocal_rank_fusion_k=60
165,Q0,WSJ890801-0093,876,0.013474025606780144,reciprocal_rank_fusion_k=60
165,Q0,AP890322-0201,877,0.01347032193395798,reciprocal_rank_fusion_k=60
165,Q0,WSJ910121-0113,878,0.013458370186674156,reciprocal_rank_fusion_k=60
165,Q0,AP891024-0140,879,0.013448050205892691,reciprocal_rank_fusion_k=60
165,Q0,WSJ900417-0023,880,0.013436848690165848,reciprocal_rank_fusion_k=60
165,Q0,AP880819-0143,881,0.013429358565318692,reciprocal_rank_fusion_k=60
165,Q0,WSJ900420-0130,882,0.013407569115636297,reciprocal_rank_fusion_k=60
165,Q0,WSJ870121-0070,883,0.013385443107643169,reciprocal_rank_fusion_k=60
165,Q0,AP881227-0183,884,0.013384051758088527,reciprocal_rank_fusion_k=60
165,Q0,AP890211-0168,885,0.01338073396142076,reciprocal_rank_fusion_k=60
165,Q0,AP880619-0024,886,0.013362716634301369,reciprocal_rank_fusion_k=60
165,Q0,AP890601-0335,887,0.013340548921450982,reciprocal_rank_fusion_k=60
165,Q0,WSJ911223-0148,888,0.013339190137619831,reciprocal_rank_fusion_k=60
165,Q0,AP890320-0139,889,0.013324436983543353,reciprocal_rank_fusion_k=60
165,Q0,WSJ900727-0039,890,0.013314878342401172,reciprocal_rank_fusion_k=60
165,Q0,AP880505-0117,891,0.013263166690114252,reciprocal_rank_fusion_k=60
165,Q0,WSJ900621-0101,892,0.013256971117031013,reciprocal_rank_fusion_k=60
165,Q0,WSJ861219-0050,893,0.013253840352810301,reciprocal_rank_fusion_k=60
165,Q0,AP891116-0042,894,0.013240357385392896,reciprocal_rank_fusion_k=60
165,Q0,AP890421-0272,895,0.01322362534098117,reciprocal_rank_fusion_k=60
165,Q0,AP890626-0284,896,0.013156053426321652,reciprocal_rank_fusion_k=60
165,Q0,DOE1-31-1001,897,0.013145970207939102,reciprocal_rank_fusion_k=60
165,Q0,WSJ880627-0151,898,0.01311792339148496,reciprocal_rank_fusion_k=60
165,Q0,WSJ891012-0053,899,0.01311442882948476,reciprocal_rank_fusion_k=60
165,Q0,AP890623-0202,900,0.013101609282077986,reciprocal_rank_fusion_k=60
165,Q0,AP891006-0069,901,0.013089907214510643,reciprocal_rank_fusion_k=60
165,Q0,WSJ910930-0038,902,0.013067439986764691,reciprocal_rank_fusion_k=60
165,Q0,ZF207-242-334,903,0.013059186401249718,reciprocal_rank_fusion_k=60
165,Q0,WSJ870717-0170,904,0.012950386962249375,reciprocal_rank_fusion_k=60
165,Q0,WSJ920114-0051,905,0.01291718447339368,reciprocal_rank_fusion_k=60
165,Q0,AP891030-0254,906,0.012901715027774086,reciprocal_rank_fusion_k=60
165,Q0,ZF207-762-161,907,0.01289992516003231,reciprocal_rank_fusion_k=60
165,Q0,AP890117-0237,908,0.012891380325559195,reciprocal_rank_fusion_k=60
165,Q0,AP890101-0001,909,0.012886083094811995,reciprocal_rank_fusion_k=60
165,Q0,AP880507-0087,910,0.012865802199562463,reciprocal_rank_fusion_k=60
165,Q0,DOE1-35-0532,911,0.012862610706920628,reciprocal_rank_fusion_k=60
165,Q0,AP891019-0293,912,0.012855399306232293,reciprocal_rank_fusion_k=60
165,Q0,WSJ880808-0057,913,0.012850629556922868,reciprocal_rank_fusion_k=60
165,Q0,ZF108-293-978,914,0.012848038481788141,reciprocal_rank_fusion_k=60
165,Q0,WSJ910226-0097,915,0.012832684360178016,reciprocal_rank_fusion_k=60
165,Q0,AP880527-0152,916,0.012753796502460217,reciprocal_rank_fusion_k=60
165,Q0,AP880526-0019,917,0.012741535962376057,reciprocal_rank_fusion_k=60
165,Q0,FR891127-0013,918,0.01273520397226935,reciprocal_rank_fusion_k=60
165,Q0,WSJ900719-0078,919,0.01266725994484178,reciprocal_rank_fusion_k=60
165,Q0,WSJ881021-0031,920,0.012660347570225413,reciprocal_rank_fusion_k=60
165,Q0,AP880502-0233,921,0.012636369367289846,reciprocal_rank_fusion_k=60
165,Q0,FR88902-0138,922,0.012631750717808438,reciprocal_rank_fusion_k=60
165,Q0,WSJ870326-0114,923,0.012620957920889905,reciprocal_rank_fusion_k=60
165,Q0,WSJ911119-0081,924,0.012617066548665705,reciprocal_rank_fusion_k=60
165,Q0,AP881111-0275,925,0.01260405121619332,reciprocal_rank_fusion_k=60
165,Q0,AP890102-0100,926,0.01258615520434468,reciprocal_rank_fusion_k=60
165,Q0,AP890301-0238,927,0.012516857138166582,reciprocal_rank_fusion_k=60
165,Q0,ZF207-098-334,928,0.01249498328973964,reciprocal_rank_fusion_k=60
165,Q0,WSJ870914-0129,929,0.012492434681380001,reciprocal_rank_fusion_k=60
165,Q0,WSJ880422-0074,930,0.01240351876420801,reciprocal_rank_fusion_k=60
165,Q0,WSJ920311-0067,931,0.012388420271077233,reciprocal_rank_fusion_k=60
165,Q0,WSJ900518-0073,932,0.012366706848135837,reciprocal_rank_fusion_k=60
165,Q0,AP880421-0303,933,0.012366523368520399,reciprocal_rank_fusion_k=60
165,Q0,WSJ900727-0055,934,0.012344981815892591,reciprocal_rank_fusion_k=60
165,Q0,AP880831-0290,935,0.012334163549190051,reciprocal_rank_fusion_k=60
165,Q0,AP881202-0072,936,0.012334008225901923,reciprocal_rank_fusion_k=60
165,Q0,AP890618-0050,937,0.012324718728793548,reciprocal_rank_fusion_k=60
165,Q0,WSJ910517-0075,938,0.012315590711946097,reciprocal_rank_fusion_k=60
165,Q0,AP890306-0144,939,0.012310228676051069,reciprocal_rank_fusion_k=60
165,Q0,WSJ910722-0080,940,0.012302981267769724,reciprocal_rank_fusion_k=60
165,Q0,AP890703-0260,941,0.012299740918635256,reciprocal_rank_fusion_k=60
165,Q0,WSJ880726-0036,942,0.01228404824900064,reciprocal_rank_fusion_k=60
165,Q0,WSJ910610-0098,943,0.012282023182846803,reciprocal_rank_fusion_k=60
165,Q0,WSJ890731-0003,944,0.012272504499166264,reciprocal_rank_fusion_k=60
165,Q0,WSJ880919-0038,945,0.01227120553017746,reciprocal_rank_fusion_k=60
165,Q0,AP890516-0223,946,0.012269237296003923,reciprocal_rank_fusion_k=60
165,Q0,WSJ920203-0085,947,0.012247711082843393,reciprocal_rank_fusion_k=60
165,Q0,AP890307-0219,948,0.012246552707627536,reciprocal_rank_fusion_k=60
165,Q0,AP890609-0057,949,0.012232527865027674,reciprocal_rank_fusion_k=60
165,Q0,WSJ911119-0068,950,0.012197780425547722,reciprocal_rank_fusion_k=60
165,Q0,AP890409-0080,951,0.012174730358592133,reciprocal_rank_fusion_k=60
165,Q0,WSJ880217-0128,952,0.012163193398092924,reciprocal_rank_fusion_k=60
165,Q0,WSJ900727-0160,953,0.012137368732518182,reciprocal_rank_fusion_k=60
165,Q0,WSJ911106-0067,954,0.012123357626008904,reciprocal_rank_fusion_k=60
165,Q0,AP880617-0277,955,0.012103274789803652,reciprocal_rank_fusion_k=60
165,Q0,WSJ900628-0064,956,0.012090447783194562,reciprocal_rank_fusion_k=60
165,Q0,ZF108-172-262,957,0.012084645315552457,reciprocal_rank_fusion_k=60
165,Q0,AP880725-0236,958,0.01208348254750855,reciprocal_rank_fusion_k=60
165,Q0,AP890428-0208,959,0.01207596400121001,reciprocal_rank_fusion_k=60
165,Q0,AP880606-0082,960,0.012075460312011909,reciprocal_rank_fusion_k=60
165,Q0,WSJ870223-0062,961,0.012072234402245441,reciprocal_rank_fusion_k=60
165,Q0,WSJ911112-0115,962,0.01204936787035217,reciprocal_rank_fusion_k=60
165,Q0,FR891024-0025,963,0.01204279764266057,reciprocal_rank_fusion_k=60
165,Q0,AP891115-0162,964,0.012039207608471722,reciprocal_rank_fusion_k=60
165,Q0,WSJ911112-0145,965,0.012023930814766586,reciprocal_rank_fusion_k=60
165,Q0,AP880727-0112,966,0.011989177109067868,reciprocal_rank_fusion_k=60
165,Q0,FR89519-0026,967,0.011975265737045224,reciprocal_rank_fusion_k=60
165,Q0,FR88607-0109,968,0.011968859605682947,reciprocal_rank_fusion_k=60
165,Q0,WSJ870618-0023,969,0.011963393752609802,reciprocal_rank_fusion_k=60
165,Q0,AP890208-0149,970,0.011954302251072703,reciprocal_rank_fusion_k=60
165,Q0,FR88201-0020,971,0.011878888794442563,reciprocal_rank_fusion_k=60
165,Q0,WSJ880510-0060,972,0.011858463483700461,reciprocal_rank_fusion_k=60
165,Q0,AP880620-0159,973,0.011855110249376929,reciprocal_rank_fusion_k=60
165,Q0,WSJ871218-0148,974,0.011823851773278122,reciprocal_rank_fusion_k=60
165,Q0,ZF207-582-110,975,0.01181737883608168,reciprocal_rank_fusion_k=60
165,Q0,AP890915-0027,976,0.011817186811948748,reciprocal_rank_fusion_k=60
165,Q0,AP880619-0033,977,0.01181246280796332,reciprocal_rank_fusion_k=60
165,Q0,WSJ910508-0104,978,0.011781562983078041,reciprocal_rank_fusion_k=60
165,Q0,WSJ910919-0049,979,0.011780351036022315,reciprocal_rank_fusion_k=60
165,Q0,WSJ910206-0048,980,0.011761989507144667,reciprocal_rank_fusion_k=60
165,Q0,FR89502-0038,981,0.011759857036778011,reciprocal_rank_fusion_k=60
165,Q0,AP880421-0206,982,0.011734951643142703,reciprocal_rank_fusion_k=60
165,Q0,WSJ920324-0026,983,0.011725609646027575,reciprocal_rank_fusion_k=60
165,Q0,WSJ910222-0018,984,0.011723023820802581,reciprocal_rank_fusion_k=60
165,Q0,WSJ880929-0173,985,0.011702701300371269,reciprocal_rank_fusion_k=60
165,Q0,AP891004-0044,986,0.011673711989429333,reciprocal_rank_fusion_k=60
165,Q0,WSJ910227-0094,987,0.01167165837379636,reciprocal_rank_fusion_k=60
165,Q0,AP890601-0111,988,0.011632410086454641,reciprocal_rank_fusion_k=60
165,Q0,AP890317-0137,989,0.011620184148524268,reciprocal_rank_fusion_k=60
165,Q0,DOE1-83-0443,990,0.011585615654309024,reciprocal_rank_fusion_k=60
165,Q0,WSJ880719-0177,991,0.01157773419423027,reciprocal_rank_fusion_k=60
165,Q0,AP890811-0012,992,0.011569525945067199,reciprocal_rank_fusion_k=60
165,Q0,WSJ880523-0003,993,0.011560030306271006,reciprocal_rank_fusion_k=60
165,Q0,WSJ910723-0064,994,0.011554994521471422,reciprocal_rank_fusion_k=60
165,Q0,FR881006-0001,995,0.011537700933589851,reciprocal_rank_fusion_k=60
165,Q0,DOE1-33-0578,996,0.011534403504397892,reciprocal_rank_fusion_k=60
165,Q0,WSJ890927-0167,997,0.011531840812975595,reciprocal_rank_fusion_k=60
165,Q0,AP890919-0151,998,0.011493878859071183,reciprocal_rank_fusion_k=60
165,Q0,WSJ870226-0096,999,0.011490585477527102,reciprocal_rank_fusion_k=60
165,Q0,AP890916-0037,1000,0.01149019773435823,reciprocal_rank_fusion_k=60
169,Q0,WSJ870901-0056,1,0.2642628492125006,reciprocal_rank_fusion_k=60
169,Q0,AP881018-0099,2,0.2557350325750073,reciprocal_rank_fusion_k=60
169,Q0,WSJ880715-0156,3,0.2543843802596991,reciprocal_rank_fusion_k=60
169,Q0,WSJ870723-0162,4,0.24976729827358482,reciprocal_rank_fusion_k=60
169,Q0,AP891017-0211,5,0.23543280000621072,reciprocal_rank_fusion_k=60
169,Q0,AP890410-0179,6,0.23502717893973157,reciprocal_rank_fusion_k=60
169,Q0,AP880825-0014,7,0.23018643593798527,reciprocal_rank_fusion_k=60
169,Q0,WSJ910111-0040,8,0.22964071532387512,reciprocal_rank_fusion_k=60
169,Q0,AP890617-0067,9,0.22675313919738857,reciprocal_rank_fusion_k=60
169,Q0,AP880922-0146,10,0.22550944670150408,reciprocal_rank_fusion_k=60
169,Q0,WSJ880616-0038,11,0.2157936325874038,reciprocal_rank_fusion_k=60
169,Q0,AP891211-0295,12,0.2109171392347236,reciprocal_rank_fusion_k=60
169,Q0,WSJ880923-0081,13,0.20536940702841042,reciprocal_rank_fusion_k=60
169,Q0,AP891021-0043,14,0.20239957457650773,reciprocal_rank_fusion_k=60
169,Q0,WSJ910827-0056,15,0.2000330005578466,reciprocal_rank_fusion_k=60
169,Q0,AP890217-0151,16,0.19754543264174637,reciprocal_rank_fusion_k=60
169,Q0,AP890222-0252,17,0.19743534838800889,reciprocal_rank_fusion_k=60
169,Q0,AP890623-0039,18,0.19616080526781798,reciprocal_rank_fusion_k=60
169,Q0,AP891221-0235,19,0.1955594053775906,reciprocal_rank_fusion_k=60
169,Q0,WSJ870608-0103,20,0.19501280888517075,reciprocal_rank_fusion_k=60
169,Q0,AP880718-0061,21,0.19241373136383094,reciprocal_rank_fusion_k=60
169,Q0,AP880722-0155,22,0.19152561440733606,reciprocal_rank_fusion_k=60
169,Q0,AP890713-0033,23,0.18740986532386683,reciprocal_rank_fusion_k=60
169,Q0,AP880728-0158,24,0.18215488945602204,reciprocal_rank_fusion_k=60
169,Q0,WSJ880722-0144,25,0.1812874232523253,reciprocal_rank_fusion_k=60
169,Q0,WSJ870904-0096,26,0.1786253514014428,reciprocal_rank_fusion_k=60
169,Q0,WSJ910114-0028,27,0.17679541956158795,reciprocal_rank_fusion_k=60
169,Q0,WSJ920323-0173,28,0.1759484854246777,reciprocal_rank_fusion_k=60
169,Q0,WSJ880825-0098,29,0.17385183607376128,reciprocal_rank_fusion_k=60
169,Q0,AP890831-0235,30,0.17313290544739826,reciprocal_rank_fusion_k=60
169,Q0,WSJ910729-0109,31,0.17255639492552474,reciprocal_rank_fusion_k=60
169,Q0,AP890622-0176,32,0.1723682803210538,reciprocal_rank_fusion_k=60
169,Q0,AP880721-0215,33,0.17188842415772135,reciprocal_rank_fusion_k=60
169,Q0,WSJ910426-0095,34,0.17051578807610446,reciprocal_rank_fusion_k=60
169,Q0,WSJ880720-0027,35,0.16996201067400388,reciprocal_rank_fusion_k=60
169,Q0,WSJ900719-0100,36,0.165492666587211,reciprocal_rank_fusion_k=60
169,Q0,WSJ910402-0157,37,0.16506126526069176,reciprocal_rank_fusion_k=60
169,Q0,WSJ900608-0087,38,0.16385506011106424,reciprocal_rank_fusion_k=60
169,Q0,WSJ900531-0084,39,0.16192784622009662,reciprocal_rank_fusion_k=60
169,Q0,WSJ870603-0063,40,0.15779145021669266,reciprocal_rank_fusion_k=60
169,Q0,WSJ890831-0059,41,0.15473214529672902,reciprocal_rank_fusion_k=60
169,Q0,WSJ920110-0056,42,0.15443243218367284,reciprocal_rank_fusion_k=60
169,Q0,AP891017-0212,43,0.1535091917184519,reciprocal_rank_fusion_k=60
169,Q0,AP890311-0162,44,0.15319794677470466,reciprocal_rank_fusion_k=60
169,Q0,WSJ870217-0033,45,0.1469917895855755,reciprocal_rank_fusion_k=60
169,Q0,AP880520-0280,46,0.14656441617184585,reciprocal_rank_fusion_k=60
169,Q0,DOE1-37-1063,47,0.14631907483030424,reciprocal_rank_fusion_k=60
169,Q0,AP880709-0107,48,0.14565505409590265,reciprocal_rank_fusion_k=60
169,Q0,AP891130-0154,49,0.1436403541678631,reciprocal_rank_fusion_k=60
169,Q0,WSJ911223-0116,50,0.14149795155726683,reciprocal_rank_fusion_k=60
169,Q0,AP890620-0230,51,0.14013347345605082,reciprocal_rank_fusion_k=60
169,Q0,AP890819-0075,52,0.13997882850763968,reciprocal_rank_fusion_k=60
169,Q0,AP891012-0049,53,0.1356210389236619,reciprocal_rank_fusion_k=60
169,Q0,WSJ910718-0114,54,0.13503239251556892,reciprocal_rank_fusion_k=60
169,Q0,AP880414-0137,55,0.130037306319544,reciprocal_rank_fusion_k=60
169,Q0,WSJ890905-0086,56,0.12995030323516282,reciprocal_rank_fusion_k=60
169,Q0,AP880707-0028,57,0.1293408318110923,reciprocal_rank_fusion_k=60
169,Q0,WSJ910912-0066,58,0.12616138997690426,reciprocal_rank_fusion_k=60
169,Q0,WSJ910510-0100,59,0.1261166208547371,reciprocal_rank_fusion_k=60
169,Q0,AP890907-0107,60,0.12556695353785152,reciprocal_rank_fusion_k=60
169,Q0,AP890629-0175,61,0.12506388123080384,reciprocal_rank_fusion_k=60
169,Q0,AP881115-0248,62,0.12497645532047019,reciprocal_rank_fusion_k=60
169,Q0,AP880424-0045,63,0.12497073966964355,reciprocal_rank_fusion_k=60
169,Q0,AP891106-0034,64,0.1247416897809768,reciprocal_rank_fusion_k=60
169,Q0,WSJ880818-0065,65,0.12423065755227156,reciprocal_rank_fusion_k=60
169,Q0,WSJ880629-0071,66,0.12360182300448247,reciprocal_rank_fusion_k=60
169,Q0,WSJ910501-0020,67,0.12339381092210841,reciprocal_rank_fusion_k=60
169,Q0,AP890701-0007,68,0.12307883325741287,reciprocal_rank_fusion_k=60
169,Q0,WSJ910819-0117,69,0.12137059832202415,reciprocal_rank_fusion_k=60
169,Q0,AP890608-0175,70,0.12108428024047273,reciprocal_rank_fusion_k=60
169,Q0,AP880327-0001,71,0.11806002803855067,reciprocal_rank_fusion_k=60
169,Q0,AP880324-0268,72,0.11721167179752903,reciprocal_rank_fusion_k=60
169,Q0,WSJ900418-0087,73,0.11506218677349661,reciprocal_rank_fusion_k=60
169,Q0,WSJ911010-0053,74,0.11359451086861203,reciprocal_rank_fusion_k=60
169,Q0,WSJ911203-0121,75,0.11281916402168811,reciprocal_rank_fusion_k=60
169,Q0,WSJ910726-0062,76,0.11229270651319397,reciprocal_rank_fusion_k=60
169,Q0,AP891028-0169,77,0.11201310645188016,reciprocal_rank_fusion_k=60
169,Q0,AP890616-0200,78,0.1119926595899041,reciprocal_rank_fusion_k=60
169,Q0,WSJ900709-0034,79,0.10928631096691332,reciprocal_rank_fusion_k=60
169,Q0,WSJ900822-0133,80,0.10849170136735864,reciprocal_rank_fusion_k=60
169,Q0,WSJ910517-0006,81,0.10772419173851,reciprocal_rank_fusion_k=60
169,Q0,AP891019-0261,82,0.10700411298074948,reciprocal_rank_fusion_k=60
169,Q0,WSJ920117-0038,83,0.10694186278447658,reciprocal_rank_fusion_k=60
169,Q0,WSJ900612-0023,84,0.10665426227510538,reciprocal_rank_fusion_k=60
169,Q0,AP880926-0126,85,0.10637450315519674,reciprocal_rank_fusion_k=60
169,Q0,WSJ871013-0029,86,0.10629688373733596,reciprocal_rank_fusion_k=60
169,Q0,WSJ871002-0093,87,0.1052691618318216,reciprocal_rank_fusion_k=60
169,Q0,AP880314-0231,88,0.10383315289487953,reciprocal_rank_fusion_k=60
169,Q0,WSJ920323-0040,89,0.10382747073377316,reciprocal_rank_fusion_k=60
169,Q0,AP880701-0028,90,0.10274599538090042,reciprocal_rank_fusion_k=60
169,Q0,AP891103-0155,91,0.10264733810436726,reciprocal_rank_fusion_k=60
169,Q0,AP891115-0143,92,0.10249857623658841,reciprocal_rank_fusion_k=60
169,Q0,WSJ910910-0011,93,0.10149125418639346,reciprocal_rank_fusion_k=60
169,Q0,AP891026-0129,94,0.10032495878065714,reciprocal_rank_fusion_k=60
169,Q0,WSJ880906-0014,95,0.0983695307606555,reciprocal_rank_fusion_k=60
169,Q0,WSJ870909-0010,96,0.09624039635515093,reciprocal_rank_fusion_k=60
169,Q0,WSJ900423-0011,97,0.09569258905627427,reciprocal_rank_fusion_k=60
169,Q0,AP880815-0282,98,0.09438185861963087,reciprocal_rank_fusion_k=60
169,Q0,WSJ880901-0122,99,0.09374993771382409,reciprocal_rank_fusion_k=60
169,Q0,AP890601-0354,100,0.09282059364808325,reciprocal_rank_fusion_k=60
169,Q0,DOE1-51-0662,101,0.0912862466462328,reciprocal_rank_fusion_k=60
169,Q0,WSJ891101-0096,102,0.09115928135975948,reciprocal_rank_fusion_k=60
169,Q0,WSJ910520-0169,103,0.09109257979313357,reciprocal_rank_fusion_k=60
169,Q0,WSJ910418-0087,104,0.09068887137543491,reciprocal_rank_fusion_k=60
169,Q0,AP880610-0120,105,0.09019698680189507,reciprocal_rank_fusion_k=60
169,Q0,WSJ911014-0034,106,0.08937578894480411,reciprocal_rank_fusion_k=60
169,Q0,FR88915-0116,107,0.08919282091076293,reciprocal_rank_fusion_k=60
169,Q0,DOE1-56-1070,108,0.08775345304724687,reciprocal_rank_fusion_k=60
169,Q0,WSJ900723-0044,109,0.08670563291368177,reciprocal_rank_fusion_k=60
169,Q0,AP891021-0172,110,0.086040678160224,reciprocal_rank_fusion_k=60
169,Q0,AP890910-0032,111,0.08567182724842175,reciprocal_rank_fusion_k=60
169,Q0,AP890530-0224,112,0.08565059941010247,reciprocal_rank_fusion_k=60
169,Q0,WSJ870806-0091,113,0.08550845238197348,reciprocal_rank_fusion_k=60
169,Q0,WSJ900417-0063,114,0.0847092822822229,reciprocal_rank_fusion_k=60
169,Q0,WSJ911007-0193,115,0.0843364340589581,reciprocal_rank_fusion_k=60
169,Q0,AP880801-0020,116,0.08415104389947603,reciprocal_rank_fusion_k=60
169,Q0,AP890415-0012,117,0.08394473758990283,reciprocal_rank_fusion_k=60
169,Q0,WSJ900613-0111,118,0.08357387463799502,reciprocal_rank_fusion_k=60
169,Q0,WSJ910514-0070,119,0.08250176445249718,reciprocal_rank_fusion_k=60
169,Q0,FR89324-0021,120,0.08206711452786415,reciprocal_rank_fusion_k=60
169,Q0,AP891213-0254,121,0.08193286769235013,reciprocal_rank_fusion_k=60
169,Q0,WSJ880726-0075,122,0.0819233684385305,reciprocal_rank_fusion_k=60
169,Q0,WSJ890927-0016,123,0.08151788272417677,reciprocal_rank_fusion_k=60
169,Q0,AP890522-0083,124,0.08061561606664522,reciprocal_rank_fusion_k=60
169,Q0,WSJ910625-0071,125,0.08035759269211298,reciprocal_rank_fusion_k=60
169,Q0,WSJ870902-0042,126,0.07901597880187305,reciprocal_rank_fusion_k=60
169,Q0,AP880517-0046,127,0.07802488210573605,reciprocal_rank_fusion_k=60
169,Q0,FR88830-0045,128,0.07705843673037396,reciprocal_rank_fusion_k=60
169,Q0,FR88829-0045,129,0.07681547450387362,reciprocal_rank_fusion_k=60
169,Q0,WSJ910530-0088,130,0.07670880357412764,reciprocal_rank_fusion_k=60
169,Q0,DOE2-19-1271,131,0.07583237967496116,reciprocal_rank_fusion_k=60
169,Q0,AP880408-0126,132,0.07569489819952895,reciprocal_rank_fusion_k=60
169,Q0,AP880703-0058,133,0.0753401458913955,reciprocal_rank_fusion_k=60
169,Q0,WSJ910424-0031,134,0.07495742309581101,reciprocal_rank_fusion_k=60
169,Q0,AP881005-0122,135,0.07449547537342562,reciprocal_rank_fusion_k=60
169,Q0,AP880314-0171,136,0.07416072564932699,reciprocal_rank_fusion_k=60
169,Q0,WSJ911107-0155,137,0.07407033718034463,reciprocal_rank_fusion_k=60
169,Q0,AP880908-0130,138,0.07379274324398168,reciprocal_rank_fusion_k=60
169,Q0,WSJ900829-0030,139,0.07313216312601299,reciprocal_rank_fusion_k=60
169,Q0,AP880321-0067,140,0.07274113817999868,reciprocal_rank_fusion_k=60
169,Q0,WSJ910509-0092,141,0.07260983896185352,reciprocal_rank_fusion_k=60
169,Q0,AP880517-0031,142,0.07224105097433113,reciprocal_rank_fusion_k=60
169,Q0,WSJ870417-0116,143,0.07134758877011964,reciprocal_rank_fusion_k=60
169,Q0,AP890623-0097,144,0.07090758676222665,reciprocal_rank_fusion_k=60
169,Q0,WSJ910319-0070,145,0.06948779543349906,reciprocal_rank_fusion_k=60
169,Q0,FR89222-0053,146,0.06900694978813758,reciprocal_rank_fusion_k=60
169,Q0,AP890512-0224,147,0.06871903660283679,reciprocal_rank_fusion_k=60
169,Q0,WSJ910813-0108,148,0.06782303292597402,reciprocal_rank_fusion_k=60
169,Q0,WSJ870803-0114,149,0.0667473916329081,reciprocal_rank_fusion_k=60
169,Q0,FR88815-0025,150,0.0661370682055683,reciprocal_rank_fusion_k=60
169,Q0,WSJ910808-0103,151,0.06600760608745249,reciprocal_rank_fusion_k=60
169,Q0,FR88922-0045,152,0.06566786765014053,reciprocal_rank_fusion_k=60
169,Q0,AP890222-0254,153,0.0651033050946149,reciprocal_rank_fusion_k=60
169,Q0,AP890217-0153,154,0.06503729073643358,reciprocal_rank_fusion_k=60
169,Q0,WSJ910918-0129,155,0.06402790238886083,reciprocal_rank_fusion_k=60
169,Q0,AP890217-0152,156,0.06378207183353912,reciprocal_rank_fusion_k=60
169,Q0,AP890222-0253,157,0.06356300279304229,reciprocal_rank_fusion_k=60
169,Q0,AP890620-0152,158,0.06334405017080905,reciprocal_rank_fusion_k=60
169,Q0,WSJ920313-0068,159,0.06328241390167953,reciprocal_rank_fusion_k=60
169,Q0,WSJ870928-0092,160,0.06297196914413984,reciprocal_rank_fusion_k=60
169,Q0,AP890802-0145,161,0.06293713527490544,reciprocal_rank_fusion_k=60
169,Q0,WSJ880425-0004,162,0.06255359841542782,reciprocal_rank_fusion_k=60
169,Q0,AP890222-0039,163,0.06197815229019848,reciprocal_rank_fusion_k=60
169,Q0,WSJ900501-0143,164,0.061917234384188696,reciprocal_rank_fusion_k=60
169,Q0,AP891002-0198,165,0.060107361518890894,reciprocal_rank_fusion_k=60
169,Q0,WSJ920124-0067,166,0.0598350376045113,reciprocal_rank_fusion_k=60
169,Q0,FR89302-0028,167,0.059698251913956474,reciprocal_rank_fusion_k=60
169,Q0,DOE1-20-0905,168,0.05964694116371003,reciprocal_rank_fusion_k=60
169,Q0,DOE2-40-0186,169,0.059633936425598943,reciprocal_rank_fusion_k=60
169,Q0,WSJ920219-0088,170,0.05956274334994001,reciprocal_rank_fusion_k=60
169,Q0,WSJ900913-0139,171,0.059305474045464636,reciprocal_rank_fusion_k=60
169,Q0,AP890622-0168,172,0.05897640349061183,reciprocal_rank_fusion_k=60
169,Q0,AP880908-0149,173,0.058751819947819535,reciprocal_rank_fusion_k=60
169,Q0,AP890425-0207,174,0.0586049321280508,reciprocal_rank_fusion_k=60
169,Q0,AP890620-0105,175,0.0583770833640783,reciprocal_rank_fusion_k=60
169,Q0,AP881201-0093,176,0.05822108588612588,reciprocal_rank_fusion_k=60
169,Q0,FR89620-0015,177,0.058056540307161904,reciprocal_rank_fusion_k=60
169,Q0,DOE2-28-0141,178,0.05752534606502295,reciprocal_rank_fusion_k=60
169,Q0,AP880806-0027,179,0.05736182420420219,reciprocal_rank_fusion_k=60
169,Q0,FR89428-0017,180,0.05715950716687073,reciprocal_rank_fusion_k=60
169,Q0,DOE1-58-0092,181,0.05706407297275413,reciprocal_rank_fusion_k=60
169,Q0,AP881220-0103,182,0.05703521070941226,reciprocal_rank_fusion_k=60
169,Q0,DOE2-41-0768,183,0.056885541926914245,reciprocal_rank_fusion_k=60
169,Q0,AP890207-0012,184,0.05673828687328691,reciprocal_rank_fusion_k=60
169,Q0,WSJ900517-0134,185,0.05668559040402705,reciprocal_rank_fusion_k=60
169,Q0,DOE2-66-1034,186,0.05627973870277035,reciprocal_rank_fusion_k=60
169,Q0,FR89531-0070,187,0.05620473617553861,reciprocal_rank_fusion_k=60
169,Q0,AP880826-0216,188,0.056146637385956454,reciprocal_rank_fusion_k=60
169,Q0,AP890424-0245,189,0.05587450177411297,reciprocal_rank_fusion_k=60
169,Q0,AP880324-0010,190,0.055788527124915964,reciprocal_rank_fusion_k=60
169,Q0,AP880609-0038,191,0.055471456533184256,reciprocal_rank_fusion_k=60
169,Q0,WSJ890919-0017,192,0.05544359304179612,reciprocal_rank_fusion_k=60
169,Q0,AP880530-0185,193,0.05493134817725774,reciprocal_rank_fusion_k=60
169,Q0,AP891109-0038,194,0.05465334971590421,reciprocal_rank_fusion_k=60
169,Q0,WSJ880909-0069,195,0.05462030423391646,reciprocal_rank_fusion_k=60
169,Q0,WSJ910904-0030,196,0.054323827345713234,reciprocal_rank_fusion_k=60
169,Q0,ZF108-335-326,197,0.053967031968253205,reciprocal_rank_fusion_k=60
169,Q0,WSJ900720-0012,198,0.05357771601830891,reciprocal_rank_fusion_k=60
169,Q0,AP890602-0083,199,0.05343527149739036,reciprocal_rank_fusion_k=60
169,Q0,AP891222-0112,200,0.05333328448328133,reciprocal_rank_fusion_k=60
169,Q0,WSJ900615-0165,201,0.05318560243147473,reciprocal_rank_fusion_k=60
169,Q0,AP880810-0211,202,0.05292061444142253,reciprocal_rank_fusion_k=60
169,Q0,AP881108-0043,203,0.05277120451977065,reciprocal_rank_fusion_k=60
169,Q0,AP890415-0053,204,0.05276009815370999,reciprocal_rank_fusion_k=60
169,Q0,AP880516-0113,205,0.052488473032196316,reciprocal_rank_fusion_k=60
169,Q0,FR881027-0027,206,0.05180594539381012,reciprocal_rank_fusion_k=60
169,Q0,WSJ900925-0102,207,0.05179380102784619,reciprocal_rank_fusion_k=60
169,Q0,ZF108-551-594,208,0.05158868875427932,reciprocal_rank_fusion_k=60
169,Q0,ZF207-426-698,209,0.05105259596129318,reciprocal_rank_fusion_k=60
169,Q0,FR881118-0070,210,0.05103155568522502,reciprocal_rank_fusion_k=60
169,Q0,AP890816-0121,211,0.05082201318898886,reciprocal_rank_fusion_k=60
169,Q0,WSJ901220-0188,212,0.05074906830128372,reciprocal_rank_fusion_k=60
169,Q0,FR88906-0023,213,0.05065943336356045,reciprocal_rank_fusion_k=60
169,Q0,AP890713-0209,214,0.05048787529732145,reciprocal_rank_fusion_k=60
169,Q0,FR881102-0049,215,0.05039204755380167,reciprocal_rank_fusion_k=60
169,Q0,WSJ870318-0108,216,0.050350730905012554,reciprocal_rank_fusion_k=60
169,Q0,WSJ910924-0072,217,0.05033714930861748,reciprocal_rank_fusion_k=60
169,Q0,FR89206-0035,218,0.050119957208086534,reciprocal_rank_fusion_k=60
169,Q0,WSJ900504-0156,219,0.049005958427946784,reciprocal_rank_fusion_k=60
169,Q0,AP890630-0036,220,0.048979978554850506,reciprocal_rank_fusion_k=60
169,Q0,WSJ910531-0151,221,0.048935498866019125,reciprocal_rank_fusion_k=60
169,Q0,AP880601-0190,222,0.04854745809848465,reciprocal_rank_fusion_k=60
169,Q0,DOE1-21-1266,223,0.048544851219617935,reciprocal_rank_fusion_k=60
169,Q0,WSJ911017-0071,224,0.04851981973781463,reciprocal_rank_fusion_k=60
169,Q0,WSJ900402-0177,225,0.048178968734771566,reciprocal_rank_fusion_k=60
169,Q0,AP880529-0054,226,0.04806812465232058,reciprocal_rank_fusion_k=60
169,Q0,WSJ911106-0073,227,0.048025272030042386,reciprocal_rank_fusion_k=60
169,Q0,AP890112-0003,228,0.04781221713822666,reciprocal_rank_fusion_k=60
169,Q0,AP890307-0041,229,0.047806299660370005,reciprocal_rank_fusion_k=60
169,Q0,AP880516-0059,230,0.046642600787567455,reciprocal_rank_fusion_k=60
169,Q0,AP880221-0041,231,0.046620787500304,reciprocal_rank_fusion_k=60
169,Q0,DOE2-49-0423,232,0.04640342442717362,reciprocal_rank_fusion_k=60
169,Q0,FR88912-0003,233,0.0463335449428702,reciprocal_rank_fusion_k=60
169,Q0,AP891214-0183,234,0.04631437816927301,reciprocal_rank_fusion_k=60
169,Q0,WSJ910904-0063,235,0.04624143070473885,reciprocal_rank_fusion_k=60
169,Q0,DOE1-44-1283,236,0.04614074264621528,reciprocal_rank_fusion_k=60
169,Q0,WSJ900420-0070,237,0.04611373869683888,reciprocal_rank_fusion_k=60
169,Q0,AP880810-0031,238,0.046069260141102936,reciprocal_rank_fusion_k=60
169,Q0,WSJ911209-0003,239,0.045924387610999574,reciprocal_rank_fusion_k=60
169,Q0,AP880324-0131,240,0.045807365323304705,reciprocal_rank_fusion_k=60
169,Q0,AP890627-0011,241,0.04579493227088782,reciprocal_rank_fusion_k=60
169,Q0,WSJ891027-0007,242,0.04576566545418497,reciprocal_rank_fusion_k=60
169,Q0,FR89131-0076,243,0.04547485105128386,reciprocal_rank_fusion_k=60
169,Q0,AP890410-0120,244,0.04504075671375392,reciprocal_rank_fusion_k=60
169,Q0,DOE1-80-1052,245,0.04504066280763125,reciprocal_rank_fusion_k=60
169,Q0,AP880714-0194,246,0.04462409183828697,reciprocal_rank_fusion_k=60
169,Q0,AP880723-0185,247,0.04445445647485957,reciprocal_rank_fusion_k=60
169,Q0,AP881230-0126,248,0.04435135035666492,reciprocal_rank_fusion_k=60
169,Q0,WSJ880721-0148,249,0.0439368235072621,reciprocal_rank_fusion_k=60
169,Q0,AP890126-0091,250,0.043681410344113145,reciprocal_rank_fusion_k=60
169,Q0,AP890808-0151,251,0.04346682538028392,reciprocal_rank_fusion_k=60
169,Q0,WSJ910128-0075,252,0.043253004874332375,reciprocal_rank_fusion_k=60
169,Q0,WSJ890803-0112,253,0.043184155416384554,reciprocal_rank_fusion_k=60
169,Q0,FR89623-0017,254,0.04284985363063603,reciprocal_rank_fusion_k=60
169,Q0,ZF108-354-850,255,0.042821685723372964,reciprocal_rank_fusion_k=60
169,Q0,DOE2-21-0185,256,0.04278061486569326,reciprocal_rank_fusion_k=60
169,Q0,WSJ880422-0158,257,0.04275233143089789,reciprocal_rank_fusion_k=60
169,Q0,DOE1-77-0497,258,0.042249013425776784,reciprocal_rank_fusion_k=60
169,Q0,DOE2-77-1158,259,0.041704300759913715,reciprocal_rank_fusion_k=60
169,Q0,FR89315-0021,260,0.04166323196346849,reciprocal_rank_fusion_k=60
169,Q0,FR89524-0019,261,0.041629162592645104,reciprocal_rank_fusion_k=60
169,Q0,AP890118-0047,262,0.041532867598581096,reciprocal_rank_fusion_k=60
169,Q0,AP881125-0105,263,0.04138699802093559,reciprocal_rank_fusion_k=60
169,Q0,WSJ880630-0048,264,0.041290048843752494,reciprocal_rank_fusion_k=60
169,Q0,WSJ901231-0106,265,0.04117728107518945,reciprocal_rank_fusion_k=60
169,Q0,DOE1-84-0127,266,0.041048191622808185,reciprocal_rank_fusion_k=60
169,Q0,FR88831-0134,267,0.040917569392110144,reciprocal_rank_fusion_k=60
169,Q0,WSJ920320-0017,268,0.04088520185929977,reciprocal_rank_fusion_k=60
169,Q0,WSJ880825-0076,269,0.04085521424771443,reciprocal_rank_fusion_k=60
169,Q0,AP890719-0139,270,0.04002329434236994,reciprocal_rank_fusion_k=60
169,Q0,WSJ890808-0115,271,0.039926227453403886,reciprocal_rank_fusion_k=60
169,Q0,AP880426-0122,272,0.039620386985219955,reciprocal_rank_fusion_k=60
169,Q0,FR88816-0111,273,0.03953139122776043,reciprocal_rank_fusion_k=60
169,Q0,FR89508-0018,274,0.039167407597891966,reciprocal_rank_fusion_k=60
169,Q0,AP891026-0272,275,0.039158440328768446,reciprocal_rank_fusion_k=60
169,Q0,WSJ870319-0045,276,0.03905541776723677,reciprocal_rank_fusion_k=60
169,Q0,AP891205-0186,277,0.03897282086119179,reciprocal_rank_fusion_k=60
169,Q0,WSJ900921-0070,278,0.03880666751757042,reciprocal_rank_fusion_k=60
169,Q0,AP890624-0091,279,0.03878695546581026,reciprocal_rank_fusion_k=60
169,Q0,WSJ911127-0048,280,0.038436406065829584,reciprocal_rank_fusion_k=60
169,Q0,AP880628-0303,281,0.0383698400910046,reciprocal_rank_fusion_k=60
169,Q0,AP891027-0250,282,0.0382993040311382,reciprocal_rank_fusion_k=60
169,Q0,DOE1-77-0504,283,0.03822508707793333,reciprocal_rank_fusion_k=60
169,Q0,DOE2-44-0099,284,0.03816557686368463,reciprocal_rank_fusion_k=60
169,Q0,AP881225-0012,285,0.037900536126213795,reciprocal_rank_fusion_k=60
169,Q0,WSJ881031-0017,286,0.03773213013514441,reciprocal_rank_fusion_k=60
169,Q0,AP880825-0203,287,0.037658926804846414,reciprocal_rank_fusion_k=60
169,Q0,AP890706-0079,288,0.03761395208528718,reciprocal_rank_fusion_k=60
169,Q0,WSJ900820-0071,289,0.03754838565095682,reciprocal_rank_fusion_k=60
169,Q0,FR89518-0034,290,0.03750829923925059,reciprocal_rank_fusion_k=60
169,Q0,WSJ870805-0144,291,0.03722684318840057,reciprocal_rank_fusion_k=60
169,Q0,WSJ910208-0166,292,0.03713265744066277,reciprocal_rank_fusion_k=60
169,Q0,ZF108-440-076,293,0.03711292674976057,reciprocal_rank_fusion_k=60
169,Q0,AP880910-0127,294,0.03696071226561329,reciprocal_rank_fusion_k=60
169,Q0,FR88126-0016,295,0.03690449438254403,reciprocal_rank_fusion_k=60
169,Q0,WSJ911114-0135,296,0.0367108071360764,reciprocal_rank_fusion_k=60
169,Q0,DOE2-73-0812,297,0.03650513362047607,reciprocal_rank_fusion_k=60
169,Q0,ZF109-506-173,298,0.036365921757163175,reciprocal_rank_fusion_k=60
169,Q0,AP880629-0168,299,0.03620148909389651,reciprocal_rank_fusion_k=60
169,Q0,AP881011-0044,300,0.036174893418494565,reciprocal_rank_fusion_k=60
169,Q0,DOE1-75-0409,301,0.03587989639731336,reciprocal_rank_fusion_k=60
169,Q0,DOE1-78-0433,302,0.0354535988149052,reciprocal_rank_fusion_k=60
169,Q0,AP891009-0110,303,0.03527584466464244,reciprocal_rank_fusion_k=60
169,Q0,WSJ870702-0032,304,0.0352426771600403,reciprocal_rank_fusion_k=60
169,Q0,WSJ881103-0106,305,0.03515806935150817,reciprocal_rank_fusion_k=60
169,Q0,ZF108-007-686,306,0.035136349401947146,reciprocal_rank_fusion_k=60
169,Q0,WSJ911106-0043,307,0.035097685150448664,reciprocal_rank_fusion_k=60
169,Q0,FR89321-0028,308,0.03508751897308462,reciprocal_rank_fusion_k=60
169,Q0,WSJ910730-0058,309,0.03486249160011755,reciprocal_rank_fusion_k=60
169,Q0,WSJ900831-0028,310,0.03483478336158649,reciprocal_rank_fusion_k=60
169,Q0,WSJ910617-0044,311,0.034784651639189944,reciprocal_rank_fusion_k=60
169,Q0,AP880730-0024,312,0.03472747866467725,reciprocal_rank_fusion_k=60
169,Q0,WSJ880705-0159,313,0.034577253655260064,reciprocal_rank_fusion_k=60
169,Q0,FR89613-0075,314,0.03448361380042323,reciprocal_rank_fusion_k=60
169,Q0,WSJ911023-0106,315,0.03438865308440356,reciprocal_rank_fusion_k=60
169,Q0,DOE1-11-0243,316,0.03430009941056844,reciprocal_rank_fusion_k=60
169,Q0,WSJ870302-0074,317,0.03405372789956054,reciprocal_rank_fusion_k=60
169,Q0,WSJ870924-0166,318,0.03390186186901356,reciprocal_rank_fusion_k=60
169,Q0,AP880708-0025,319,0.03379557259321739,reciprocal_rank_fusion_k=60
169,Q0,WSJ910329-0057,320,0.03347442415653716,reciprocal_rank_fusion_k=60
169,Q0,AP891118-0172,321,0.03343150430681323,reciprocal_rank_fusion_k=60
169,Q0,ZF109-569-031,322,0.033323506457253675,reciprocal_rank_fusion_k=60
169,Q0,FR88614-0042,323,0.03327252940252553,reciprocal_rank_fusion_k=60
169,Q0,AP880630-0120,324,0.03323131342005603,reciprocal_rank_fusion_k=60
169,Q0,WSJ910815-0119,325,0.03290582534755795,reciprocal_rank_fusion_k=60
169,Q0,AP880318-0038,326,0.032877667773071294,reciprocal_rank_fusion_k=60
169,Q0,AP890804-0053,327,0.03285493949955718,reciprocal_rank_fusion_k=60
169,Q0,AP890424-0243,328,0.032772065457508166,reciprocal_rank_fusion_k=60
169,Q0,AP890609-0034,329,0.03276303491938718,reciprocal_rank_fusion_k=60
169,Q0,FR88616-0137,330,0.0326626498635124,reciprocal_rank_fusion_k=60
169,Q0,AP880628-0102,331,0.03246240681025273,reciprocal_rank_fusion_k=60
169,Q0,DOE1-64-0029,332,0.032293567445502984,reciprocal_rank_fusion_k=60
169,Q0,DOE1-64-0930,333,0.03225261462024909,reciprocal_rank_fusion_k=60
169,Q0,AP880413-0192,334,0.03207612281683311,reciprocal_rank_fusion_k=60
169,Q0,WSJ910408-0134,335,0.031980503357037726,reciprocal_rank_fusion_k=60
169,Q0,DOE1-69-0636,336,0.031906557591943545,reciprocal_rank_fusion_k=60
169,Q0,AP891118-0158,337,0.031891748103895556,reciprocal_rank_fusion_k=60
169,Q0,FR89502-0016,338,0.03176937974187479,reciprocal_rank_fusion_k=60
169,Q0,AP881112-0107,339,0.03148382650893299,reciprocal_rank_fusion_k=60
169,Q0,AP880623-0239,340,0.03146803764249882,reciprocal_rank_fusion_k=60
169,Q0,AP890718-0047,341,0.031409546429335286,reciprocal_rank_fusion_k=60
169,Q0,DOE2-05-0912,342,0.03136262971865204,reciprocal_rank_fusion_k=60
169,Q0,FR88205-0162,343,0.03135441970857927,reciprocal_rank_fusion_k=60
169,Q0,WSJ910924-0108,344,0.031191914849522908,reciprocal_rank_fusion_k=60
169,Q0,WSJ870506-0080,345,0.03113488212973325,reciprocal_rank_fusion_k=60
169,Q0,WSJ910605-0070,346,0.031004469158125096,reciprocal_rank_fusion_k=60
169,Q0,AP890720-0021,347,0.03098084868760534,reciprocal_rank_fusion_k=60
169,Q0,AP880629-0098,348,0.030886825835381097,reciprocal_rank_fusion_k=60
169,Q0,FR88831-0132,349,0.030856531936291794,reciprocal_rank_fusion_k=60
169,Q0,AP890212-0044,350,0.030555401615828585,reciprocal_rank_fusion_k=60
169,Q0,DOE1-08-0390,351,0.03025714060298583,reciprocal_rank_fusion_k=60
169,Q0,AP880525-0176,352,0.030171756946214146,reciprocal_rank_fusion_k=60
169,Q0,DOE1-77-0503,353,0.03005440029093346,reciprocal_rank_fusion_k=60
169,Q0,WSJ910724-0043,354,0.030022190411782123,reciprocal_rank_fusion_k=60
169,Q0,WSJ880620-0051,355,0.029879017563851668,reciprocal_rank_fusion_k=60
169,Q0,AP880508-0030,356,0.029867986560651275,reciprocal_rank_fusion_k=60
169,Q0,DOE2-71-0491,357,0.029706459513743233,reciprocal_rank_fusion_k=60
169,Q0,DOE1-55-1063,358,0.02968868571571561,reciprocal_rank_fusion_k=60
169,Q0,WSJ910927-0069,359,0.029674621466761752,reciprocal_rank_fusion_k=60
169,Q0,DOE1-88-0512,360,0.02952108927230674,reciprocal_rank_fusion_k=60
169,Q0,WSJ910610-0080,361,0.029490919312741552,reciprocal_rank_fusion_k=60
169,Q0,AP890808-0037,362,0.029488092718047063,reciprocal_rank_fusion_k=60
169,Q0,WSJ870902-0055,363,0.02946940661584152,reciprocal_rank_fusion_k=60
169,Q0,DOE1-45-0911,364,0.02944435266029506,reciprocal_rank_fusion_k=60
169,Q0,DOE2-50-0783,365,0.029352933311799143,reciprocal_rank_fusion_k=60
169,Q0,AP880325-0227,366,0.029304374628177744,reciprocal_rank_fusion_k=60
169,Q0,WSJ910626-0066,367,0.02920943015923339,reciprocal_rank_fusion_k=60
169,Q0,DOE1-77-0509,368,0.028878746071729033,reciprocal_rank_fusion_k=60
169,Q0,WSJ900928-0053,369,0.028800175696304945,reciprocal_rank_fusion_k=60
169,Q0,DOE1-73-0895,370,0.028784800473693833,reciprocal_rank_fusion_k=60
169,Q0,AP891030-0179,371,0.028442388266959998,reciprocal_rank_fusion_k=60
169,Q0,AP880519-0049,372,0.028115273188380013,reciprocal_rank_fusion_k=60
169,Q0,WSJ910405-0048,373,0.028043321861500846,reciprocal_rank_fusion_k=60
169,Q0,DOE1-77-0520,374,0.028018101917687405,reciprocal_rank_fusion_k=60
169,Q0,AP880505-0297,375,0.02784464306756125,reciprocal_rank_fusion_k=60
169,Q0,DOE2-60-0844,376,0.027806509285616524,reciprocal_rank_fusion_k=60
169,Q0,WSJ910703-0023,377,0.027767842705402623,reciprocal_rank_fusion_k=60
169,Q0,WSJ881111-0206,378,0.027514021250907187,reciprocal_rank_fusion_k=60
169,Q0,AP890522-0010,379,0.027151613365883773,reciprocal_rank_fusion_k=60
169,Q0,WSJ901224-0172,380,0.027037547427128314,reciprocal_rank_fusion_k=60
169,Q0,WSJ871127-0056,381,0.027029279755882225,reciprocal_rank_fusion_k=60
169,Q0,AP890616-0101,382,0.02702260771698433,reciprocal_rank_fusion_k=60
169,Q0,DOE1-33-0410,383,0.02701298840915345,reciprocal_rank_fusion_k=60
169,Q0,AP880920-0130,384,0.02690219245200674,reciprocal_rank_fusion_k=60
169,Q0,DOE2-53-0979,385,0.026801436528161693,reciprocal_rank_fusion_k=60
169,Q0,DOE2-22-0876,386,0.026773912058787774,reciprocal_rank_fusion_k=60
169,Q0,DOE1-77-0496,387,0.0267241512922189,reciprocal_rank_fusion_k=60
169,Q0,WSJ910717-0091,388,0.02659235152955835,reciprocal_rank_fusion_k=60
169,Q0,AP881227-0077,389,0.02654853951657556,reciprocal_rank_fusion_k=60
169,Q0,AP890504-0013,390,0.026545967618259742,reciprocal_rank_fusion_k=60
169,Q0,WSJ910718-0036,391,0.026532037914974316,reciprocal_rank_fusion_k=60
169,Q0,WSJ920114-0084,392,0.026392374704810668,reciprocal_rank_fusion_k=60
169,Q0,FR89217-0018,393,0.026346921844311512,reciprocal_rank_fusion_k=60
169,Q0,FR88712-0003,394,0.02628255509341154,reciprocal_rank_fusion_k=60
169,Q0,DOE2-81-0277,395,0.026103287644542325,reciprocal_rank_fusion_k=60
169,Q0,WSJ870212-0134,396,0.026049138962462852,reciprocal_rank_fusion_k=60
169,Q0,AP890522-0093,397,0.0260365088599305,reciprocal_rank_fusion_k=60
169,Q0,AP890302-0067,398,0.02603472639551634,reciprocal_rank_fusion_k=60
169,Q0,DOE1-88-0767,399,0.025928159086813663,reciprocal_rank_fusion_k=60
169,Q0,FR89607-0017,400,0.025912857156097813,reciprocal_rank_fusion_k=60
169,Q0,WSJ870630-0094,401,0.02590613618345101,reciprocal_rank_fusion_k=60
169,Q0,FR88906-0021,402,0.025891919788722795,reciprocal_rank_fusion_k=60
169,Q0,WSJ900927-0124,403,0.025816433226136346,reciprocal_rank_fusion_k=60
169,Q0,AP880708-0113,404,0.02581200735745173,reciprocal_rank_fusion_k=60
169,Q0,WSJ900831-0100,405,0.025786803725527965,reciprocal_rank_fusion_k=60
169,Q0,DOE2-40-0873,406,0.025677163428357016,reciprocal_rank_fusion_k=60
169,Q0,DOE2-26-0243,407,0.025648475373428598,reciprocal_rank_fusion_k=60
169,Q0,DOE1-34-0898,408,0.02557358770889992,reciprocal_rank_fusion_k=60
169,Q0,AP890630-0100,409,0.025558322389536727,reciprocal_rank_fusion_k=60
169,Q0,AP880602-0217,410,0.025312484211213904,reciprocal_rank_fusion_k=60
169,Q0,DOE1-77-0487,411,0.025267906523539628,reciprocal_rank_fusion_k=60
169,Q0,DOE1-21-0433,412,0.025201756364206816,reciprocal_rank_fusion_k=60
169,Q0,AP891212-0215,413,0.025144822291966587,reciprocal_rank_fusion_k=60
169,Q0,DOE1-84-0052,414,0.025093923487622363,reciprocal_rank_fusion_k=60
169,Q0,WSJ870310-0036,415,0.02509147004605621,reciprocal_rank_fusion_k=60
169,Q0,AP890710-0200,416,0.024958373082658514,reciprocal_rank_fusion_k=60
169,Q0,FR881024-0121,417,0.024902689494321936,reciprocal_rank_fusion_k=60
169,Q0,FR88517-0031,418,0.02488953858392983,reciprocal_rank_fusion_k=60
169,Q0,FR88514-0001,419,0.024887339133369792,reciprocal_rank_fusion_k=60
169,Q0,DOE1-05-0225,420,0.024645626947548276,reciprocal_rank_fusion_k=60
169,Q0,AP890301-0103,421,0.024442276932804128,reciprocal_rank_fusion_k=60
169,Q0,WSJ910723-0093,422,0.024276520203173804,reciprocal_rank_fusion_k=60
169,Q0,WSJ910626-0048,423,0.024272946554362015,reciprocal_rank_fusion_k=60
169,Q0,AP890222-0106,424,0.024263941007477606,reciprocal_rank_fusion_k=60
169,Q0,FR88108-0023,425,0.02426316340380935,reciprocal_rank_fusion_k=60
169,Q0,DOE2-59-0993,426,0.024088182746099314,reciprocal_rank_fusion_k=60
169,Q0,AP880309-0038,427,0.023925032226170886,reciprocal_rank_fusion_k=60
169,Q0,WSJ880810-0128,428,0.02392490016768222,reciprocal_rank_fusion_k=60
169,Q0,ZF207-584-410,429,0.023918171209514647,reciprocal_rank_fusion_k=60
169,Q0,AP890711-0163,430,0.023863216255040946,reciprocal_rank_fusion_k=60
169,Q0,DOE1-89-0310,431,0.023847772662013746,reciprocal_rank_fusion_k=60
169,Q0,WSJ891102-0130,432,0.02379567891245046,reciprocal_rank_fusion_k=60
169,Q0,DOE1-01-1015,433,0.023785004551051356,reciprocal_rank_fusion_k=60
169,Q0,DOE1-57-0883,434,0.02371479958324651,reciprocal_rank_fusion_k=60
169,Q0,FR881014-0071,435,0.023610770177615672,reciprocal_rank_fusion_k=60
169,Q0,AP890315-0198,436,0.023565915477485093,reciprocal_rank_fusion_k=60
169,Q0,WSJ910628-0069,437,0.023347281798028925,reciprocal_rank_fusion_k=60
169,Q0,DOE2-58-0403,438,0.023281127990655546,reciprocal_rank_fusion_k=60
169,Q0,DOE2-46-0049,439,0.023219389946811827,reciprocal_rank_fusion_k=60
169,Q0,FR881024-0194,440,0.02313042679027387,reciprocal_rank_fusion_k=60
169,Q0,WSJ920109-0070,441,0.02309289998705641,reciprocal_rank_fusion_k=60
169,Q0,WSJ870325-0035,442,0.023017711887969534,reciprocal_rank_fusion_k=60
169,Q0,AP891220-0036,443,0.022987326357744562,reciprocal_rank_fusion_k=60
169,Q0,DOE1-13-0420,444,0.022841915670928775,reciprocal_rank_fusion_k=60
169,Q0,FR89718-0104,445,0.02277518955606617,reciprocal_rank_fusion_k=60
169,Q0,WSJ870416-0171,446,0.022700030727502013,reciprocal_rank_fusion_k=60
169,Q0,WSJ910918-0130,447,0.022669357547545104,reciprocal_rank_fusion_k=60
169,Q0,AP891207-0136,448,0.022605951791307137,reciprocal_rank_fusion_k=60
169,Q0,WSJ910826-0134,449,0.0226047291707684,reciprocal_rank_fusion_k=60
169,Q0,WSJ861210-0067,450,0.022539652139102483,reciprocal_rank_fusion_k=60
169,Q0,AP881207-0042,451,0.022478552841836363,reciprocal_rank_fusion_k=60
169,Q0,ZF109-541-455,452,0.02246628563604145,reciprocal_rank_fusion_k=60
169,Q0,DOE2-32-1325,453,0.022456915337868092,reciprocal_rank_fusion_k=60
169,Q0,FR88201-0001,454,0.02243084725166619,reciprocal_rank_fusion_k=60
169,Q0,AP881029-0072,455,0.02238587528406158,reciprocal_rank_fusion_k=60
169,Q0,DOE2-33-1178,456,0.02235159839405111,reciprocal_rank_fusion_k=60
169,Q0,WSJ910726-0189,457,0.022296403364581146,reciprocal_rank_fusion_k=60
169,Q0,DOE2-42-1124,458,0.02223402903858971,reciprocal_rank_fusion_k=60
169,Q0,FR89426-0029,459,0.022171283897238058,reciprocal_rank_fusion_k=60
169,Q0,FR88708-0133,460,0.02214716309689297,reciprocal_rank_fusion_k=60
169,Q0,AP880427-0074,461,0.022133746459908274,reciprocal_rank_fusion_k=60
169,Q0,DOE1-08-0476,462,0.022089628935136336,reciprocal_rank_fusion_k=60
169,Q0,AP880310-0102,463,0.022038786745126885,reciprocal_rank_fusion_k=60
169,Q0,AP880904-0070,464,0.022010635544016548,reciprocal_rank_fusion_k=60
169,Q0,FR891002-0017,465,0.021902848978597674,reciprocal_rank_fusion_k=60
169,Q0,WSJ880329-0128,466,0.021855285933774928,reciprocal_rank_fusion_k=60
169,Q0,ZF108-462-834,467,0.021789893334616586,reciprocal_rank_fusion_k=60
169,Q0,AP880727-0037,468,0.021789041915591802,reciprocal_rank_fusion_k=60
169,Q0,WSJ900516-0061,469,0.021746901041051002,reciprocal_rank_fusion_k=60
169,Q0,AP880426-0162,470,0.021740359658238333,reciprocal_rank_fusion_k=60
169,Q0,FR88721-0032,471,0.021637873498094262,reciprocal_rank_fusion_k=60
169,Q0,AP890302-0003,472,0.02161128311886578,reciprocal_rank_fusion_k=60
169,Q0,AP880810-0208,473,0.021605543200555428,reciprocal_rank_fusion_k=60
169,Q0,AP880316-0181,474,0.021592010538039157,reciprocal_rank_fusion_k=60
169,Q0,AP880525-0177,475,0.02157425065949827,reciprocal_rank_fusion_k=60
169,Q0,FR881117-0025,476,0.021538757233128276,reciprocal_rank_fusion_k=60
169,Q0,AP891213-0016,477,0.02152588841916901,reciprocal_rank_fusion_k=60
169,Q0,AP891014-0149,478,0.02143390530120376,reciprocal_rank_fusion_k=60
169,Q0,FR89123-0017,479,0.021422964969917146,reciprocal_rank_fusion_k=60
169,Q0,AP880330-0254,480,0.02141333449670853,reciprocal_rank_fusion_k=60
169,Q0,DOE1-73-0887,481,0.021388247005957522,reciprocal_rank_fusion_k=60
169,Q0,WSJ910110-0081,482,0.021344336183828,reciprocal_rank_fusion_k=60
169,Q0,WSJ870820-0138,483,0.02133689569805614,reciprocal_rank_fusion_k=60
169,Q0,DOE2-40-0875,484,0.02128609870285422,reciprocal_rank_fusion_k=60
169,Q0,WSJ900419-0126,485,0.021237334356831734,reciprocal_rank_fusion_k=60
169,Q0,DOE1-24-0389,486,0.02115605493623689,reciprocal_rank_fusion_k=60
169,Q0,WSJ910711-0076,487,0.021143653655712937,reciprocal_rank_fusion_k=60
169,Q0,DOE2-06-0745,488,0.021072156305564856,reciprocal_rank_fusion_k=60
169,Q0,AP890525-0192,489,0.021013585096335916,reciprocal_rank_fusion_k=60
169,Q0,FR89324-0001,490,0.020876993133367414,reciprocal_rank_fusion_k=60
169,Q0,AP880525-0074,491,0.020832522588803252,reciprocal_rank_fusion_k=60
169,Q0,AP880317-0141,492,0.02070800519089325,reciprocal_rank_fusion_k=60
169,Q0,AP880513-0163,493,0.02068143378289109,reciprocal_rank_fusion_k=60
169,Q0,WSJ910905-0072,494,0.020668355065522493,reciprocal_rank_fusion_k=60
169,Q0,WSJ920311-0110,495,0.02065988348627244,reciprocal_rank_fusion_k=60
169,Q0,WSJ910529-0121,496,0.020650863338829654,reciprocal_rank_fusion_k=60
169,Q0,DOE1-16-0339,497,0.0204380283915464,reciprocal_rank_fusion_k=60
169,Q0,AP880609-0080,498,0.02034988101930067,reciprocal_rank_fusion_k=60
169,Q0,FR89214-0012,499,0.020303446217627464,reciprocal_rank_fusion_k=60
169,Q0,FR88516-0028,500,0.020288073103405944,reciprocal_rank_fusion_k=60
169,Q0,AP880611-0180,501,0.020287745058395784,reciprocal_rank_fusion_k=60
169,Q0,AP880711-0010,502,0.020187566095475843,reciprocal_rank_fusion_k=60
169,Q0,AP891015-0041,503,0.020186438547915794,reciprocal_rank_fusion_k=60
169,Q0,ZF109-785-289,504,0.020184991174251786,reciprocal_rank_fusion_k=60
169,Q0,DOE1-40-0385,505,0.02016160423379026,reciprocal_rank_fusion_k=60
169,Q0,AP880504-0176,506,0.020157590751159134,reciprocal_rank_fusion_k=60
169,Q0,WSJ870730-0056,507,0.020145655115138338,reciprocal_rank_fusion_k=60
169,Q0,FR89623-0019,508,0.02003196274202672,reciprocal_rank_fusion_k=60
169,Q0,FR88923-0021,509,0.019920947522613933,reciprocal_rank_fusion_k=60
169,Q0,FR88829-0065,510,0.019885506955506043,reciprocal_rank_fusion_k=60
169,Q0,AP880721-0078,511,0.019878814188736306,reciprocal_rank_fusion_k=60
169,Q0,FR88830-0065,512,0.01985959861746302,reciprocal_rank_fusion_k=60
169,Q0,AP880617-0250,513,0.019818938500905298,reciprocal_rank_fusion_k=60
169,Q0,AP890712-0046,514,0.019755023529157405,reciprocal_rank_fusion_k=60
169,Q0,DOE2-12-0856,515,0.01970827470243754,reciprocal_rank_fusion_k=60
169,Q0,WSJ910314-0016,516,0.01969353937738967,reciprocal_rank_fusion_k=60
169,Q0,AP890314-0245,517,0.019672111803127293,reciprocal_rank_fusion_k=60
169,Q0,WSJ910322-0197,518,0.01958243431205994,reciprocal_rank_fusion_k=60
169,Q0,DOE1-30-0934,519,0.01957519427681497,reciprocal_rank_fusion_k=60
169,Q0,WSJ900413-0104,520,0.01952833840526233,reciprocal_rank_fusion_k=60
169,Q0,AP880610-0064,521,0.019516859289711082,reciprocal_rank_fusion_k=60
169,Q0,ZF108-222-682,522,0.01950597400880441,reciprocal_rank_fusion_k=60
169,Q0,FR891026-0026,523,0.01950146638973725,reciprocal_rank_fusion_k=60
169,Q0,DOE1-58-0744,524,0.019460688780904484,reciprocal_rank_fusion_k=60
169,Q0,WSJ870609-0124,525,0.019350035740340988,reciprocal_rank_fusion_k=60
169,Q0,WSJ911003-0148,526,0.019304382315593296,reciprocal_rank_fusion_k=60
169,Q0,AP890314-0272,527,0.019287377008100955,reciprocal_rank_fusion_k=60
169,Q0,WSJ910422-0111,528,0.01927584809854637,reciprocal_rank_fusion_k=60
169,Q0,FR88518-0028,529,0.0192611055785514,reciprocal_rank_fusion_k=60
169,Q0,FR891010-0135,530,0.01925387724780567,reciprocal_rank_fusion_k=60
169,Q0,WSJ910710-0121,531,0.019252393207185272,reciprocal_rank_fusion_k=60
169,Q0,DOE2-46-0306,532,0.019207693831702836,reciprocal_rank_fusion_k=60
169,Q0,DOE2-45-1202,533,0.01916743823709409,reciprocal_rank_fusion_k=60
169,Q0,AP880618-0117,534,0.019144645371972194,reciprocal_rank_fusion_k=60
169,Q0,DOE2-45-1200,535,0.01913776326341919,reciprocal_rank_fusion_k=60
169,Q0,WSJ870603-0109,536,0.019071605260562476,reciprocal_rank_fusion_k=60
169,Q0,FR89602-0027,537,0.019071095503755124,reciprocal_rank_fusion_k=60
169,Q0,DOE2-32-0639,538,0.01890122663108463,reciprocal_rank_fusion_k=60
169,Q0,WSJ880712-0119,539,0.01888797312313212,reciprocal_rank_fusion_k=60
169,Q0,AP890920-0222,540,0.018862993071840643,reciprocal_rank_fusion_k=60
169,Q0,AP890605-0117,541,0.018804590320761143,reciprocal_rank_fusion_k=60
169,Q0,FR88818-0053,542,0.018796250424981332,reciprocal_rank_fusion_k=60
169,Q0,WSJ910528-0073,543,0.018791563615907246,reciprocal_rank_fusion_k=60
169,Q0,DOE1-35-1195,544,0.018782986748656597,reciprocal_rank_fusion_k=60
169,Q0,DOE2-30-0728,545,0.01876719192167533,reciprocal_rank_fusion_k=60
169,Q0,AP890905-0172,546,0.01868447510474222,reciprocal_rank_fusion_k=60
169,Q0,AP880705-0008,547,0.01851972945436977,reciprocal_rank_fusion_k=60
169,Q0,WSJ880224-0080,548,0.018509372147633603,reciprocal_rank_fusion_k=60
169,Q0,WSJ871125-0159,549,0.018487838749653873,reciprocal_rank_fusion_k=60
169,Q0,AP890913-0136,550,0.01845559388251815,reciprocal_rank_fusion_k=60
169,Q0,WSJ911125-0089,551,0.018421103857352437,reciprocal_rank_fusion_k=60
169,Q0,AP881227-0030,552,0.018379422711896534,reciprocal_rank_fusion_k=60
169,Q0,FR88926-0045,553,0.018368791334777,reciprocal_rank_fusion_k=60
169,Q0,WSJ910705-0189,554,0.018316856533353822,reciprocal_rank_fusion_k=60
169,Q0,WSJ900917-0113,555,0.018262520427756612,reciprocal_rank_fusion_k=60
169,Q0,WSJ881006-0141,556,0.018261669245929375,reciprocal_rank_fusion_k=60
169,Q0,WSJ900629-0170,557,0.01817203887702944,reciprocal_rank_fusion_k=60
169,Q0,FR881027-0029,558,0.018168460942627643,reciprocal_rank_fusion_k=60
169,Q0,FR89816-0041,559,0.01807755950157914,reciprocal_rank_fusion_k=60
169,Q0,WSJ880324-0091,560,0.018076316474726725,reciprocal_rank_fusion_k=60
169,Q0,DOE1-81-1027,561,0.018058725531340688,reciprocal_rank_fusion_k=60
169,Q0,ZF108-823-638,562,0.017954642443450325,reciprocal_rank_fusion_k=60
169,Q0,AP880617-0140,563,0.017945755130221785,reciprocal_rank_fusion_k=60
169,Q0,FR881014-0314,564,0.017942287149461753,reciprocal_rank_fusion_k=60
169,Q0,FR89130-0041,565,0.01788253578520095,reciprocal_rank_fusion_k=60
169,Q0,FR89412-0003,566,0.0178249499208485,reciprocal_rank_fusion_k=60
169,Q0,DOE1-77-0514,567,0.01779258540727458,reciprocal_rank_fusion_k=60
169,Q0,DOE2-44-1235,568,0.017763831389785257,reciprocal_rank_fusion_k=60
169,Q0,AP881101-0013,569,0.017745328144681285,reciprocal_rank_fusion_k=60
169,Q0,DOE2-39-0776,570,0.017723731843822685,reciprocal_rank_fusion_k=60
169,Q0,WSJ910802-0090,571,0.01771811489129263,reciprocal_rank_fusion_k=60
169,Q0,AP880609-0158,572,0.01771482710764475,reciprocal_rank_fusion_k=60
169,Q0,ZF108-521-694,573,0.01770664448864726,reciprocal_rank_fusion_k=60
169,Q0,WSJ880909-0085,574,0.017698747702531173,reciprocal_rank_fusion_k=60
169,Q0,FR89522-0017,575,0.017640320434689553,reciprocal_rank_fusion_k=60
169,Q0,AP880630-0272,576,0.017631382133051557,reciprocal_rank_fusion_k=60
169,Q0,WSJ910208-0004,577,0.01760556592331955,reciprocal_rank_fusion_k=60
169,Q0,AP890710-0201,578,0.017588736000181213,reciprocal_rank_fusion_k=60
169,Q0,AP881212-0074,579,0.017570439732092873,reciprocal_rank_fusion_k=60
169,Q0,FR89814-0023,580,0.017555247253166446,reciprocal_rank_fusion_k=60
169,Q0,WSJ870610-0063,581,0.017481944800071245,reciprocal_rank_fusion_k=60
169,Q0,WSJ900802-0074,582,0.017468439865424793,reciprocal_rank_fusion_k=60
169,Q0,AP881205-0214,583,0.01742679565566424,reciprocal_rank_fusion_k=60
169,Q0,WSJ910604-0105,584,0.017366420945268107,reciprocal_rank_fusion_k=60
169,Q0,DOE1-55-1107,585,0.017364823519479676,reciprocal_rank_fusion_k=60
169,Q0,WSJ910507-0016,586,0.017286764598518137,reciprocal_rank_fusion_k=60
169,Q0,AP880316-0148,587,0.017270651986373606,reciprocal_rank_fusion_k=60
169,Q0,WSJ910418-0141,588,0.01723588249912926,reciprocal_rank_fusion_k=60
169,Q0,DOE2-06-0259,589,0.01723025686520907,reciprocal_rank_fusion_k=60
169,Q0,WSJ880622-0033,590,0.017222948724487645,reciprocal_rank_fusion_k=60
169,Q0,AP881130-0256,591,0.017178507611855364,reciprocal_rank_fusion_k=60
169,Q0,FR88817-0029,592,0.017100790059761492,reciprocal_rank_fusion_k=60
169,Q0,AP880630-0016,593,0.01707194032405239,reciprocal_rank_fusion_k=60
169,Q0,DOE2-15-0450,594,0.017065685523174445,reciprocal_rank_fusion_k=60
169,Q0,DOE1-02-0682,595,0.017043203410046375,reciprocal_rank_fusion_k=60
169,Q0,WSJ910911-0123,596,0.017026828812472063,reciprocal_rank_fusion_k=60
169,Q0,FR88229-0002,597,0.01692352951669453,reciprocal_rank_fusion_k=60
169,Q0,DOE1-60-0344,598,0.01691107769095295,reciprocal_rank_fusion_k=60
169,Q0,FR89110-0030,599,0.016837418805666964,reciprocal_rank_fusion_k=60
169,Q0,WSJ871021-0145,600,0.016803089149454723,reciprocal_rank_fusion_k=60
169,Q0,FR89817-0022,601,0.016686058386316163,reciprocal_rank_fusion_k=60
169,Q0,FR881024-0021,602,0.01663690802037362,reciprocal_rank_fusion_k=60
169,Q0,WSJ871026-0039,603,0.016586361338020113,reciprocal_rank_fusion_k=60
169,Q0,WSJ910102-0063,604,0.01655868208988663,reciprocal_rank_fusion_k=60
169,Q0,FR881207-0029,605,0.016542267311979872,reciprocal_rank_fusion_k=60
169,Q0,FR88712-0047,606,0.016539955993461225,reciprocal_rank_fusion_k=60
169,Q0,FR89823-0054,607,0.016525273696845304,reciprocal_rank_fusion_k=60
169,Q0,DOE2-46-0765,608,0.01650586906254658,reciprocal_rank_fusion_k=60
169,Q0,DOE1-57-0472,609,0.016463343421333577,reciprocal_rank_fusion_k=60
169,Q0,AP890522-0020,610,0.016424137859279448,reciprocal_rank_fusion_k=60
169,Q0,AP890315-0137,611,0.016326225515581272,reciprocal_rank_fusion_k=60
169,Q0,ZF108-777-122,612,0.01629440882708234,reciprocal_rank_fusion_k=60
169,Q0,ZF207-154-059,613,0.016264579490423113,reciprocal_rank_fusion_k=60
169,Q0,WSJ920221-0105,614,0.016215870141380463,reciprocal_rank_fusion_k=60
169,Q0,AP880802-0091,615,0.016112954143530974,reciprocal_rank_fusion_k=60
169,Q0,DOE2-44-0276,616,0.01609179876634441,reciprocal_rank_fusion_k=60
169,Q0,DOE1-80-1054,617,0.016059631281836437,reciprocal_rank_fusion_k=60
169,Q0,WSJ910513-0062,618,0.016048491402552365,reciprocal_rank_fusion_k=60
169,Q0,AP890724-0105,619,0.016047071218464416,reciprocal_rank_fusion_k=60
169,Q0,WSJ920123-0080,620,0.016038463800115685,reciprocal_rank_fusion_k=60
169,Q0,WSJ910401-0050,621,0.01602834380135035,reciprocal_rank_fusion_k=60
169,Q0,DOE1-93-0295,622,0.016015665679808715,reciprocal_rank_fusion_k=60
169,Q0,DOE1-21-0767,623,0.01597085653023193,reciprocal_rank_fusion_k=60
169,Q0,FR89530-0038,624,0.015822706574665973,reciprocal_rank_fusion_k=60
169,Q0,DOE2-46-0751,625,0.015810162218015678,reciprocal_rank_fusion_k=60
169,Q0,FR88615-0019,626,0.0158075953783275,reciprocal_rank_fusion_k=60
169,Q0,WSJ910221-0124,627,0.015800122673501543,reciprocal_rank_fusion_k=60
169,Q0,AP880709-0071,628,0.015791597769816937,reciprocal_rank_fusion_k=60
169,Q0,WSJ871202-0005,629,0.01579107623092383,reciprocal_rank_fusion_k=60
169,Q0,DOE2-46-0750,630,0.015780066385574037,reciprocal_rank_fusion_k=60
169,Q0,AP880423-0152,631,0.015775434206739727,reciprocal_rank_fusion_k=60
169,Q0,WSJ910617-0050,632,0.015714860445158685,reciprocal_rank_fusion_k=60
169,Q0,WSJ890823-0083,633,0.015710725583928564,reciprocal_rank_fusion_k=60
169,Q0,WSJ900514-0003,634,0.01570054094605986,reciprocal_rank_fusion_k=60
169,Q0,AP881024-0063,635,0.015666885356546863,reciprocal_rank_fusion_k=60
169,Q0,WSJ911105-0137,636,0.015652098388563053,reciprocal_rank_fusion_k=60
169,Q0,AP880805-0008,637,0.01561181784618383,reciprocal_rank_fusion_k=60
169,Q0,FR89920-0037,638,0.015586510899710457,reciprocal_rank_fusion_k=60
169,Q0,DOE1-93-0260,639,0.015558399692052567,reciprocal_rank_fusion_k=60
169,Q0,AP891128-0019,640,0.015542191992809332,reciprocal_rank_fusion_k=60
169,Q0,FR89505-0050,641,0.015538680127607486,reciprocal_rank_fusion_k=60
169,Q0,DOE2-28-0925,642,0.015535096613591735,reciprocal_rank_fusion_k=60
169,Q0,FR89626-0137,643,0.015529922445135033,reciprocal_rank_fusion_k=60
169,Q0,FR881201-0008,644,0.015527087912590724,reciprocal_rank_fusion_k=60
169,Q0,DOE2-46-0732,645,0.015520372082493444,reciprocal_rank_fusion_k=60
169,Q0,DOE2-46-0748,646,0.015451949459746445,reciprocal_rank_fusion_k=60
169,Q0,FR881031-0013,647,0.015444483781451631,reciprocal_rank_fusion_k=60
169,Q0,FR89721-0060,648,0.015421765162932461,reciprocal_rank_fusion_k=60
169,Q0,FR88218-0132,649,0.015421296221478187,reciprocal_rank_fusion_k=60
169,Q0,FR89127-0020,650,0.015413726724208312,reciprocal_rank_fusion_k=60
169,Q0,DOE1-94-0850,651,0.015412729837157333,reciprocal_rank_fusion_k=60
169,Q0,DOE2-46-0720,652,0.015384665206746171,reciprocal_rank_fusion_k=60
169,Q0,AP891108-0097,653,0.015376662747471615,reciprocal_rank_fusion_k=60
169,Q0,AP891107-0192,654,0.015363100170997639,reciprocal_rank_fusion_k=60
169,Q0,DOE1-69-0674,655,0.015360810050052527,reciprocal_rank_fusion_k=60
169,Q0,WSJ910620-0176,656,0.015343318227244959,reciprocal_rank_fusion_k=60
169,Q0,FR88516-0128,657,0.01531181397714717,reciprocal_rank_fusion_k=60
169,Q0,FR891031-0030,658,0.015305598998072843,reciprocal_rank_fusion_k=60
169,Q0,DOE2-46-0518,659,0.015261026169774913,reciprocal_rank_fusion_k=60
169,Q0,AP881114-0142,660,0.015251150105684575,reciprocal_rank_fusion_k=60
169,Q0,FR89426-0018,661,0.015242738679338797,reciprocal_rank_fusion_k=60
169,Q0,DOE2-46-0468,662,0.015227663732274509,reciprocal_rank_fusion_k=60
169,Q0,WSJ910723-0106,663,0.01519325526267216,reciprocal_rank_fusion_k=60
169,Q0,WSJ910320-0108,664,0.015189892541077507,reciprocal_rank_fusion_k=60
169,Q0,DOE2-04-0559,665,0.015183182895642845,reciprocal_rank_fusion_k=60
169,Q0,DOE2-46-0463,666,0.015139953442432179,reciprocal_rank_fusion_k=60
169,Q0,WSJ911119-0033,667,0.015123198781343139,reciprocal_rank_fusion_k=60
169,Q0,DOE1-75-1241,668,0.015094384064762916,reciprocal_rank_fusion_k=60
169,Q0,AP890811-0194,669,0.015067946137753235,reciprocal_rank_fusion_k=60
169,Q0,DOE2-77-0057,670,0.015062932712338137,reciprocal_rank_fusion_k=60
169,Q0,ZF109-491-795,671,0.015006079829270012,reciprocal_rank_fusion_k=60
169,Q0,DOE2-46-0261,672,0.015002182083291321,reciprocal_rank_fusion_k=60
169,Q0,WSJ871127-0126,673,0.014999895559624141,reciprocal_rank_fusion_k=60
169,Q0,DOE2-46-0297,674,0.014996674371249958,reciprocal_rank_fusion_k=60
169,Q0,FR88614-0031,675,0.014950638029014855,reciprocal_rank_fusion_k=60
169,Q0,AP880916-0002,676,0.014936306722978536,reciprocal_rank_fusion_k=60
169,Q0,DOE1-22-1379,677,0.014930812403153278,reciprocal_rank_fusion_k=60
169,Q0,AP880810-0018,678,0.014900467813388971,reciprocal_rank_fusion_k=60
169,Q0,DOE1-43-0810,679,0.01485619847551765,reciprocal_rank_fusion_k=60
169,Q0,AP880505-0167,680,0.014853305547580445,reciprocal_rank_fusion_k=60
169,Q0,WSJ900510-0123,681,0.014829472116176913,reciprocal_rank_fusion_k=60
169,Q0,DOE1-13-0352,682,0.014821925892178203,reciprocal_rank_fusion_k=60
169,Q0,AP891027-0035,683,0.014727574464030965,reciprocal_rank_fusion_k=60
169,Q0,FR89215-0046,684,0.014702556716420906,reciprocal_rank_fusion_k=60
169,Q0,AP890310-0248,685,0.014694528035136612,reciprocal_rank_fusion_k=60
169,Q0,AP890809-0053,686,0.014661280913177227,reciprocal_rank_fusion_k=60
169,Q0,DOE1-67-0450,687,0.01463067350971098,reciprocal_rank_fusion_k=60
169,Q0,WSJ920211-0160,688,0.01458837994884257,reciprocal_rank_fusion_k=60
169,Q0,DOE2-35-0460,689,0.014453954923272908,reciprocal_rank_fusion_k=60
169,Q0,FR891128-0001,690,0.014362250531756257,reciprocal_rank_fusion_k=60
169,Q0,AP880509-0152,691,0.014347056513961617,reciprocal_rank_fusion_k=60
169,Q0,FR89213-0020,692,0.014306667267995095,reciprocal_rank_fusion_k=60
169,Q0,FR89811-0082,693,0.014301548238617115,reciprocal_rank_fusion_k=60
169,Q0,AP890111-0191,694,0.014282279620691413,reciprocal_rank_fusion_k=60
169,Q0,WSJ900406-0054,695,0.014243418167562003,reciprocal_rank_fusion_k=60
169,Q0,DOE1-38-0150,696,0.01421169024118863,reciprocal_rank_fusion_k=60
169,Q0,FR89925-0056,697,0.014180808645920244,reciprocal_rank_fusion_k=60
169,Q0,DOE2-39-1108,698,0.01415562393345872,reciprocal_rank_fusion_k=60
169,Q0,AP881217-0082,699,0.014146697611058311,reciprocal_rank_fusion_k=60
169,Q0,WSJ910806-0056,700,0.014089922250047581,reciprocal_rank_fusion_k=60
169,Q0,WSJ880602-0108,701,0.014061143890316926,reciprocal_rank_fusion_k=60
169,Q0,FR89607-0016,702,0.014000224017910567,reciprocal_rank_fusion_k=60
169,Q0,FR89626-0039,703,0.01398703161668788,reciprocal_rank_fusion_k=60
169,Q0,WSJ910808-0123,704,0.013933150190642356,reciprocal_rank_fusion_k=60
169,Q0,AP890601-0042,705,0.013918361997836453,reciprocal_rank_fusion_k=60
169,Q0,WSJ910705-0186,706,0.013899708546597245,reciprocal_rank_fusion_k=60
169,Q0,FR89726-0001,707,0.013896722969197294,reciprocal_rank_fusion_k=60
169,Q0,FR88926-0030,708,0.013869564526382924,reciprocal_rank_fusion_k=60
169,Q0,AP881210-0082,709,0.013839186449004198,reciprocal_rank_fusion_k=60
169,Q0,AP890219-0002,710,0.013818915767114099,reciprocal_rank_fusion_k=60
169,Q0,DOE1-32-0921,711,0.01380052469665955,reciprocal_rank_fusion_k=60
169,Q0,AP890525-0242,712,0.013763459749537474,reciprocal_rank_fusion_k=60
169,Q0,FR89111-0034,713,0.013749370061927066,reciprocal_rank_fusion_k=60
169,Q0,AP880414-0063,714,0.013745958534520387,reciprocal_rank_fusion_k=60
169,Q0,WSJ870423-0032,715,0.013726533515219989,reciprocal_rank_fusion_k=60
169,Q0,WSJ910322-0005,716,0.013723427981316655,reciprocal_rank_fusion_k=60
169,Q0,DOE1-77-0516,717,0.013716622164095266,reciprocal_rank_fusion_k=60
169,Q0,WSJ900629-0085,718,0.013677066507999295,reciprocal_rank_fusion_k=60
169,Q0,DOE1-37-0505,719,0.013642159051139358,reciprocal_rank_fusion_k=60
169,Q0,DOE2-40-0872,720,0.013598999049459423,reciprocal_rank_fusion_k=60
169,Q0,ZF108-294-236,721,0.013583343482039392,reciprocal_rank_fusion_k=60
169,Q0,FR88914-0018,722,0.013553812145758203,reciprocal_rank_fusion_k=60
169,Q0,FR89410-0049,723,0.013553720923633555,reciprocal_rank_fusion_k=60
169,Q0,WSJ870313-0048,724,0.013548142855700935,reciprocal_rank_fusion_k=60
169,Q0,ZF108-102-942,725,0.013545913740400097,reciprocal_rank_fusion_k=60
169,Q0,AP891122-0086,726,0.013536886588345442,reciprocal_rank_fusion_k=60
169,Q0,AP891120-0164,727,0.013521677687444942,reciprocal_rank_fusion_k=60
169,Q0,FR88817-0027,728,0.013488133470099483,reciprocal_rank_fusion_k=60
169,Q0,AP890213-0176,729,0.013477819362037801,reciprocal_rank_fusion_k=60
169,Q0,AP880315-0180,730,0.013464536684115113,reciprocal_rank_fusion_k=60
169,Q0,WSJ881109-0076,731,0.013449124705556169,reciprocal_rank_fusion_k=60
169,Q0,AP891006-0169,732,0.01344865726061019,reciprocal_rank_fusion_k=60
169,Q0,AP890825-0193,733,0.013442260168135869,reciprocal_rank_fusion_k=60
169,Q0,FR89510-0140,734,0.013438022613406438,reciprocal_rank_fusion_k=60
169,Q0,FR89110-0016,735,0.013424065515737809,reciprocal_rank_fusion_k=60
169,Q0,WSJ891027-0052,736,0.013392430559457564,reciprocal_rank_fusion_k=60
169,Q0,WSJ880804-0182,737,0.013352754131315083,reciprocal_rank_fusion_k=60
169,Q0,DOE2-39-1109,738,0.013323652685011761,reciprocal_rank_fusion_k=60
169,Q0,FR88511-0168,739,0.013271268455607485,reciprocal_rank_fusion_k=60
169,Q0,FR881017-0002,740,0.013267082575035685,reciprocal_rank_fusion_k=60
169,Q0,FR88201-0022,741,0.013258152478687875,reciprocal_rank_fusion_k=60
169,Q0,DOE1-65-0290,742,0.013256334992179191,reciprocal_rank_fusion_k=60
169,Q0,WSJ910208-0146,743,0.013242157957113131,reciprocal_rank_fusion_k=60
169,Q0,FR88818-0055,744,0.013229765015163202,reciprocal_rank_fusion_k=60
169,Q0,AP880731-0020,745,0.013211580219671015,reciprocal_rank_fusion_k=60
169,Q0,FR88726-0018,746,0.013198252503595626,reciprocal_rank_fusion_k=60
169,Q0,WSJ910715-0093,747,0.01319727766788461,reciprocal_rank_fusion_k=60
169,Q0,WSJ910826-0102,748,0.013179249084212774,reciprocal_rank_fusion_k=60
169,Q0,WSJ861215-0118,749,0.013151771555263796,reciprocal_rank_fusion_k=60
169,Q0,WSJ900523-0167,750,0.013130616362649129,reciprocal_rank_fusion_k=60
169,Q0,FR891117-0021,751,0.013085921023714598,reciprocal_rank_fusion_k=60
169,Q0,FR89315-0033,752,0.013085250953715422,reciprocal_rank_fusion_k=60
169,Q0,DOE2-62-0805,753,0.013076969770007303,reciprocal_rank_fusion_k=60
169,Q0,FR891025-0107,754,0.013076253757846788,reciprocal_rank_fusion_k=60
169,Q0,WSJ920319-0088,755,0.013065146485251469,reciprocal_rank_fusion_k=60
169,Q0,ZF109-549-631,756,0.01305414779169531,reciprocal_rank_fusion_k=60
169,Q0,AP890510-0223,757,0.013051850069261031,reciprocal_rank_fusion_k=60
169,Q0,DOE2-30-0725,758,0.01305091376223906,reciprocal_rank_fusion_k=60
169,Q0,FR891011-0010,759,0.01304688725151073,reciprocal_rank_fusion_k=60
169,Q0,DOE1-43-0798,760,0.013013186696026585,reciprocal_rank_fusion_k=60
169,Q0,DOE1-07-0371,761,0.012995090168819265,reciprocal_rank_fusion_k=60
169,Q0,FR88831-0102,762,0.012967221476602338,reciprocal_rank_fusion_k=60
169,Q0,DOE2-55-1223,763,0.012938886713075805,reciprocal_rank_fusion_k=60
169,Q0,DOE1-52-0951,764,0.012928681030715521,reciprocal_rank_fusion_k=60
169,Q0,FR89509-0100,765,0.01292568065518476,reciprocal_rank_fusion_k=60
169,Q0,WSJ870109-0062,766,0.01291619572289135,reciprocal_rank_fusion_k=60
169,Q0,FR88811-0150,767,0.012907710142166491,reciprocal_rank_fusion_k=60
169,Q0,WSJ890927-0158,768,0.012907042099368536,reciprocal_rank_fusion_k=60
169,Q0,FR89112-0035,769,0.012905643519640131,reciprocal_rank_fusion_k=60
169,Q0,WSJ901227-0096,770,0.012871066039682405,reciprocal_rank_fusion_k=60
169,Q0,AP891115-0030,771,0.012859063630055243,reciprocal_rank_fusion_k=60
169,Q0,AP890823-0205,772,0.012821791088962389,reciprocal_rank_fusion_k=60
169,Q0,WSJ880705-0118,773,0.012806489325141272,reciprocal_rank_fusion_k=60
169,Q0,WSJ911115-0158,774,0.012776728918963639,reciprocal_rank_fusion_k=60
169,Q0,DOE1-26-0008,775,0.012765365025883355,reciprocal_rank_fusion_k=60
169,Q0,DOE2-06-1034,776,0.012764262057465928,reciprocal_rank_fusion_k=60
169,Q0,WSJ881111-0134,777,0.01276364463886322,reciprocal_rank_fusion_k=60
169,Q0,WSJ880802-0153,778,0.012750637149380307,reciprocal_rank_fusion_k=60
169,Q0,FR88802-0028,779,0.012742090635006172,reciprocal_rank_fusion_k=60
169,Q0,AP880706-0238,780,0.012707579819393251,reciprocal_rank_fusion_k=60
169,Q0,WSJ910430-0101,781,0.012696124400588244,reciprocal_rank_fusion_k=60
169,Q0,DOE1-19-1203,782,0.012610896543831187,reciprocal_rank_fusion_k=60
169,Q0,DOE1-83-1108,783,0.01260792365598108,reciprocal_rank_fusion_k=60
169,Q0,DOE1-94-0451,784,0.012595324143145518,reciprocal_rank_fusion_k=60
169,Q0,AP890522-0267,785,0.01255319915555373,reciprocal_rank_fusion_k=60
169,Q0,FR891013-0020,786,0.01250933302146054,reciprocal_rank_fusion_k=60
169,Q0,FR88602-0025,787,0.012500362657167925,reciprocal_rank_fusion_k=60
169,Q0,DOE1-94-0283,788,0.01248332352145397,reciprocal_rank_fusion_k=60
169,Q0,AP890830-0013,789,0.012483289508413912,reciprocal_rank_fusion_k=60
169,Q0,AP880527-0233,790,0.012466945225835397,reciprocal_rank_fusion_k=60
169,Q0,WSJ880830-0041,791,0.012400092123593448,reciprocal_rank_fusion_k=60
169,Q0,AP890615-0140,792,0.012393135388749556,reciprocal_rank_fusion_k=60
169,Q0,FR881202-0041,793,0.012388147483277736,reciprocal_rank_fusion_k=60
169,Q0,WSJ910628-0006,794,0.012386054768217209,reciprocal_rank_fusion_k=60
169,Q0,DOE1-77-0470,795,0.012379300911212202,reciprocal_rank_fusion_k=60
169,Q0,AP890421-0252,796,0.01236572754055605,reciprocal_rank_fusion_k=60
169,Q0,WSJ910802-0063,797,0.012314858476135561,reciprocal_rank_fusion_k=60
169,Q0,WSJ891003-0119,798,0.012293734084264412,reciprocal_rank_fusion_k=60
169,Q0,DOE2-40-0871,799,0.012291374842817927,reciprocal_rank_fusion_k=60
169,Q0,WSJ900921-0086,800,0.012270425427844251,reciprocal_rank_fusion_k=60
169,Q0,FR881129-0039,801,0.012269371559428786,reciprocal_rank_fusion_k=60
169,Q0,AP891012-0202,802,0.012262371323271336,reciprocal_rank_fusion_k=60
169,Q0,WSJ900628-0120,803,0.012254024054843249,reciprocal_rank_fusion_k=60
169,Q0,WSJ910501-0182,804,0.012219024819216042,reciprocal_rank_fusion_k=60
169,Q0,FR88817-0043,805,0.01221477141608101,reciprocal_rank_fusion_k=60
169,Q0,ZF108-633-790,806,0.012150450186013188,reciprocal_rank_fusion_k=60
169,Q0,FR89719-0014,807,0.01214000505939335,reciprocal_rank_fusion_k=60
169,Q0,AP881222-0232,808,0.012111131770337357,reciprocal_rank_fusion_k=60
169,Q0,WSJ880915-0146,809,0.012104341320738643,reciprocal_rank_fusion_k=60
169,Q0,AP880623-0021,810,0.012096637977024198,reciprocal_rank_fusion_k=60
169,Q0,WSJ910906-0143,811,0.012093279509185094,reciprocal_rank_fusion_k=60
169,Q0,AP880722-0176,812,0.012089808851714276,reciprocal_rank_fusion_k=60
169,Q0,AP880601-0051,813,0.012081701200023671,reciprocal_rank_fusion_k=60
169,Q0,FR88115-0023,814,0.012079451009573484,reciprocal_rank_fusion_k=60
169,Q0,WSJ870310-0157,815,0.012077453855552943,reciprocal_rank_fusion_k=60
169,Q0,WSJ901226-0083,816,0.012074295464721014,reciprocal_rank_fusion_k=60
169,Q0,FR89606-0002,817,0.01206183361299688,reciprocal_rank_fusion_k=60
169,Q0,WSJ880317-0103,818,0.012030493523908524,reciprocal_rank_fusion_k=60
169,Q0,WSJ900516-0158,819,0.012021401639541332,reciprocal_rank_fusion_k=60
169,Q0,AP890327-0101,820,0.012010458989312018,reciprocal_rank_fusion_k=60
169,Q0,FR89123-0052,821,0.012008158063163696,reciprocal_rank_fusion_k=60
169,Q0,DOE1-81-1091,822,0.012003391965115767,reciprocal_rank_fusion_k=60
169,Q0,DOE1-23-0880,823,0.011981980397486446,reciprocal_rank_fusion_k=60
169,Q0,FR881207-0031,824,0.011954200099399218,reciprocal_rank_fusion_k=60
169,Q0,AP881126-0023,825,0.011928170193912622,reciprocal_rank_fusion_k=60
169,Q0,AP890104-0146,826,0.011915879267953164,reciprocal_rank_fusion_k=60
169,Q0,FR88830-0023,827,0.011911413627073689,reciprocal_rank_fusion_k=60
169,Q0,FR881024-0107,828,0.011890450488695723,reciprocal_rank_fusion_k=60
169,Q0,AP890227-0163,829,0.011875489293115358,reciprocal_rank_fusion_k=60
169,Q0,DOE1-24-0470,830,0.011849648723615236,reciprocal_rank_fusion_k=60
169,Q0,WSJ900607-0109,831,0.011837888871968363,reciprocal_rank_fusion_k=60
169,Q0,WSJ911108-0009,832,0.01183474934060076,reciprocal_rank_fusion_k=60
169,Q0,FR88601-0027,833,0.011827604065901082,reciprocal_rank_fusion_k=60
169,Q0,DOE2-82-1303,834,0.011810780174276767,reciprocal_rank_fusion_k=60
169,Q0,WSJ920131-0098,835,0.011790633400109737,reciprocal_rank_fusion_k=60
169,Q0,AP890518-0299,836,0.011771810409522241,reciprocal_rank_fusion_k=60
169,Q0,FR88719-0045,837,0.011747995118668815,reciprocal_rank_fusion_k=60
169,Q0,WSJ910524-0008,838,0.011746387941121534,reciprocal_rank_fusion_k=60
169,Q0,FR881123-0027,839,0.011739680199611382,reciprocal_rank_fusion_k=60
169,Q0,WSJ910228-0123,840,0.01173120338908565,reciprocal_rank_fusion_k=60
169,Q0,WSJ870702-0089,841,0.011730938991618997,reciprocal_rank_fusion_k=60
169,Q0,WSJ890817-0126,842,0.011726189322546333,reciprocal_rank_fusion_k=60
169,Q0,WSJ920210-0073,843,0.011724601650812641,reciprocal_rank_fusion_k=60
169,Q0,AP890119-0268,844,0.011714216870353036,reciprocal_rank_fusion_k=60
169,Q0,FR881108-0030,845,0.011671951480369558,reciprocal_rank_fusion_k=60
169,Q0,FR89720-0030,846,0.011644940609315646,reciprocal_rank_fusion_k=60
169,Q0,WSJ880819-0053,847,0.011638014994577802,reciprocal_rank_fusion_k=60
169,Q0,DOE1-82-1106,848,0.011633446474061827,reciprocal_rank_fusion_k=60
169,Q0,FR881017-0018,849,0.011626272118770091,reciprocal_rank_fusion_k=60
169,Q0,AP880628-0016,850,0.011610437188945317,reciprocal_rank_fusion_k=60
169,Q0,AP890724-0133,851,0.011582567844862345,reciprocal_rank_fusion_k=60
169,Q0,AP890824-0089,852,0.011581083771466376,reciprocal_rank_fusion_k=60
169,Q0,FR89719-0004,853,0.011508887409480549,reciprocal_rank_fusion_k=60
169,Q0,WSJ880927-0123,854,0.011507257821710231,reciprocal_rank_fusion_k=60
169,Q0,AP881117-0250,855,0.011488451127109015,reciprocal_rank_fusion_k=60
169,Q0,DOE2-84-0485,856,0.011464806321006799,reciprocal_rank_fusion_k=60
169,Q0,AP890712-0128,857,0.011448104384460759,reciprocal_rank_fusion_k=60
169,Q0,AP880516-0232,858,0.011424066954324505,reciprocal_rank_fusion_k=60
169,Q0,WSJ871103-0114,859,0.01141482949794581,reciprocal_rank_fusion_k=60
169,Q0,FR89821-0024,860,0.011402312583812886,reciprocal_rank_fusion_k=60
169,Q0,FR89714-0028,861,0.01139710147800096,reciprocal_rank_fusion_k=60
169,Q0,FR88913-0022,862,0.011396715685575058,reciprocal_rank_fusion_k=60
169,Q0,FR89928-0029,863,0.01136312467328488,reciprocal_rank_fusion_k=60
169,Q0,FR881121-0107,864,0.01134054838988933,reciprocal_rank_fusion_k=60
169,Q0,AP890307-0009,865,0.011332058157761317,reciprocal_rank_fusion_k=60
169,Q0,DOE1-15-0689,866,0.011291804074902356,reciprocal_rank_fusion_k=60
169,Q0,WSJ910731-0041,867,0.011289207101644187,reciprocal_rank_fusion_k=60
169,Q0,FR881021-0026,868,0.01128075735715674,reciprocal_rank_fusion_k=60
169,Q0,WSJ881028-0129,869,0.011275897915069426,reciprocal_rank_fusion_k=60
169,Q0,FR88829-0023,870,0.011275607285298956,reciprocal_rank_fusion_k=60
169,Q0,AP880315-0262,871,0.011270458877995642,reciprocal_rank_fusion_k=60
169,Q0,DOE1-41-0513,872,0.011262500309454105,reciprocal_rank_fusion_k=60
169,Q0,AP890126-0115,873,0.01125903088527587,reciprocal_rank_fusion_k=60
169,Q0,AP880817-0209,874,0.011258966567588175,reciprocal_rank_fusion_k=60
169,Q0,WSJ920323-0132,875,0.011218765406492054,reciprocal_rank_fusion_k=60
169,Q0,WSJ910408-0143,876,0.011208211318356014,reciprocal_rank_fusion_k=60
169,Q0,ZF207-321-438,877,0.011187679128096843,reciprocal_rank_fusion_k=60
169,Q0,ZF109-514-535,878,0.011184560199236786,reciprocal_rank_fusion_k=60
169,Q0,ZF108-697-900,879,0.011161626450676908,reciprocal_rank_fusion_k=60
169,Q0,WSJ900921-0093,880,0.011114706488656067,reciprocal_rank_fusion_k=60
169,Q0,FR891107-0020,881,0.011112846777136887,reciprocal_rank_fusion_k=60
169,Q0,ZF108-042-278,882,0.011099925176110852,reciprocal_rank_fusion_k=60
169,Q0,AP891110-0257,883,0.011098720795955861,reciprocal_rank_fusion_k=60
169,Q0,DOE2-30-1080,884,0.011086791488327774,reciprocal_rank_fusion_k=60
169,Q0,ZF109-641-301,885,0.011084618545006733,reciprocal_rank_fusion_k=60
169,Q0,WSJ871026-0151,886,0.011049809226736158,reciprocal_rank_fusion_k=60
169,Q0,AP890922-0069,887,0.011047663034346174,reciprocal_rank_fusion_k=60
169,Q0,FR89113-0078,888,0.011031257348586865,reciprocal_rank_fusion_k=60
169,Q0,AP890624-0011,889,0.011030074920848018,reciprocal_rank_fusion_k=60
169,Q0,DOE1-78-0867,890,0.011028216713921159,reciprocal_rank_fusion_k=60
169,Q0,AP880509-0033,891,0.011026989882061031,reciprocal_rank_fusion_k=60
169,Q0,WSJ870313-0092,892,0.011005283860589908,reciprocal_rank_fusion_k=60
169,Q0,WSJ890726-0002,893,0.011001226905272804,reciprocal_rank_fusion_k=60
169,Q0,AP890322-0219,894,0.011000670979138132,reciprocal_rank_fusion_k=60
169,Q0,FR89818-0071,895,0.01096933492284952,reciprocal_rank_fusion_k=60
169,Q0,AP881007-0053,896,0.010968212325948544,reciprocal_rank_fusion_k=60
169,Q0,DOE2-21-0939,897,0.010958171340698212,reciprocal_rank_fusion_k=60
169,Q0,DOE2-22-0953,898,0.010949996979082645,reciprocal_rank_fusion_k=60
169,Q0,AP890819-0121,899,0.01094644126231361,reciprocal_rank_fusion_k=60
169,Q0,WSJ900906-0093,900,0.010937180949277722,reciprocal_rank_fusion_k=60
169,Q0,ZF108-276-654,901,0.01093496921253878,reciprocal_rank_fusion_k=60
169,Q0,FR88504-0118,902,0.0109281685334723,reciprocal_rank_fusion_k=60
169,Q0,WSJ890809-0148,903,0.010923478530425287,reciprocal_rank_fusion_k=60
169,Q0,FR89313-0018,904,0.010922978218303512,reciprocal_rank_fusion_k=60
169,Q0,FR89607-0073,905,0.010911066643405489,reciprocal_rank_fusion_k=60
169,Q0,FR88721-0010,906,0.010899428428518834,reciprocal_rank_fusion_k=60
169,Q0,FR89216-0018,907,0.010898925092821001,reciprocal_rank_fusion_k=60
169,Q0,ZF108-074-710,908,0.010882702113503414,reciprocal_rank_fusion_k=60
169,Q0,FR88603-0016,909,0.010872154633889908,reciprocal_rank_fusion_k=60
169,Q0,DOE1-52-0280,910,0.010845569443378805,reciprocal_rank_fusion_k=60
169,Q0,AP891221-0007,911,0.010844639171964123,reciprocal_rank_fusion_k=60
169,Q0,AP880709-0005,912,0.010839752045853952,reciprocal_rank_fusion_k=60
169,Q0,FR88510-0025,913,0.010824005434126902,reciprocal_rank_fusion_k=60
169,Q0,FR89728-0027,914,0.010806825970045075,reciprocal_rank_fusion_k=60
169,Q0,FR88518-0024,915,0.010805858700761574,reciprocal_rank_fusion_k=60
169,Q0,FR88809-0096,916,0.010752199789152945,reciprocal_rank_fusion_k=60
169,Q0,AP880330-0306,917,0.01074692592296182,reciprocal_rank_fusion_k=60
169,Q0,WSJ890817-0077,918,0.010735250512769022,reciprocal_rank_fusion_k=60
169,Q0,FR88708-0027,919,0.010717498420201426,reciprocal_rank_fusion_k=60
169,Q0,FR89919-0014,920,0.010712568556867669,reciprocal_rank_fusion_k=60
169,Q0,AP890315-0048,921,0.010656745542201751,reciprocal_rank_fusion_k=60
169,Q0,AP881212-0258,922,0.01064769068363906,reciprocal_rank_fusion_k=60
169,Q0,FR89710-0114,923,0.010641437881760982,reciprocal_rank_fusion_k=60
169,Q0,DOE2-49-1084,924,0.01062600460823755,reciprocal_rank_fusion_k=60
169,Q0,WSJ900521-0030,925,0.010612338362538094,reciprocal_rank_fusion_k=60
169,Q0,AP881105-0098,926,0.010597975162040415,reciprocal_rank_fusion_k=60
169,Q0,WSJ900418-0117,927,0.010583062233854737,reciprocal_rank_fusion_k=60
169,Q0,DOE1-67-0976,928,0.010581382611115962,reciprocal_rank_fusion_k=60
169,Q0,WSJ881010-0098,929,0.010579451867544538,reciprocal_rank_fusion_k=60
169,Q0,AP891115-0215,930,0.010571041463987626,reciprocal_rank_fusion_k=60
169,Q0,AP890623-0083,931,0.010565509589388001,reciprocal_rank_fusion_k=60
169,Q0,AP880429-0054,932,0.010552193756855005,reciprocal_rank_fusion_k=60
169,Q0,ZF207-333-996,933,0.010532762150304725,reciprocal_rank_fusion_k=60
169,Q0,FR88516-0042,934,0.010521218985617413,reciprocal_rank_fusion_k=60
169,Q0,AP880317-0180,935,0.010502593994739694,reciprocal_rank_fusion_k=60
169,Q0,FR88209-0040,936,0.01050166956978436,reciprocal_rank_fusion_k=60
169,Q0,DOE1-74-0629,937,0.010489422882755341,reciprocal_rank_fusion_k=60
169,Q0,WSJ920311-0096,938,0.010488464882571033,reciprocal_rank_fusion_k=60
169,Q0,DOE1-24-0395,939,0.010480911146774219,reciprocal_rank_fusion_k=60
169,Q0,WSJ910107-0114,940,0.010470438257636534,reciprocal_rank_fusion_k=60
169,Q0,FR89323-0035,941,0.010454227786566413,reciprocal_rank_fusion_k=60
169,Q0,AP880318-0331,942,0.010453134963141451,reciprocal_rank_fusion_k=60
169,Q0,WSJ900913-0027,943,0.010452641114863643,reciprocal_rank_fusion_k=60
169,Q0,WSJ900816-0131,944,0.010444949632507366,reciprocal_rank_fusion_k=60
169,Q0,FR89315-0018,945,0.010421943115843834,reciprocal_rank_fusion_k=60
169,Q0,FR89313-0007,946,0.010403128496736158,reciprocal_rank_fusion_k=60
169,Q0,FR88715-0071,947,0.010342652638004442,reciprocal_rank_fusion_k=60
169,Q0,DOE2-81-0404,948,0.01032528683213471,reciprocal_rank_fusion_k=60
169,Q0,WSJ910805-0086,949,0.01030017693890265,reciprocal_rank_fusion_k=60
169,Q0,DOE1-26-1029,950,0.01026782926393649,reciprocal_rank_fusion_k=60
169,Q0,DOE1-75-0542,951,0.010255626973690955,reciprocal_rank_fusion_k=60
169,Q0,AP880530-0068,952,0.010237111616459049,reciprocal_rank_fusion_k=60
169,Q0,WSJ900503-0026,953,0.010232495109184843,reciprocal_rank_fusion_k=60
169,Q0,AP890927-0085,954,0.010225519752111724,reciprocal_rank_fusion_k=60
169,Q0,FR881209-0025,955,0.010217694282281486,reciprocal_rank_fusion_k=60
169,Q0,WSJ870119-0101,956,0.010204957744576169,reciprocal_rank_fusion_k=60
169,Q0,WSJ871015-0069,957,0.010193952636276357,reciprocal_rank_fusion_k=60
169,Q0,FR89224-0014,958,0.010187228572446824,reciprocal_rank_fusion_k=60
169,Q0,DOE2-35-0113,959,0.01017346993263147,reciprocal_rank_fusion_k=60
169,Q0,WSJ870417-0164,960,0.010163432028007298,reciprocal_rank_fusion_k=60
169,Q0,FR891004-0006,961,0.010161578806025182,reciprocal_rank_fusion_k=60
169,Q0,DOE2-05-0989,962,0.010143886770489047,reciprocal_rank_fusion_k=60
169,Q0,WSJ870204-0105,963,0.010143548085032017,reciprocal_rank_fusion_k=60
169,Q0,FR881026-0020,964,0.010138490074992552,reciprocal_rank_fusion_k=60
169,Q0,WSJ870928-0036,965,0.010108681771123161,reciprocal_rank_fusion_k=60
169,Q0,DOE2-33-0092,966,0.010104428215308424,reciprocal_rank_fusion_k=60
169,Q0,WSJ881020-0091,967,0.010103648224441965,reciprocal_rank_fusion_k=60
169,Q0,DOE2-54-0630,968,0.010098090790170704,reciprocal_rank_fusion_k=60
169,Q0,FR89712-0248,969,0.010096109182009006,reciprocal_rank_fusion_k=60
169,Q0,AP880822-0229,970,0.01009585923374528,reciprocal_rank_fusion_k=60
169,Q0,DOE1-95-0628,971,0.010085627018824869,reciprocal_rank_fusion_k=60
169,Q0,WSJ881013-0109,972,0.010074109769567845,reciprocal_rank_fusion_k=60
169,Q0,DOE2-61-0183,973,0.010063640564006096,reciprocal_rank_fusion_k=60
169,Q0,ZF109-600-281,974,0.0100467415298122,reciprocal_rank_fusion_k=60
169,Q0,AP891113-0200,975,0.010036434475520536,reciprocal_rank_fusion_k=60
169,Q0,FR89331-0026,976,0.010027340075593095,reciprocal_rank_fusion_k=60
169,Q0,WSJ880916-0054,977,0.010013401028423444,reciprocal_rank_fusion_k=60
169,Q0,FR89113-0006,978,0.010010603255568174,reciprocal_rank_fusion_k=60
169,Q0,WSJ870331-0129,979,0.009996268046434411,reciprocal_rank_fusion_k=60
169,Q0,AP880218-0191,980,0.009994568885614624,reciprocal_rank_fusion_k=60
169,Q0,ZF207-130-284,981,0.009990089169224527,reciprocal_rank_fusion_k=60
169,Q0,DOE1-77-0480,982,0.009979466551517036,reciprocal_rank_fusion_k=60
169,Q0,DOE2-05-0984,983,0.009973524896317172,reciprocal_rank_fusion_k=60
169,Q0,ZF207-955-552,984,0.009971254044081793,reciprocal_rank_fusion_k=60
169,Q0,AP890607-0157,985,0.009960961438073158,reciprocal_rank_fusion_k=60
169,Q0,AP890630-0039,986,0.009927353021676716,reciprocal_rank_fusion_k=60
169,Q0,FR88505-0010,987,0.009914957543690282,reciprocal_rank_fusion_k=60
169,Q0,FR89918-0121,988,0.009914769990035795,reciprocal_rank_fusion_k=60
169,Q0,AP890801-0022,989,0.009910845452756712,reciprocal_rank_fusion_k=60
169,Q0,WSJ880921-0098,990,0.009898822282437752,reciprocal_rank_fusion_k=60
169,Q0,FR89417-0053,991,0.009893209674137664,reciprocal_rank_fusion_k=60
169,Q0,FR891121-0025,992,0.009867145110774153,reciprocal_rank_fusion_k=60
169,Q0,DOE2-76-1212,993,0.009854121438550113,reciprocal_rank_fusion_k=60
169,Q0,WSJ911115-0196,994,0.009853215399221377,reciprocal_rank_fusion_k=60
169,Q0,WSJ911023-0067,995,0.009842342019360325,reciprocal_rank_fusion_k=60
169,Q0,FR88504-0029,996,0.009833570078907637,reciprocal_rank_fusion_k=60
169,Q0,AP890406-0127,997,0.009822274549529908,reciprocal_rank_fusion_k=60
169,Q0,AP880901-0006,998,0.009820085440291499,reciprocal_rank_fusion_k=60
169,Q0,WSJ880624-0097,999,0.009808798203066234,reciprocal_rank_fusion_k=60
169,Q0,WSJ900731-0095,1000,0.009802200967772425,reciprocal_rank_fusion_k=60
171,Q0,WSJ920131-0177,1,0.30262559479801937,reciprocal_rank_fusion_k=60
171,Q0,WSJ910926-0103,2,0.27043948381839744,reciprocal_rank_fusion_k=60
171,Q0,WSJ880722-0096,3,0.26522046369732105,reciprocal_rank_fusion_k=60
171,Q0,WSJ870831-0048,4,0.2555780801810472,reciprocal_rank_fusion_k=60
171,Q0,WSJ880229-0090,5,0.2439910282966624,reciprocal_rank_fusion_k=60
171,Q0,WSJ880212-0140,6,0.2340317531231776,reciprocal_rank_fusion_k=60
171,Q0,WSJ920309-0132,7,0.23021909287819922,reciprocal_rank_fusion_k=60
171,Q0,WSJ911017-0103,8,0.22951891955564438,reciprocal_rank_fusion_k=60
171,Q0,WSJ910925-0033,9,0.2251590194165193,reciprocal_rank_fusion_k=60
171,Q0,WSJ910924-0012,10,0.22326424722059646,reciprocal_rank_fusion_k=60
171,Q0,WSJ910312-0114,11,0.2219465190708342,reciprocal_rank_fusion_k=60
171,Q0,WSJ870323-0002,12,0.22068910198115713,reciprocal_rank_fusion_k=60
171,Q0,WSJ911211-0039,13,0.2201075209724678,reciprocal_rank_fusion_k=60
171,Q0,WSJ900427-0177,14,0.21670184118355781,reciprocal_rank_fusion_k=60
171,Q0,WSJ910328-0063,15,0.2164312419380944,reciprocal_rank_fusion_k=60
171,Q0,WSJ880331-0151,16,0.21573220233135068,reciprocal_rank_fusion_k=60
171,Q0,WSJ880304-0141,17,0.2038528682925731,reciprocal_rank_fusion_k=60
171,Q0,WSJ910326-0102,18,0.1981163083757755,reciprocal_rank_fusion_k=60
171,Q0,WSJ870309-0081,19,0.1908651868005448,reciprocal_rank_fusion_k=60
171,Q0,WSJ910513-0126,20,0.18950383204759264,reciprocal_rank_fusion_k=60
171,Q0,WSJ870316-0055,21,0.18850994271865643,reciprocal_rank_fusion_k=60
171,Q0,WSJ910312-0065,22,0.18660513463668604,reciprocal_rank_fusion_k=60
171,Q0,WSJ911209-0099,23,0.18522906443801493,reciprocal_rank_fusion_k=60
171,Q0,WSJ910227-0051,24,0.17970924735401722,reciprocal_rank_fusion_k=60
171,Q0,WSJ861205-0159,25,0.17952623056160408,reciprocal_rank_fusion_k=60
171,Q0,WSJ900418-0070,26,0.17393316267627695,reciprocal_rank_fusion_k=60
171,Q0,WSJ911205-0033,27,0.17361228571809206,reciprocal_rank_fusion_k=60
171,Q0,WSJ870202-0069,28,0.17009238473267976,reciprocal_rank_fusion_k=60
171,Q0,WSJ861229-0009,29,0.16444765282893625,reciprocal_rank_fusion_k=60
171,Q0,WSJ910617-0036,30,0.16259860426986644,reciprocal_rank_fusion_k=60
171,Q0,WSJ920220-0006,31,0.1624453101764199,reciprocal_rank_fusion_k=60
171,Q0,WSJ920210-0048,32,0.15854246115219942,reciprocal_rank_fusion_k=60
171,Q0,WSJ871223-0133,33,0.1578121411082563,reciprocal_rank_fusion_k=60
171,Q0,ZF109-554-237,34,0.1568046025431759,reciprocal_rank_fusion_k=60
171,Q0,WSJ870630-0071,35,0.15549841699842726,reciprocal_rank_fusion_k=60
171,Q0,WSJ911211-0017,36,0.15420120794521877,reciprocal_rank_fusion_k=60
171,Q0,AP890322-0300,37,0.15231490094510947,reciprocal_rank_fusion_k=60
171,Q0,WSJ870227-0018,38,0.15184761984296252,reciprocal_rank_fusion_k=60
171,Q0,WSJ910625-0052,39,0.15175134007841873,reciprocal_rank_fusion_k=60
171,Q0,WSJ920318-0031,40,0.1516320420429918,reciprocal_rank_fusion_k=60
171,Q0,WSJ870430-0071,41,0.15057957820631637,reciprocal_rank_fusion_k=60
171,Q0,WSJ910927-0093,42,0.1497939827092916,reciprocal_rank_fusion_k=60
171,Q0,WSJ870302-0055,43,0.14974847749680695,reciprocal_rank_fusion_k=60
171,Q0,WSJ870803-0074,44,0.1492924190030499,reciprocal_rank_fusion_k=60
171,Q0,WSJ920131-0166,45,0.14630827162302196,reciprocal_rank_fusion_k=60
171,Q0,WSJ880826-0088,46,0.14354781875902478,reciprocal_rank_fusion_k=60
171,Q0,WSJ880104-0053,47,0.14308757569876318,reciprocal_rank_fusion_k=60
171,Q0,WSJ890726-0045,48,0.14106466214964747,reciprocal_rank_fusion_k=60
171,Q0,WSJ910814-0083,49,0.13973543037228822,reciprocal_rank_fusion_k=60
171,Q0,WSJ880401-0103,50,0.13646639765552343,reciprocal_rank_fusion_k=60
171,Q0,WSJ911230-0080,51,0.1329333793838981,reciprocal_rank_fusion_k=60
171,Q0,WSJ861201-0104,52,0.13204065409104934,reciprocal_rank_fusion_k=60
171,Q0,WSJ880311-0078,53,0.13170123219798688,reciprocal_rank_fusion_k=60
171,Q0,WSJ871228-0069,54,0.13149855830367832,reciprocal_rank_fusion_k=60
171,Q0,AP880831-0230,55,0.1307935904564722,reciprocal_rank_fusion_k=60
171,Q0,WSJ920219-0067,56,0.1298687916922659,reciprocal_rank_fusion_k=60
171,Q0,WSJ920117-0108,57,0.1293531032833744,reciprocal_rank_fusion_k=60
171,Q0,AP891115-0258,58,0.1284700003635777,reciprocal_rank_fusion_k=60
171,Q0,WSJ920130-0176,59,0.12823330662300403,reciprocal_rank_fusion_k=60
171,Q0,WSJ880331-0148,60,0.1281164385195103,reciprocal_rank_fusion_k=60
171,Q0,AP880713-0238,61,0.12781681155258998,reciprocal_rank_fusion_k=60
171,Q0,WSJ880301-0037,62,0.12745783051575724,reciprocal_rank_fusion_k=60
171,Q0,ZF107-895-282,63,0.1267233121680677,reciprocal_rank_fusion_k=60
171,Q0,WSJ920205-0083,64,0.12470904864271334,reciprocal_rank_fusion_k=60
171,Q0,WSJ910813-0121,65,0.1240457564635369,reciprocal_rank_fusion_k=60
171,Q0,WSJ870115-0017,66,0.12229891915132785,reciprocal_rank_fusion_k=60
171,Q0,WSJ910725-0101,67,0.11910709856779336,reciprocal_rank_fusion_k=60
171,Q0,WSJ870220-0136,68,0.11757420242993781,reciprocal_rank_fusion_k=60
171,Q0,AP880425-0310,69,0.11729283188761368,reciprocal_rank_fusion_k=60
171,Q0,AP890615-0259,70,0.11722973155157897,reciprocal_rank_fusion_k=60
171,Q0,WSJ910507-0064,71,0.11719304821193706,reciprocal_rank_fusion_k=60
171,Q0,WSJ880330-0114,72,0.11410278607750898,reciprocal_rank_fusion_k=60
171,Q0,WSJ891026-0125,73,0.11370417093461886,reciprocal_rank_fusion_k=60
171,Q0,WSJ890831-0079,74,0.11332932367512694,reciprocal_rank_fusion_k=60
171,Q0,WSJ871002-0088,75,0.11208156751957427,reciprocal_rank_fusion_k=60
171,Q0,WSJ891030-0006,76,0.11165746457099261,reciprocal_rank_fusion_k=60
171,Q0,WSJ870612-0095,77,0.10987258788051911,reciprocal_rank_fusion_k=60
171,Q0,WSJ870828-0087,78,0.10986640920898637,reciprocal_rank_fusion_k=60
171,Q0,WSJ920306-0055,79,0.10931996254966063,reciprocal_rank_fusion_k=60
171,Q0,WSJ911008-0076,80,0.10863273013890529,reciprocal_rank_fusion_k=60
171,Q0,WSJ920212-0137,81,0.10824265060525359,reciprocal_rank_fusion_k=60
171,Q0,WSJ920224-0085,82,0.10772164609507462,reciprocal_rank_fusion_k=60
171,Q0,WSJ870529-0080,83,0.10691476258239445,reciprocal_rank_fusion_k=60
171,Q0,WSJ880707-0192,84,0.10673714857767097,reciprocal_rank_fusion_k=60
171,Q0,WSJ920205-0024,85,0.10562267267613362,reciprocal_rank_fusion_k=60
171,Q0,WSJ880930-0154,86,0.10503727698372668,reciprocal_rank_fusion_k=60
171,Q0,WSJ920226-0135,87,0.1050145474347297,reciprocal_rank_fusion_k=60
171,Q0,AP880229-0301,88,0.10406539364841688,reciprocal_rank_fusion_k=60
171,Q0,WSJ920205-0030,89,0.1034025129563381,reciprocal_rank_fusion_k=60
171,Q0,WSJ910618-0168,90,0.10181628472302912,reciprocal_rank_fusion_k=60
171,Q0,WSJ910103-0018,91,0.10168847504013016,reciprocal_rank_fusion_k=60
171,Q0,WSJ900522-0003,92,0.09989463873651319,reciprocal_rank_fusion_k=60
171,Q0,WSJ910726-0143,93,0.09853731916503315,reciprocal_rank_fusion_k=60
171,Q0,WSJ880201-0005,94,0.09727434071425191,reciprocal_rank_fusion_k=60
171,Q0,ZF108-614-400,95,0.09727240551752016,reciprocal_rank_fusion_k=60
171,Q0,WSJ871104-0138,96,0.0971906021670166,reciprocal_rank_fusion_k=60
171,Q0,WSJ890915-0017,97,0.09705463185640588,reciprocal_rank_fusion_k=60
171,Q0,WSJ880916-0165,98,0.09681497173868472,reciprocal_rank_fusion_k=60
171,Q0,WSJ880212-0009,99,0.09668805062260795,reciprocal_rank_fusion_k=60
171,Q0,WSJ881025-0076,100,0.0963567336072216,reciprocal_rank_fusion_k=60
171,Q0,WSJ870108-0001,101,0.09508593975150492,reciprocal_rank_fusion_k=60
171,Q0,WSJ871012-0092,102,0.09489846980192579,reciprocal_rank_fusion_k=60
171,Q0,WSJ891020-0208,103,0.09467998276566034,reciprocal_rank_fusion_k=60
171,Q0,ZF108-278-792,104,0.09449849793510283,reciprocal_rank_fusion_k=60
171,Q0,WSJ910530-0058,105,0.09390910392185285,reciprocal_rank_fusion_k=60
171,Q0,WSJ910723-0003,106,0.09382330017722357,reciprocal_rank_fusion_k=60
171,Q0,WSJ910514-0030,107,0.0937394881703221,reciprocal_rank_fusion_k=60
171,Q0,ZF108-065-424,108,0.09276580311585016,reciprocal_rank_fusion_k=60
171,Q0,WSJ881019-0047,109,0.09206948742802591,reciprocal_rank_fusion_k=60
171,Q0,AP890824-0256,110,0.09197670596880995,reciprocal_rank_fusion_k=60
171,Q0,WSJ881108-0114,111,0.09111375508860588,reciprocal_rank_fusion_k=60
171,Q0,WSJ910308-0102,112,0.09106693871756028,reciprocal_rank_fusion_k=60
171,Q0,WSJ910222-0128,113,0.09086494386260313,reciprocal_rank_fusion_k=60
171,Q0,WSJ891017-0121,114,0.09084060021213869,reciprocal_rank_fusion_k=60
171,Q0,WSJ890808-0108,115,0.08874484480229339,reciprocal_rank_fusion_k=60
171,Q0,WSJ870128-0122,116,0.08864057507124198,reciprocal_rank_fusion_k=60
171,Q0,WSJ900523-0081,117,0.08738427486131224,reciprocal_rank_fusion_k=60
171,Q0,AP891013-0140,118,0.08737229027156239,reciprocal_rank_fusion_k=60
171,Q0,WSJ910516-0125,119,0.08609506743958055,reciprocal_rank_fusion_k=60
171,Q0,WSJ891027-0006,120,0.08607256300669541,reciprocal_rank_fusion_k=60
171,Q0,WSJ910719-0104,121,0.08574410240064027,reciprocal_rank_fusion_k=60
171,Q0,WSJ900816-0096,122,0.08567418996526073,reciprocal_rank_fusion_k=60
171,Q0,WSJ871221-0070,123,0.08519766684983829,reciprocal_rank_fusion_k=60
171,Q0,AP880928-0266,124,0.0846907891324713,reciprocal_rank_fusion_k=60
171,Q0,WSJ871127-0130,125,0.08457243763626797,reciprocal_rank_fusion_k=60
171,Q0,WSJ871029-0034,126,0.08439226355973521,reciprocal_rank_fusion_k=60
171,Q0,AP880616-0224,127,0.08414230508047689,reciprocal_rank_fusion_k=60
171,Q0,WSJ870612-0002,128,0.08405550969821315,reciprocal_rank_fusion_k=60
171,Q0,WSJ880404-0081,129,0.08282981517995841,reciprocal_rank_fusion_k=60
171,Q0,AP890810-0033,130,0.0817181334389975,reciprocal_rank_fusion_k=60
171,Q0,WSJ891020-0136,131,0.08074965390333629,reciprocal_rank_fusion_k=60
171,Q0,WSJ871120-0079,132,0.08017360320694973,reciprocal_rank_fusion_k=60
171,Q0,WSJ900718-0137,133,0.07997881321147172,reciprocal_rank_fusion_k=60
171,Q0,WSJ880516-0126,134,0.07990933162689713,reciprocal_rank_fusion_k=60
171,Q0,WSJ870102-0025,135,0.0786685384078273,reciprocal_rank_fusion_k=60
171,Q0,WSJ870227-0030,136,0.07791825563924948,reciprocal_rank_fusion_k=60
171,Q0,AP890908-0207,137,0.07754164192329326,reciprocal_rank_fusion_k=60
171,Q0,WSJ920225-0006,138,0.0773304295206771,reciprocal_rank_fusion_k=60
171,Q0,WSJ910722-0074,139,0.07730956247084611,reciprocal_rank_fusion_k=60
171,Q0,WSJ910130-0139,140,0.07702967772783494,reciprocal_rank_fusion_k=60
171,Q0,WSJ871231-0046,141,0.07685457182821687,reciprocal_rank_fusion_k=60
171,Q0,WSJ920107-0145,142,0.07680603634569133,reciprocal_rank_fusion_k=60
171,Q0,WSJ880830-0043,143,0.0766865456700659,reciprocal_rank_fusion_k=60
171,Q0,WSJ870925-0023,144,0.07588863148380737,reciprocal_rank_fusion_k=60
171,Q0,WSJ881115-0064,145,0.07585814248612673,reciprocal_rank_fusion_k=60
171,Q0,WSJ891030-0094,146,0.07585508687195897,reciprocal_rank_fusion_k=60
171,Q0,WSJ910807-0073,147,0.07574788384543238,reciprocal_rank_fusion_k=60
171,Q0,WSJ890808-0099,148,0.07564320511304877,reciprocal_rank_fusion_k=60
171,Q0,ZF109-698-213,149,0.07534136964277303,reciprocal_rank_fusion_k=60
171,Q0,WSJ900813-0022,150,0.07526192359156483,reciprocal_rank_fusion_k=60
171,Q0,WSJ910102-0044,151,0.07470701695123208,reciprocal_rank_fusion_k=60
171,Q0,WSJ890803-0068,152,0.07456924628415619,reciprocal_rank_fusion_k=60
171,Q0,WSJ880513-0009,153,0.073714138550235,reciprocal_rank_fusion_k=60
171,Q0,WSJ880617-0099,154,0.07360950498273976,reciprocal_rank_fusion_k=60
171,Q0,WSJ870608-0053,155,0.07345693004846905,reciprocal_rank_fusion_k=60
171,Q0,WSJ900925-0028,156,0.07304930882430877,reciprocal_rank_fusion_k=60
171,Q0,WSJ890831-0092,157,0.07176583225590963,reciprocal_rank_fusion_k=60
171,Q0,FR891108-0130,158,0.0716575480406795,reciprocal_rank_fusion_k=60
171,Q0,WSJ890925-0110,159,0.07143252051470685,reciprocal_rank_fusion_k=60
171,Q0,WSJ871022-0013,160,0.0710657276078243,reciprocal_rank_fusion_k=60
171,Q0,WSJ871123-0097,161,0.07031037671348248,reciprocal_rank_fusion_k=60
171,Q0,WSJ880801-0066,162,0.06973579987706084,reciprocal_rank_fusion_k=60
171,Q0,WSJ920114-0137,163,0.06972866821498266,reciprocal_rank_fusion_k=60
171,Q0,WSJ900531-0073,164,0.06959008515612941,reciprocal_rank_fusion_k=60
171,Q0,ZF207-161-222,165,0.06939531131514305,reciprocal_rank_fusion_k=60
171,Q0,WSJ920309-0179,166,0.0692993503759166,reciprocal_rank_fusion_k=60
171,Q0,WSJ871113-0051,167,0.06810660396640056,reciprocal_rank_fusion_k=60
171,Q0,FR89718-0081,168,0.0676216255511761,reciprocal_rank_fusion_k=60
171,Q0,ZF207-931-076,169,0.0672568170277252,reciprocal_rank_fusion_k=60
171,Q0,WSJ900821-0038,170,0.0669547114147961,reciprocal_rank_fusion_k=60
171,Q0,WSJ871113-0035,171,0.06678448212130855,reciprocal_rank_fusion_k=60
171,Q0,AP881102-0246,172,0.06629612615281583,reciprocal_rank_fusion_k=60
171,Q0,WSJ870113-0041,173,0.06605076004442725,reciprocal_rank_fusion_k=60
171,Q0,WSJ880909-0066,174,0.06512596481301279,reciprocal_rank_fusion_k=60
171,Q0,WSJ861201-0027,175,0.0649747324564645,reciprocal_rank_fusion_k=60
171,Q0,WSJ890908-0078,176,0.06479739149064569,reciprocal_rank_fusion_k=60
171,Q0,WSJ880527-0157,177,0.06468535314008708,reciprocal_rank_fusion_k=60
171,Q0,WSJ920218-0141,178,0.06468335628337744,reciprocal_rank_fusion_k=60
171,Q0,WSJ910826-0077,179,0.06341535211353526,reciprocal_rank_fusion_k=60
171,Q0,AP880510-0307,180,0.06299679540454647,reciprocal_rank_fusion_k=60
171,Q0,WSJ891002-0022,181,0.06298277466606711,reciprocal_rank_fusion_k=60
171,Q0,WSJ871008-0082,182,0.06277927982430481,reciprocal_rank_fusion_k=60
171,Q0,WSJ920228-0131,183,0.0624856855251799,reciprocal_rank_fusion_k=60
171,Q0,WSJ900406-0064,184,0.06243133568479366,reciprocal_rank_fusion_k=60
171,Q0,WSJ870921-0069,185,0.0624053880219585,reciprocal_rank_fusion_k=60
171,Q0,FR88616-0121,186,0.062209918410626404,reciprocal_rank_fusion_k=60
171,Q0,WSJ880108-0018,187,0.06211066253082664,reciprocal_rank_fusion_k=60
171,Q0,WSJ871120-0040,188,0.06158004154476489,reciprocal_rank_fusion_k=60
171,Q0,WSJ870515-0046,189,0.061513243150183854,reciprocal_rank_fusion_k=60
171,Q0,WSJ920224-0116,190,0.06149264698202853,reciprocal_rank_fusion_k=60
171,Q0,WSJ880308-0112,191,0.061414891790131244,reciprocal_rank_fusion_k=60
171,Q0,WSJ910322-0007,192,0.06136619383737656,reciprocal_rank_fusion_k=60
171,Q0,WSJ900716-0125,193,0.06132221856645743,reciprocal_rank_fusion_k=60
171,Q0,WSJ920102-0056,194,0.061312805257566466,reciprocal_rank_fusion_k=60
171,Q0,ZF107-899-276,195,0.06092434242158496,reciprocal_rank_fusion_k=60
171,Q0,AP891222-0234,196,0.060899269814793024,reciprocal_rank_fusion_k=60
171,Q0,WSJ880122-0172,197,0.0607955120220346,reciprocal_rank_fusion_k=60
171,Q0,WSJ920211-0086,198,0.060593220830304065,reciprocal_rank_fusion_k=60
171,Q0,AP890621-0249,199,0.0604947643651062,reciprocal_rank_fusion_k=60
171,Q0,WSJ870813-0002,200,0.06044011244019312,reciprocal_rank_fusion_k=60
171,Q0,WSJ881006-0045,201,0.060236421606306316,reciprocal_rank_fusion_k=60
171,Q0,WSJ900705-0022,202,0.060218486223201036,reciprocal_rank_fusion_k=60
171,Q0,WSJ871020-0047,203,0.059933661201099955,reciprocal_rank_fusion_k=60
171,Q0,WSJ880701-0100,204,0.059702996338751736,reciprocal_rank_fusion_k=60
171,Q0,WSJ871211-0073,205,0.05913664856871572,reciprocal_rank_fusion_k=60
171,Q0,WSJ861202-0057,206,0.05906614009777017,reciprocal_rank_fusion_k=60
171,Q0,WSJ870416-0073,207,0.05902397326716121,reciprocal_rank_fusion_k=60
171,Q0,WSJ880708-0081,208,0.05899357973707271,reciprocal_rank_fusion_k=60
171,Q0,AP890405-0269,209,0.05890804169688851,reciprocal_rank_fusion_k=60
171,Q0,WSJ871026-0006,210,0.058661008801170575,reciprocal_rank_fusion_k=60
171,Q0,WSJ880919-0099,211,0.05811892958000095,reciprocal_rank_fusion_k=60
171,Q0,WSJ871109-0101,212,0.05800285473575825,reciprocal_rank_fusion_k=60
171,Q0,WSJ920214-0120,213,0.05800124450535433,reciprocal_rank_fusion_k=60
171,Q0,AP880217-0244,214,0.05779303591912892,reciprocal_rank_fusion_k=60
171,Q0,WSJ880111-0010,215,0.05774142461294964,reciprocal_rank_fusion_k=60
171,Q0,WSJ861201-0016,216,0.05770972950688624,reciprocal_rank_fusion_k=60
171,Q0,WSJ910604-0175,217,0.05770391190703501,reciprocal_rank_fusion_k=60
171,Q0,AP891215-0256,218,0.057621397621148575,reciprocal_rank_fusion_k=60
171,Q0,WSJ881028-0077,219,0.05708391357213456,reciprocal_rank_fusion_k=60
171,Q0,WSJ920221-0126,220,0.056734153366299854,reciprocal_rank_fusion_k=60
171,Q0,WSJ871203-0065,221,0.05668068624129515,reciprocal_rank_fusion_k=60
171,Q0,WSJ900703-0083,222,0.05638059474670229,reciprocal_rank_fusion_k=60
171,Q0,WSJ900605-0116,223,0.05575366257327535,reciprocal_rank_fusion_k=60
171,Q0,ZF108-135-264,224,0.055702078570170406,reciprocal_rank_fusion_k=60
171,Q0,WSJ911018-0162,225,0.05567044231707458,reciprocal_rank_fusion_k=60
171,Q0,AP880331-0279,226,0.05549091554040841,reciprocal_rank_fusion_k=60
171,Q0,WSJ890921-0090,227,0.05524266384885952,reciprocal_rank_fusion_k=60
171,Q0,WSJ890919-0124,228,0.0550277112981993,reciprocal_rank_fusion_k=60
171,Q0,WSJ880408-0095,229,0.05482440346385175,reciprocal_rank_fusion_k=60
171,Q0,WSJ911029-0001,230,0.05478870729503679,reciprocal_rank_fusion_k=60
171,Q0,AP890623-0231,231,0.054780263283591944,reciprocal_rank_fusion_k=60
171,Q0,WSJ880509-0007,232,0.05472184951737233,reciprocal_rank_fusion_k=60
171,Q0,WSJ920130-0007,233,0.054562547822262185,reciprocal_rank_fusion_k=60
171,Q0,AP891016-0268,234,0.05420762787302537,reciprocal_rank_fusion_k=60
171,Q0,WSJ870717-0082,235,0.053812831842586284,reciprocal_rank_fusion_k=60
171,Q0,WSJ911127-0072,236,0.053797028154526624,reciprocal_rank_fusion_k=60
171,Q0,WSJ910927-0141,237,0.05353657375905123,reciprocal_rank_fusion_k=60
171,Q0,WSJ911023-0111,238,0.053359826264205566,reciprocal_rank_fusion_k=60
171,Q0,WSJ870120-0145,239,0.05329807095025593,reciprocal_rank_fusion_k=60
171,Q0,WSJ870529-0077,240,0.05310558280234635,reciprocal_rank_fusion_k=60
171,Q0,WSJ910308-0190,241,0.05295410417612525,reciprocal_rank_fusion_k=60
171,Q0,WSJ870928-0065,242,0.05262973131444991,reciprocal_rank_fusion_k=60
171,Q0,WSJ870814-0104,243,0.05221781330917215,reciprocal_rank_fusion_k=60
171,Q0,WSJ870911-0103,244,0.05221278583575107,reciprocal_rank_fusion_k=60
171,Q0,WSJ910708-0047,245,0.051977867054944824,reciprocal_rank_fusion_k=60
171,Q0,AP890714-0229,246,0.05194113319489969,reciprocal_rank_fusion_k=60
171,Q0,WSJ870930-0079,247,0.051804997577351325,reciprocal_rank_fusion_k=60
171,Q0,WSJ880120-0131,248,0.05099978242006681,reciprocal_rank_fusion_k=60
171,Q0,AP880311-0293,249,0.050651660076295686,reciprocal_rank_fusion_k=60
171,Q0,WSJ880510-0033,250,0.050375660545534516,reciprocal_rank_fusion_k=60
171,Q0,AP891020-0257,251,0.05024286796318083,reciprocal_rank_fusion_k=60
171,Q0,WSJ871127-0158,252,0.05015163931676067,reciprocal_rank_fusion_k=60
171,Q0,AP890405-0271,253,0.05010942175813909,reciprocal_rank_fusion_k=60
171,Q0,WSJ870522-0106,254,0.04990485212922194,reciprocal_rank_fusion_k=60
171,Q0,WSJ870205-0125,255,0.04960389705951342,reciprocal_rank_fusion_k=60
171,Q0,WSJ891004-0005,256,0.04959622373999266,reciprocal_rank_fusion_k=60
171,Q0,WSJ891020-0205,257,0.049474901091760906,reciprocal_rank_fusion_k=60
171,Q0,WSJ910402-0065,258,0.04946162633277227,reciprocal_rank_fusion_k=60
171,Q0,WSJ870422-0074,259,0.04926105457157633,reciprocal_rank_fusion_k=60
171,Q0,WSJ900430-0111,260,0.04923320251211976,reciprocal_rank_fusion_k=60
171,Q0,WSJ910501-0059,261,0.04921206615746237,reciprocal_rank_fusion_k=60
171,Q0,WSJ911216-0093,262,0.04902870354886523,reciprocal_rank_fusion_k=60
171,Q0,WSJ910628-0128,263,0.049011808783571156,reciprocal_rank_fusion_k=60
171,Q0,WSJ891031-0090,264,0.04901089884301234,reciprocal_rank_fusion_k=60
171,Q0,WSJ870415-0123,265,0.0489376474446188,reciprocal_rank_fusion_k=60
171,Q0,WSJ871223-0085,266,0.048755165494743014,reciprocal_rank_fusion_k=60
171,Q0,WSJ900606-0091,267,0.048662858477281336,reciprocal_rank_fusion_k=60
171,Q0,WSJ870331-0102,268,0.048560065653586504,reciprocal_rank_fusion_k=60
171,Q0,WSJ871123-0060,269,0.048315138247488315,reciprocal_rank_fusion_k=60
171,Q0,AP890707-0204,270,0.04827509582803942,reciprocal_rank_fusion_k=60
171,Q0,WSJ881004-0018,271,0.048097949021368165,reciprocal_rank_fusion_k=60
171,Q0,AP880504-0294,272,0.04803354742796489,reciprocal_rank_fusion_k=60
171,Q0,WSJ870918-0173,273,0.047689488541711754,reciprocal_rank_fusion_k=60
171,Q0,WSJ890920-0099,274,0.04761924432482044,reciprocal_rank_fusion_k=60
171,Q0,WSJ881007-0087,275,0.047319708213597045,reciprocal_rank_fusion_k=60
171,Q0,WSJ910614-0069,276,0.047186141030332,reciprocal_rank_fusion_k=60
171,Q0,WSJ910308-0180,277,0.04703084531141324,reciprocal_rank_fusion_k=60
171,Q0,WSJ891005-0127,278,0.046960809860827284,reciprocal_rank_fusion_k=60
171,Q0,WSJ891010-0035,279,0.046804469643157404,reciprocal_rank_fusion_k=60
171,Q0,WSJ880126-0110,280,0.04679547489256178,reciprocal_rank_fusion_k=60
171,Q0,WSJ890908-0080,281,0.04657176909450892,reciprocal_rank_fusion_k=60
171,Q0,AP890602-0256,282,0.04652681892370624,reciprocal_rank_fusion_k=60
171,Q0,WSJ910410-0023,283,0.046453164547053755,reciprocal_rank_fusion_k=60
171,Q0,WSJ880121-0055,284,0.04642824053452121,reciprocal_rank_fusion_k=60
171,Q0,ZF109-449-785,285,0.04638436797704383,reciprocal_rank_fusion_k=60
171,Q0,WSJ900723-0015,286,0.04628061083951985,reciprocal_rank_fusion_k=60
171,Q0,WSJ900518-0120,287,0.046154133569049086,reciprocal_rank_fusion_k=60
171,Q0,WSJ890915-0034,288,0.045934508707941676,reciprocal_rank_fusion_k=60
171,Q0,FR88803-0094,289,0.04592788900183865,reciprocal_rank_fusion_k=60
171,Q0,AP891005-0228,290,0.04580703319310056,reciprocal_rank_fusion_k=60
171,Q0,WSJ881104-0034,291,0.04569214860802979,reciprocal_rank_fusion_k=60
171,Q0,AP891208-0248,292,0.04562810394686571,reciprocal_rank_fusion_k=60
171,Q0,WSJ910308-0075,293,0.04558438381672801,reciprocal_rank_fusion_k=60
171,Q0,ZF108-755-530,294,0.04558290846039491,reciprocal_rank_fusion_k=60
171,Q0,WSJ870713-0072,295,0.045580670036121124,reciprocal_rank_fusion_k=60
171,Q0,WSJ910103-0085,296,0.04540411344809133,reciprocal_rank_fusion_k=60
171,Q0,AP890126-0095,297,0.045375391800113976,reciprocal_rank_fusion_k=60
171,Q0,FR881109-0014,298,0.045332451493652254,reciprocal_rank_fusion_k=60
171,Q0,WSJ911231-0102,299,0.04530302624177594,reciprocal_rank_fusion_k=60
171,Q0,WSJ881019-0031,300,0.045187822147838834,reciprocal_rank_fusion_k=60
171,Q0,WSJ880104-0057,301,0.04495342290243816,reciprocal_rank_fusion_k=60
171,Q0,WSJ870330-0025,302,0.044893031173365155,reciprocal_rank_fusion_k=60
171,Q0,WSJ871113-0186,303,0.04486871484865945,reciprocal_rank_fusion_k=60
171,Q0,WSJ870803-0104,304,0.04486552815122564,reciprocal_rank_fusion_k=60
171,Q0,WSJ881007-0154,305,0.04454155701049846,reciprocal_rank_fusion_k=60
171,Q0,WSJ911028-0103,306,0.04423631943536088,reciprocal_rank_fusion_k=60
171,Q0,WSJ900608-0005,307,0.044203550873436054,reciprocal_rank_fusion_k=60
171,Q0,WSJ870703-0002,308,0.04414710409812487,reciprocal_rank_fusion_k=60
171,Q0,WSJ880408-0056,309,0.04413370238185909,reciprocal_rank_fusion_k=60
171,Q0,WSJ880226-0118,310,0.04370101840956119,reciprocal_rank_fusion_k=60
171,Q0,WSJ870107-0003,311,0.04365128105871979,reciprocal_rank_fusion_k=60
171,Q0,WSJ920219-0126,312,0.04342775736716008,reciprocal_rank_fusion_k=60
171,Q0,WSJ881006-0012,313,0.04342552410160381,reciprocal_rank_fusion_k=60
171,Q0,WSJ911216-0142,314,0.04341380754278906,reciprocal_rank_fusion_k=60
171,Q0,WSJ870629-0030,315,0.043376434729191136,reciprocal_rank_fusion_k=60
171,Q0,ZF109-446-827,316,0.04331229458750839,reciprocal_rank_fusion_k=60
171,Q0,WSJ880322-0086,317,0.043302713130341355,reciprocal_rank_fusion_k=60
171,Q0,WSJ900531-0160,318,0.043263091406436076,reciprocal_rank_fusion_k=60
171,Q0,WSJ880105-0062,319,0.04295078273092223,reciprocal_rank_fusion_k=60
171,Q0,WSJ910611-0109,320,0.04289896688423647,reciprocal_rank_fusion_k=60
171,Q0,WSJ880429-0118,321,0.04285185808865203,reciprocal_rank_fusion_k=60
171,Q0,WSJ911209-0085,322,0.04280396140750508,reciprocal_rank_fusion_k=60
171,Q0,WSJ911125-0094,323,0.04268056026161931,reciprocal_rank_fusion_k=60
171,Q0,AP891016-0255,324,0.04263303758237726,reciprocal_rank_fusion_k=60
171,Q0,WSJ910806-0028,325,0.042575361752324146,reciprocal_rank_fusion_k=60
171,Q0,WSJ870429-0037,326,0.042454979152703826,reciprocal_rank_fusion_k=60
171,Q0,WSJ891003-0132,327,0.042429052863425264,reciprocal_rank_fusion_k=60
171,Q0,WSJ881003-0055,328,0.04239601977676709,reciprocal_rank_fusion_k=60
171,Q0,WSJ911226-0057,329,0.042362228544378974,reciprocal_rank_fusion_k=60
171,Q0,WSJ890914-0083,330,0.04233176772536329,reciprocal_rank_fusion_k=60
171,Q0,AP880810-0272,331,0.04228495275135457,reciprocal_rank_fusion_k=60
171,Q0,FR88502-0016,332,0.042256223409604415,reciprocal_rank_fusion_k=60
171,Q0,WSJ891023-0105,333,0.04211843899712442,reciprocal_rank_fusion_k=60
171,Q0,WSJ871026-0026,334,0.0420395837857099,reciprocal_rank_fusion_k=60
171,Q0,WSJ870821-0025,335,0.04188586669430199,reciprocal_rank_fusion_k=60
171,Q0,WSJ870612-0174,336,0.0416922369681319,reciprocal_rank_fusion_k=60
171,Q0,WSJ890921-0128,337,0.0416919823753767,reciprocal_rank_fusion_k=60
171,Q0,FR89811-0021,338,0.0414482146258266,reciprocal_rank_fusion_k=60
171,Q0,WSJ891002-0118,339,0.04126601865355623,reciprocal_rank_fusion_k=60
171,Q0,WSJ890829-0064,340,0.04125323386080153,reciprocal_rank_fusion_k=60
171,Q0,WSJ870320-0086,341,0.04119738737449818,reciprocal_rank_fusion_k=60
171,Q0,WSJ901221-0122,342,0.041174357684265916,reciprocal_rank_fusion_k=60
171,Q0,WSJ910531-0071,343,0.04113373322664959,reciprocal_rank_fusion_k=60
171,Q0,WSJ910228-0007,344,0.04113037929374973,reciprocal_rank_fusion_k=60
171,Q0,WSJ880314-0178,345,0.040816031479475344,reciprocal_rank_fusion_k=60
171,Q0,WSJ910521-0064,346,0.040768908889190485,reciprocal_rank_fusion_k=60
171,Q0,WSJ900518-0138,347,0.040669065361421716,reciprocal_rank_fusion_k=60
171,Q0,WSJ880129-0002,348,0.040625700052626314,reciprocal_rank_fusion_k=60
171,Q0,WSJ920123-0156,349,0.04047154236889012,reciprocal_rank_fusion_k=60
171,Q0,WSJ890824-0072,350,0.040432573137702675,reciprocal_rank_fusion_k=60
171,Q0,WSJ890914-0151,351,0.040342209896693834,reciprocal_rank_fusion_k=60
171,Q0,WSJ910625-0051,352,0.040255349990630025,reciprocal_rank_fusion_k=60
171,Q0,AP880330-0255,353,0.040235618044740976,reciprocal_rank_fusion_k=60
171,Q0,WSJ890927-0152,354,0.04021678007936867,reciprocal_rank_fusion_k=60
171,Q0,WSJ901227-0006,355,0.04006226666669291,reciprocal_rank_fusion_k=60
171,Q0,WSJ910724-0112,356,0.040060795811556096,reciprocal_rank_fusion_k=60
171,Q0,WSJ871116-0128,357,0.039712101639012544,reciprocal_rank_fusion_k=60
171,Q0,WSJ900731-0092,358,0.03957202057432494,reciprocal_rank_fusion_k=60
171,Q0,WSJ910507-0094,359,0.03953580634084483,reciprocal_rank_fusion_k=60
171,Q0,WSJ871005-0034,360,0.03938754573833558,reciprocal_rank_fusion_k=60
171,Q0,WSJ880310-0109,361,0.03937382505071025,reciprocal_rank_fusion_k=60
171,Q0,WSJ871202-0079,362,0.039298755812502285,reciprocal_rank_fusion_k=60
171,Q0,WSJ871030-0109,363,0.03928909883877634,reciprocal_rank_fusion_k=60
171,Q0,WSJ920312-0099,364,0.039286261561731095,reciprocal_rank_fusion_k=60
171,Q0,AP890701-0159,365,0.039258649385707674,reciprocal_rank_fusion_k=60
171,Q0,FR881026-0087,366,0.03919778544213762,reciprocal_rank_fusion_k=60
171,Q0,WSJ911216-0007,367,0.039194713556360485,reciprocal_rank_fusion_k=60
171,Q0,WSJ910621-0070,368,0.039174378762272054,reciprocal_rank_fusion_k=60
171,Q0,WSJ910828-0037,369,0.03916178045648199,reciprocal_rank_fusion_k=60
171,Q0,WSJ910822-0029,370,0.03898859146679255,reciprocal_rank_fusion_k=60
171,Q0,FR88909-0107,371,0.03879356675613707,reciprocal_rank_fusion_k=60
171,Q0,WSJ910404-0081,372,0.03876884838822392,reciprocal_rank_fusion_k=60
171,Q0,AP881118-0183,373,0.03876487563487723,reciprocal_rank_fusion_k=60
171,Q0,WSJ870824-0058,374,0.03865902122961731,reciprocal_rank_fusion_k=60
171,Q0,WSJ910830-0019,375,0.03836668545531162,reciprocal_rank_fusion_k=60
171,Q0,WSJ880824-0052,376,0.03818019037484799,reciprocal_rank_fusion_k=60
171,Q0,WSJ900808-0045,377,0.03813968016769686,reciprocal_rank_fusion_k=60
171,Q0,WSJ910620-0109,378,0.037933080517419136,reciprocal_rank_fusion_k=60
171,Q0,AP880301-0234,379,0.03775503870569666,reciprocal_rank_fusion_k=60
171,Q0,WSJ881116-0138,380,0.037732836122454344,reciprocal_rank_fusion_k=60
171,Q0,AP880610-0317,381,0.037675836010230584,reciprocal_rank_fusion_k=60
171,Q0,WSJ901231-0051,382,0.03766808706429365,reciprocal_rank_fusion_k=60
171,Q0,AP891030-0277,383,0.03761765025742616,reciprocal_rank_fusion_k=60
171,Q0,WSJ890828-0054,384,0.03749701328604639,reciprocal_rank_fusion_k=60
171,Q0,WSJ870831-0147,385,0.03748418844737112,reciprocal_rank_fusion_k=60
171,Q0,WSJ910815-0109,386,0.037468629138719525,reciprocal_rank_fusion_k=60
171,Q0,WSJ900517-0107,387,0.03719841964514855,reciprocal_rank_fusion_k=60
171,Q0,WSJ911119-0084,388,0.037180622476278694,reciprocal_rank_fusion_k=60
171,Q0,WSJ870916-0116,389,0.03712016768699674,reciprocal_rank_fusion_k=60
171,Q0,WSJ910927-0147,390,0.03707045668500058,reciprocal_rank_fusion_k=60
171,Q0,WSJ910308-0154,391,0.03699425625260509,reciprocal_rank_fusion_k=60
171,Q0,WSJ890728-0107,392,0.03681684917697648,reciprocal_rank_fusion_k=60
171,Q0,WSJ880111-0001,393,0.03672943206456964,reciprocal_rank_fusion_k=60
171,Q0,WSJ911025-0045,394,0.03656054604397134,reciprocal_rank_fusion_k=60
171,Q0,WSJ880208-0077,395,0.036475581878080546,reciprocal_rank_fusion_k=60
171,Q0,WSJ900706-0052,396,0.03644869071955234,reciprocal_rank_fusion_k=60
171,Q0,WSJ871109-0155,397,0.03634871383276348,reciprocal_rank_fusion_k=60
171,Q0,WSJ910401-0069,398,0.036323020139116854,reciprocal_rank_fusion_k=60
171,Q0,WSJ890830-0004,399,0.03618854811759593,reciprocal_rank_fusion_k=60
171,Q0,WSJ870703-0013,400,0.03614828196541755,reciprocal_rank_fusion_k=60
171,Q0,WSJ910423-0140,401,0.03602607853635297,reciprocal_rank_fusion_k=60
171,Q0,WSJ900913-0126,402,0.0358227587919669,reciprocal_rank_fusion_k=60
171,Q0,AP890913-0273,403,0.03581196551071936,reciprocal_rank_fusion_k=60
171,Q0,WSJ900517-0095,404,0.03570813414625171,reciprocal_rank_fusion_k=60
171,Q0,WSJ881007-0085,405,0.035585240928137134,reciprocal_rank_fusion_k=60
171,Q0,WSJ870202-0051,406,0.03555571986864939,reciprocal_rank_fusion_k=60
171,Q0,WSJ910830-0059,407,0.035501261397010916,reciprocal_rank_fusion_k=60
171,Q0,WSJ911010-0080,408,0.03549561199947753,reciprocal_rank_fusion_k=60
171,Q0,WSJ880323-0128,409,0.03546865019056543,reciprocal_rank_fusion_k=60
171,Q0,WSJ871118-0098,410,0.03539878710718339,reciprocal_rank_fusion_k=60
171,Q0,WSJ911023-0097,411,0.03535303622809697,reciprocal_rank_fusion_k=60
171,Q0,WSJ880118-0097,412,0.03527469819010459,reciprocal_rank_fusion_k=60
171,Q0,WSJ910917-0119,413,0.03522315775614067,reciprocal_rank_fusion_k=60
171,Q0,WSJ871218-0095,414,0.03514792632511176,reciprocal_rank_fusion_k=60
171,Q0,WSJ920211-0007,415,0.0351296694075524,reciprocal_rank_fusion_k=60
171,Q0,WSJ911031-0086,416,0.03508782258993255,reciprocal_rank_fusion_k=60
171,Q0,WSJ871027-0065,417,0.035036258692484036,reciprocal_rank_fusion_k=60
171,Q0,WSJ870814-0059,418,0.034834739871754276,reciprocal_rank_fusion_k=60
171,Q0,WSJ880729-0039,419,0.03478710602482333,reciprocal_rank_fusion_k=60
171,Q0,WSJ920117-0116,420,0.03473956804379201,reciprocal_rank_fusion_k=60
171,Q0,WSJ910405-0142,421,0.03471447538799233,reciprocal_rank_fusion_k=60
171,Q0,WSJ880701-0092,422,0.03466509872787951,reciprocal_rank_fusion_k=60
171,Q0,WSJ881018-0207,423,0.03447790366192542,reciprocal_rank_fusion_k=60
171,Q0,WSJ880909-0064,424,0.03446535219987279,reciprocal_rank_fusion_k=60
171,Q0,WSJ880229-0054,425,0.034406042896002964,reciprocal_rank_fusion_k=60
171,Q0,WSJ910514-0067,426,0.034249986478600475,reciprocal_rank_fusion_k=60
171,Q0,WSJ920106-0158,427,0.034199911502000274,reciprocal_rank_fusion_k=60
171,Q0,WSJ910416-0060,428,0.034122007508111445,reciprocal_rank_fusion_k=60
171,Q0,WSJ880606-0048,429,0.03408775011987377,reciprocal_rank_fusion_k=60
171,Q0,WSJ910814-0124,430,0.03406490120374135,reciprocal_rank_fusion_k=60
171,Q0,WSJ881116-0007,431,0.033856927690996505,reciprocal_rank_fusion_k=60
171,Q0,WSJ880714-0003,432,0.0336477995917555,reciprocal_rank_fusion_k=60
171,Q0,WSJ871125-0009,433,0.03343783289341257,reciprocal_rank_fusion_k=60
171,Q0,WSJ881003-0188,434,0.03325733324019529,reciprocal_rank_fusion_k=60
171,Q0,WSJ870518-0053,435,0.033208956337849996,reciprocal_rank_fusion_k=60
171,Q0,AP891018-0236,436,0.03305906843398551,reciprocal_rank_fusion_k=60
171,Q0,WSJ891101-0162,437,0.033036268534122795,reciprocal_rank_fusion_k=60
171,Q0,WSJ891020-0211,438,0.03296361998534897,reciprocal_rank_fusion_k=60
171,Q0,WSJ871029-0064,439,0.032918008805700096,reciprocal_rank_fusion_k=60
171,Q0,WSJ900530-0005,440,0.03286775164025625,reciprocal_rank_fusion_k=60
171,Q0,WSJ871020-0002,441,0.03279051670756664,reciprocal_rank_fusion_k=60
171,Q0,WSJ910703-0181,442,0.03277408769602189,reciprocal_rank_fusion_k=60
171,Q0,WSJ881024-0120,443,0.032769556692784814,reciprocal_rank_fusion_k=60
171,Q0,WSJ890727-0079,444,0.032720091704273924,reciprocal_rank_fusion_k=60
171,Q0,WSJ890929-0017,445,0.032637824001279465,reciprocal_rank_fusion_k=60
171,Q0,WSJ900402-0170,446,0.0326284995696365,reciprocal_rank_fusion_k=60
171,Q0,WSJ900430-0087,447,0.03253705884725744,reciprocal_rank_fusion_k=60
171,Q0,WSJ910315-0067,448,0.03240539540594397,reciprocal_rank_fusion_k=60
171,Q0,WSJ900706-0034,449,0.03235355128827999,reciprocal_rank_fusion_k=60
171,Q0,WSJ870930-0060,450,0.03233805084433006,reciprocal_rank_fusion_k=60
171,Q0,WSJ881109-0142,451,0.0321870534161358,reciprocal_rank_fusion_k=60
171,Q0,WSJ871002-0094,452,0.032007828113225625,reciprocal_rank_fusion_k=60
171,Q0,WSJ920108-0045,453,0.032005311967192265,reciprocal_rank_fusion_k=60
171,Q0,WSJ871021-0072,454,0.03197049335400382,reciprocal_rank_fusion_k=60
171,Q0,FR89810-0001,455,0.03196974896900094,reciprocal_rank_fusion_k=60
171,Q0,WSJ880321-0058,456,0.03193730040538183,reciprocal_rank_fusion_k=60
171,Q0,ZF109-584-991,457,0.03187777924457033,reciprocal_rank_fusion_k=60
171,Q0,WSJ880628-0034,458,0.03186510688106592,reciprocal_rank_fusion_k=60
171,Q0,AP891005-0229,459,0.031776523175825994,reciprocal_rank_fusion_k=60
171,Q0,FR89331-0141,460,0.031765863497251,reciprocal_rank_fusion_k=60
171,Q0,WSJ910926-0068,461,0.0317403656995183,reciprocal_rank_fusion_k=60
171,Q0,WSJ880909-0051,462,0.03173639526605603,reciprocal_rank_fusion_k=60
171,Q0,WSJ870119-0068,463,0.031692249691685104,reciprocal_rank_fusion_k=60
171,Q0,WSJ910913-0031,464,0.03168004965736297,reciprocal_rank_fusion_k=60
171,Q0,WSJ891026-0075,465,0.0313604708606879,reciprocal_rank_fusion_k=60
171,Q0,WSJ870327-0103,466,0.03135799562945129,reciprocal_rank_fusion_k=60
171,Q0,WSJ880510-0100,467,0.031308992678365004,reciprocal_rank_fusion_k=60
171,Q0,WSJ861215-0044,468,0.03126450947302924,reciprocal_rank_fusion_k=60
171,Q0,WSJ900716-0023,469,0.031185327413739406,reciprocal_rank_fusion_k=60
171,Q0,WSJ870417-0104,470,0.03117757245704205,reciprocal_rank_fusion_k=60
171,Q0,WSJ880418-0135,471,0.031056471402391733,reciprocal_rank_fusion_k=60
171,Q0,WSJ890818-0150,472,0.031028986476244136,reciprocal_rank_fusion_k=60
171,Q0,WSJ900410-0009,473,0.03093901983829888,reciprocal_rank_fusion_k=60
171,Q0,WSJ910424-0008,474,0.030926666845301293,reciprocal_rank_fusion_k=60
171,Q0,WSJ910529-0083,475,0.03089389654321504,reciprocal_rank_fusion_k=60
171,Q0,WSJ881003-0008,476,0.03086639325439541,reciprocal_rank_fusion_k=60
171,Q0,WSJ910626-0056,477,0.03075662092202988,reciprocal_rank_fusion_k=60
171,Q0,WSJ871214-0070,478,0.030746240872449808,reciprocal_rank_fusion_k=60
171,Q0,WSJ870102-0036,479,0.030696792821398713,reciprocal_rank_fusion_k=60
171,Q0,WSJ880115-0045,480,0.03069284601927728,reciprocal_rank_fusion_k=60
171,Q0,WSJ881010-0111,481,0.030688165410407354,reciprocal_rank_fusion_k=60
171,Q0,WSJ910315-0094,482,0.030682866040303354,reciprocal_rank_fusion_k=60
171,Q0,WSJ881013-0114,483,0.03067241237703448,reciprocal_rank_fusion_k=60
171,Q0,WSJ870420-0009,484,0.03066550330082499,reciprocal_rank_fusion_k=60
171,Q0,WSJ890929-0011,485,0.03059238122371344,reciprocal_rank_fusion_k=60
171,Q0,WSJ900511-0088,486,0.030526442358225454,reciprocal_rank_fusion_k=60
171,Q0,WSJ890830-0079,487,0.03047250307987291,reciprocal_rank_fusion_k=60
171,Q0,WSJ870424-0108,488,0.030438704481378462,reciprocal_rank_fusion_k=60
171,Q0,FR89301-0112,489,0.030428188682369295,reciprocal_rank_fusion_k=60
171,Q0,WSJ910118-0007,490,0.030340196052764848,reciprocal_rank_fusion_k=60
171,Q0,WSJ870526-0015,491,0.030328446498537266,reciprocal_rank_fusion_k=60
171,Q0,WSJ890804-0124,492,0.030249440640469784,reciprocal_rank_fusion_k=60
171,Q0,WSJ881004-0105,493,0.029853110272606988,reciprocal_rank_fusion_k=60
171,Q0,ZF207-084-922,494,0.029838600312856456,reciprocal_rank_fusion_k=60
171,Q0,WSJ910918-0085,495,0.02977642269402283,reciprocal_rank_fusion_k=60
171,Q0,WSJ861201-0113,496,0.02972778548022005,reciprocal_rank_fusion_k=60
171,Q0,WSJ900620-0155,497,0.029664157568908,reciprocal_rank_fusion_k=60
171,Q0,WSJ920313-0095,498,0.029606121922199812,reciprocal_rank_fusion_k=60
171,Q0,WSJ900530-0073,499,0.029557030846142935,reciprocal_rank_fusion_k=60
171,Q0,WSJ871113-0071,500,0.0295309060778226,reciprocal_rank_fusion_k=60
171,Q0,WSJ910722-0086,501,0.029521364686011017,reciprocal_rank_fusion_k=60
171,Q0,AP890323-0278,502,0.029516845433461274,reciprocal_rank_fusion_k=60
171,Q0,WSJ910731-0136,503,0.029475340061100724,reciprocal_rank_fusion_k=60
171,Q0,WSJ880428-0133,504,0.029449934934855822,reciprocal_rank_fusion_k=60
171,Q0,WSJ891009-0004,505,0.029405943482973085,reciprocal_rank_fusion_k=60
171,Q0,WSJ911022-0186,506,0.029355146186002927,reciprocal_rank_fusion_k=60
171,Q0,AP891122-0225,507,0.029343321381029186,reciprocal_rank_fusion_k=60
171,Q0,WSJ900510-0010,508,0.029317081792350798,reciprocal_rank_fusion_k=60
171,Q0,WSJ881025-0062,509,0.029289806631878544,reciprocal_rank_fusion_k=60
171,Q0,WSJ870810-0100,510,0.029231932066831563,reciprocal_rank_fusion_k=60
171,Q0,WSJ880414-0003,511,0.02923100982354349,reciprocal_rank_fusion_k=60
171,Q0,WSJ910606-0005,512,0.029225847351862805,reciprocal_rank_fusion_k=60
171,Q0,WSJ891102-0159,513,0.029220342729288803,reciprocal_rank_fusion_k=60
171,Q0,WSJ870331-0089,514,0.029174065683425357,reciprocal_rank_fusion_k=60
171,Q0,WSJ920131-0168,515,0.02904305023640996,reciprocal_rank_fusion_k=60
171,Q0,WSJ861231-0102,516,0.029034326679091435,reciprocal_rank_fusion_k=60
171,Q0,WSJ891102-0164,517,0.029022439259699433,reciprocal_rank_fusion_k=60
171,Q0,WSJ891017-0149,518,0.02891415651076975,reciprocal_rank_fusion_k=60
171,Q0,WSJ911022-0118,519,0.02867830453309632,reciprocal_rank_fusion_k=60
171,Q0,WSJ910731-0138,520,0.028560091753888347,reciprocal_rank_fusion_k=60
171,Q0,AP880316-0274,521,0.0285258284641783,reciprocal_rank_fusion_k=60
171,Q0,FR89214-0096,522,0.02850517988101815,reciprocal_rank_fusion_k=60
171,Q0,WSJ871231-0008,523,0.028488193015034,reciprocal_rank_fusion_k=60
171,Q0,AP890714-0257,524,0.028441569328419646,reciprocal_rank_fusion_k=60
171,Q0,AP891004-0249,525,0.028438141325681267,reciprocal_rank_fusion_k=60
171,Q0,WSJ910730-0033,526,0.0284038549306039,reciprocal_rank_fusion_k=60
171,Q0,AP880706-0266,527,0.028400310732516237,reciprocal_rank_fusion_k=60
171,Q0,WSJ870526-0091,528,0.028363378055719587,reciprocal_rank_fusion_k=60
171,Q0,WSJ900706-0017,529,0.02827509062801505,reciprocal_rank_fusion_k=60
171,Q0,WSJ910108-0114,530,0.028184062454311844,reciprocal_rank_fusion_k=60
171,Q0,WSJ920311-0044,531,0.028159649030005767,reciprocal_rank_fusion_k=60
171,Q0,WSJ861208-0041,532,0.02807137256934022,reciprocal_rank_fusion_k=60
171,Q0,ZF109-445-093,533,0.02805863024659216,reciprocal_rank_fusion_k=60
171,Q0,AP881011-0224,534,0.02792534797118344,reciprocal_rank_fusion_k=60
171,Q0,AP881123-0208,535,0.027916820204997105,reciprocal_rank_fusion_k=60
171,Q0,WSJ920221-0195,536,0.02788667118976715,reciprocal_rank_fusion_k=60
171,Q0,WSJ891005-0106,537,0.027758240646038296,reciprocal_rank_fusion_k=60
171,Q0,AP891231-0048,538,0.027667623769285967,reciprocal_rank_fusion_k=60
171,Q0,WSJ911016-0003,539,0.02759082308460655,reciprocal_rank_fusion_k=60
171,Q0,DOE2-29-0191,540,0.027577480733976686,reciprocal_rank_fusion_k=60
171,Q0,WSJ920203-0088,541,0.027519446555641845,reciprocal_rank_fusion_k=60
171,Q0,ZF108-565-290,542,0.027459947645136176,reciprocal_rank_fusion_k=60
171,Q0,WSJ890818-0086,543,0.027448170402261475,reciprocal_rank_fusion_k=60
171,Q0,WSJ870421-0093,544,0.027357095357784397,reciprocal_rank_fusion_k=60
171,Q0,WSJ870807-0099,545,0.027204266675573532,reciprocal_rank_fusion_k=60
171,Q0,WSJ910114-0029,546,0.02709808918542059,reciprocal_rank_fusion_k=60
171,Q0,WSJ920316-0136,547,0.02705497277254513,reciprocal_rank_fusion_k=60
171,Q0,WSJ911213-0098,548,0.026968034738479852,reciprocal_rank_fusion_k=60
171,Q0,WSJ880822-0084,549,0.02689200053761076,reciprocal_rank_fusion_k=60
171,Q0,FR89515-0004,550,0.02686890249281001,reciprocal_rank_fusion_k=60
171,Q0,AP890707-0205,551,0.026861166839775647,reciprocal_rank_fusion_k=60
171,Q0,FR89404-0093,552,0.026758671720725304,reciprocal_rank_fusion_k=60
171,Q0,WSJ911031-0106,553,0.026681856338997414,reciprocal_rank_fusion_k=60
171,Q0,WSJ911003-0045,554,0.026669354519202066,reciprocal_rank_fusion_k=60
171,Q0,WSJ911206-0087,555,0.026647320191194784,reciprocal_rank_fusion_k=60
171,Q0,WSJ891013-0111,556,0.02654878630046394,reciprocal_rank_fusion_k=60
171,Q0,WSJ920320-0148,557,0.02654201241998291,reciprocal_rank_fusion_k=60
171,Q0,WSJ910308-0040,558,0.026525190741167336,reciprocal_rank_fusion_k=60
171,Q0,WSJ880901-0013,559,0.026517700651217425,reciprocal_rank_fusion_k=60
171,Q0,WSJ900518-0152,560,0.02649530337555042,reciprocal_rank_fusion_k=60
171,Q0,FR891002-0122,561,0.0264672098245716,reciprocal_rank_fusion_k=60
171,Q0,WSJ880418-0149,562,0.0264492793246023,reciprocal_rank_fusion_k=60
171,Q0,FR89814-0106,563,0.02642950334870266,reciprocal_rank_fusion_k=60
171,Q0,ZF206-967-830,564,0.026395113140890825,reciprocal_rank_fusion_k=60
171,Q0,WSJ910726-0119,565,0.026384493523145612,reciprocal_rank_fusion_k=60
171,Q0,WSJ880219-0075,566,0.02630702116521575,reciprocal_rank_fusion_k=60
171,Q0,WSJ920207-0060,567,0.02630293987088041,reciprocal_rank_fusion_k=60
171,Q0,WSJ870217-0047,568,0.026300308355633666,reciprocal_rank_fusion_k=60
171,Q0,WSJ870914-0089,569,0.026298777129731783,reciprocal_rank_fusion_k=60
171,Q0,AP891018-0235,570,0.02626679655970502,reciprocal_rank_fusion_k=60
171,Q0,WSJ880222-0027,571,0.02620638031545204,reciprocal_rank_fusion_k=60
171,Q0,WSJ871105-0037,572,0.026195296734776826,reciprocal_rank_fusion_k=60
171,Q0,WSJ870209-0091,573,0.02617481373290825,reciprocal_rank_fusion_k=60
171,Q0,WSJ880526-0119,574,0.026112457855041335,reciprocal_rank_fusion_k=60
171,Q0,WSJ870413-0023,575,0.025972812049759014,reciprocal_rank_fusion_k=60
171,Q0,WSJ870615-0025,576,0.025916070271859597,reciprocal_rank_fusion_k=60
171,Q0,WSJ911003-0136,577,0.02584369825799882,reciprocal_rank_fusion_k=60
171,Q0,WSJ891013-0082,578,0.025808356000800132,reciprocal_rank_fusion_k=60
171,Q0,WSJ880426-0081,579,0.025799679378138284,reciprocal_rank_fusion_k=60
171,Q0,WSJ870918-0126,580,0.025674571320572073,reciprocal_rank_fusion_k=60
171,Q0,WSJ880725-0034,581,0.025633885810432442,reciprocal_rank_fusion_k=60
171,Q0,WSJ910404-0078,582,0.025600993248392503,reciprocal_rank_fusion_k=60
171,Q0,AP881101-0228,583,0.02560003590029905,reciprocal_rank_fusion_k=60
171,Q0,AP890511-0240,584,0.025541587149831863,reciprocal_rank_fusion_k=60
171,Q0,WSJ871102-0091,585,0.025512871073663634,reciprocal_rank_fusion_k=60
171,Q0,WSJ880531-0135,586,0.02530232920901342,reciprocal_rank_fusion_k=60
171,Q0,ZF108-437-500,587,0.025263278052068933,reciprocal_rank_fusion_k=60
171,Q0,WSJ871204-0119,588,0.025213240573166845,reciprocal_rank_fusion_k=60
171,Q0,AP880413-0250,589,0.025210176653284892,reciprocal_rank_fusion_k=60
171,Q0,WSJ871023-0002,590,0.025158397587588695,reciprocal_rank_fusion_k=60
171,Q0,AP891206-0167,591,0.025132605098275758,reciprocal_rank_fusion_k=60
171,Q0,WSJ880923-0051,592,0.025109886901445163,reciprocal_rank_fusion_k=60
171,Q0,WSJ900629-0069,593,0.025082552832833633,reciprocal_rank_fusion_k=60
171,Q0,FR89221-0108,594,0.025064083662625216,reciprocal_rank_fusion_k=60
171,Q0,WSJ870904-0125,595,0.025035764467916874,reciprocal_rank_fusion_k=60
171,Q0,WSJ910320-0078,596,0.025035034756347756,reciprocal_rank_fusion_k=60
171,Q0,WSJ870422-0001,597,0.025033308958453057,reciprocal_rank_fusion_k=60
171,Q0,WSJ870924-0038,598,0.02496690911584895,reciprocal_rank_fusion_k=60
171,Q0,WSJ911108-0212,599,0.02496099340644748,reciprocal_rank_fusion_k=60
171,Q0,WSJ900404-0066,600,0.024830256305992088,reciprocal_rank_fusion_k=60
171,Q0,WSJ910131-0136,601,0.024767484553935876,reciprocal_rank_fusion_k=60
171,Q0,WSJ870707-0120,602,0.024712345558538205,reciprocal_rank_fusion_k=60
171,Q0,WSJ880708-0058,603,0.024597000648388278,reciprocal_rank_fusion_k=60
171,Q0,WSJ910306-0054,604,0.02454866399591654,reciprocal_rank_fusion_k=60
171,Q0,WSJ900928-0015,605,0.02445974184076505,reciprocal_rank_fusion_k=60
171,Q0,WSJ910502-0162,606,0.02445852532159758,reciprocal_rank_fusion_k=60
171,Q0,WSJ910424-0049,607,0.02443973122400132,reciprocal_rank_fusion_k=60
171,Q0,ZF109-554-241,608,0.02437927356411397,reciprocal_rank_fusion_k=60
171,Q0,WSJ870515-0119,609,0.024245425521243723,reciprocal_rank_fusion_k=60
171,Q0,WSJ880912-0029,610,0.024208695560620844,reciprocal_rank_fusion_k=60
171,Q0,WSJ900515-0072,611,0.024176732125013353,reciprocal_rank_fusion_k=60
171,Q0,WSJ920127-0011,612,0.02414965901480354,reciprocal_rank_fusion_k=60
171,Q0,WSJ920102-0098,613,0.024081226931278694,reciprocal_rank_fusion_k=60
171,Q0,WSJ920305-0135,614,0.024057420988378916,reciprocal_rank_fusion_k=60
171,Q0,WSJ880108-0079,615,0.02404309105024359,reciprocal_rank_fusion_k=60
171,Q0,WSJ910425-0171,616,0.024024890041930085,reciprocal_rank_fusion_k=60
171,Q0,WSJ870427-0005,617,0.023944888157566308,reciprocal_rank_fusion_k=60
171,Q0,WSJ900409-0164,618,0.02391496389515087,reciprocal_rank_fusion_k=60
171,Q0,WSJ891020-0141,619,0.023857836598324068,reciprocal_rank_fusion_k=60
171,Q0,WSJ911129-0036,620,0.02373770615096231,reciprocal_rank_fusion_k=60
171,Q0,AP890916-0083,621,0.02367020429659439,reciprocal_rank_fusion_k=60
171,Q0,WSJ910426-0017,622,0.023666021951025448,reciprocal_rank_fusion_k=60
171,Q0,AP890419-0215,623,0.023648127127334065,reciprocal_rank_fusion_k=60
171,Q0,AP880928-0276,624,0.02364660616072551,reciprocal_rank_fusion_k=60
171,Q0,AP890501-0268,625,0.023588734198280687,reciprocal_rank_fusion_k=60
171,Q0,WSJ910130-0081,626,0.02357880520837823,reciprocal_rank_fusion_k=60
171,Q0,WSJ870928-0142,627,0.023578065265904544,reciprocal_rank_fusion_k=60
171,Q0,WSJ871005-0041,628,0.023427939749626897,reciprocal_rank_fusion_k=60
171,Q0,WSJ880921-0002,629,0.023407138242524623,reciprocal_rank_fusion_k=60
171,Q0,WSJ920313-0126,630,0.023330172199394154,reciprocal_rank_fusion_k=60
171,Q0,WSJ880415-0008,631,0.023173983048476544,reciprocal_rank_fusion_k=60
171,Q0,AP890209-0248,632,0.02315561680888473,reciprocal_rank_fusion_k=60
171,Q0,WSJ871231-0087,633,0.022986535219222583,reciprocal_rank_fusion_k=60
171,Q0,FR89217-0007,634,0.022984016525402433,reciprocal_rank_fusion_k=60
171,Q0,WSJ910411-0100,635,0.02298057170252057,reciprocal_rank_fusion_k=60
171,Q0,AP880224-0035,636,0.022925450271026247,reciprocal_rank_fusion_k=60
171,Q0,AP890106-0240,637,0.02290593314466443,reciprocal_rank_fusion_k=60
171,Q0,AP880420-0261,638,0.022796210882533686,reciprocal_rank_fusion_k=60
171,Q0,WSJ911220-0041,639,0.022726301739531787,reciprocal_rank_fusion_k=60
171,Q0,WSJ910429-0014,640,0.022705361017247034,reciprocal_rank_fusion_k=60
171,Q0,WSJ881115-0067,641,0.022676589138982732,reciprocal_rank_fusion_k=60
171,Q0,WSJ881108-0138,642,0.022570872097066555,reciprocal_rank_fusion_k=60
171,Q0,AP880526-0259,643,0.02256041741888088,reciprocal_rank_fusion_k=60
171,Q0,WSJ880125-0151,644,0.02254379488107029,reciprocal_rank_fusion_k=60
171,Q0,WSJ900712-0087,645,0.022534863803521397,reciprocal_rank_fusion_k=60
171,Q0,WSJ880113-0105,646,0.022449886928739553,reciprocal_rank_fusion_k=60
171,Q0,WSJ910408-0071,647,0.022445133448976792,reciprocal_rank_fusion_k=60
171,Q0,WSJ870501-0124,648,0.022398078863562643,reciprocal_rank_fusion_k=60
171,Q0,WSJ870511-0077,649,0.022378408828144573,reciprocal_rank_fusion_k=60
171,Q0,FR88216-0009,650,0.02231033428318184,reciprocal_rank_fusion_k=60
171,Q0,WSJ910404-0143,651,0.022310164940921893,reciprocal_rank_fusion_k=60
171,Q0,WSJ910726-0047,652,0.022307490262881997,reciprocal_rank_fusion_k=60
171,Q0,WSJ891027-0127,653,0.022270762603438476,reciprocal_rank_fusion_k=60
171,Q0,WSJ870227-0009,654,0.022259250487652357,reciprocal_rank_fusion_k=60
171,Q0,WSJ920219-0087,655,0.022251740828787572,reciprocal_rank_fusion_k=60
171,Q0,WSJ871113-0128,656,0.02224966076236109,reciprocal_rank_fusion_k=60
171,Q0,WSJ880825-0052,657,0.02221478445434751,reciprocal_rank_fusion_k=60
171,Q0,WSJ920102-0084,658,0.022164738440401285,reciprocal_rank_fusion_k=60
171,Q0,WSJ880325-0131,659,0.022152768417951697,reciprocal_rank_fusion_k=60
171,Q0,WSJ910426-0098,660,0.022147754662683348,reciprocal_rank_fusion_k=60
171,Q0,WSJ890921-0074,661,0.022146042268478175,reciprocal_rank_fusion_k=60
171,Q0,WSJ911007-0128,662,0.022137728296257847,reciprocal_rank_fusion_k=60
171,Q0,WSJ881012-0151,663,0.022108674529947425,reciprocal_rank_fusion_k=60
171,Q0,WSJ870715-0073,664,0.02203949402074188,reciprocal_rank_fusion_k=60
171,Q0,WSJ870112-0076,665,0.021947623807461247,reciprocal_rank_fusion_k=60
171,Q0,WSJ911105-0102,666,0.021891064038149905,reciprocal_rank_fusion_k=60
171,Q0,WSJ911029-0149,667,0.021816111805687793,reciprocal_rank_fusion_k=60
171,Q0,WSJ920211-0166,668,0.021630079525330078,reciprocal_rank_fusion_k=60
171,Q0,WSJ870820-0087,669,0.02162951188017622,reciprocal_rank_fusion_k=60
171,Q0,WSJ910304-0060,670,0.021584002583003074,reciprocal_rank_fusion_k=60
171,Q0,WSJ880815-0029,671,0.02156112302217025,reciprocal_rank_fusion_k=60
171,Q0,WSJ880411-0075,672,0.021551237319675783,reciprocal_rank_fusion_k=60
171,Q0,WSJ920122-0185,673,0.021549190995784583,reciprocal_rank_fusion_k=60
171,Q0,WSJ870406-0059,674,0.021518655886016713,reciprocal_rank_fusion_k=60
171,Q0,ZF109-517-801,675,0.021500785785569534,reciprocal_rank_fusion_k=60
171,Q0,DOE2-29-0710,676,0.021493929519884505,reciprocal_rank_fusion_k=60
171,Q0,WSJ910920-0004,677,0.021487075869383563,reciprocal_rank_fusion_k=60
171,Q0,WSJ881102-0117,678,0.0214836818743599,reciprocal_rank_fusion_k=60
171,Q0,WSJ880923-0164,679,0.02142981559838075,reciprocal_rank_fusion_k=60
171,Q0,WSJ900402-0063,680,0.021367003893147093,reciprocal_rank_fusion_k=60
171,Q0,WSJ861204-0018,681,0.021366624111398485,reciprocal_rank_fusion_k=60
171,Q0,WSJ870417-0098,682,0.021350452451215494,reciprocal_rank_fusion_k=60
171,Q0,WSJ870720-0053,683,0.02121880570579067,reciprocal_rank_fusion_k=60
171,Q0,WSJ920320-0114,684,0.021182451416677354,reciprocal_rank_fusion_k=60
171,Q0,AP890324-0229,685,0.02111252085837129,reciprocal_rank_fusion_k=60
171,Q0,WSJ880502-0067,686,0.021112382296766295,reciprocal_rank_fusion_k=60
171,Q0,WSJ910329-0097,687,0.021086280823640124,reciprocal_rank_fusion_k=60
171,Q0,WSJ920304-0067,688,0.021084270209288145,reciprocal_rank_fusion_k=60
171,Q0,AP890906-0232,689,0.02107204992573524,reciprocal_rank_fusion_k=60
171,Q0,AP891103-0250,690,0.021068119168547582,reciprocal_rank_fusion_k=60
171,Q0,WSJ861215-0088,691,0.021018157270284627,reciprocal_rank_fusion_k=60
171,Q0,WSJ910802-0133,692,0.021017206980708896,reciprocal_rank_fusion_k=60
171,Q0,WSJ910703-0034,693,0.02100950631644197,reciprocal_rank_fusion_k=60
171,Q0,WSJ900628-0049,694,0.020993035338646583,reciprocal_rank_fusion_k=60
171,Q0,WSJ920107-0045,695,0.020989529898047376,reciprocal_rank_fusion_k=60
171,Q0,FR88211-0009,696,0.020985246869779005,reciprocal_rank_fusion_k=60
171,Q0,WSJ900405-0165,697,0.020932347692601775,reciprocal_rank_fusion_k=60
171,Q0,AP890927-0221,698,0.02090970702148973,reciprocal_rank_fusion_k=60
171,Q0,WSJ881005-0149,699,0.020876043316782,reciprocal_rank_fusion_k=60
171,Q0,WSJ880506-0113,700,0.02086201937107392,reciprocal_rank_fusion_k=60
171,Q0,WSJ900417-0056,701,0.020757779307873044,reciprocal_rank_fusion_k=60
171,Q0,WSJ891013-0007,702,0.020746703255225773,reciprocal_rank_fusion_k=60
171,Q0,WSJ880420-0119,703,0.02073252344230802,reciprocal_rank_fusion_k=60
171,Q0,WSJ891020-0016,704,0.02066560281425426,reciprocal_rank_fusion_k=60
171,Q0,WSJ920106-0012,705,0.0206628087082647,reciprocal_rank_fusion_k=60
171,Q0,WSJ881010-0086,706,0.02060989376149417,reciprocal_rank_fusion_k=60
171,Q0,AP880229-0020,707,0.0206092278535543,reciprocal_rank_fusion_k=60
171,Q0,WSJ910423-0041,708,0.020545852677556327,reciprocal_rank_fusion_k=60
171,Q0,AP880331-0026,709,0.02026952706567428,reciprocal_rank_fusion_k=60
171,Q0,WSJ891018-0172,710,0.020215964860054166,reciprocal_rank_fusion_k=60
171,Q0,WSJ891017-0175,711,0.02016959130854398,reciprocal_rank_fusion_k=60
171,Q0,WSJ910618-0153,712,0.020151859810948955,reciprocal_rank_fusion_k=60
171,Q0,WSJ920108-0049,713,0.020064697682197975,reciprocal_rank_fusion_k=60
171,Q0,WSJ900710-0084,714,0.020047577627635132,reciprocal_rank_fusion_k=60
171,Q0,WSJ870605-0097,715,0.020024333351125172,reciprocal_rank_fusion_k=60
171,Q0,WSJ871019-0072,716,0.019973625765505782,reciprocal_rank_fusion_k=60
171,Q0,WSJ870227-0013,717,0.0199670848777993,reciprocal_rank_fusion_k=60
171,Q0,WSJ910315-0088,718,0.019959365425931744,reciprocal_rank_fusion_k=60
171,Q0,WSJ880426-0068,719,0.01992045681385216,reciprocal_rank_fusion_k=60
171,Q0,WSJ900820-0110,720,0.019863458040959268,reciprocal_rank_fusion_k=60
171,Q0,WSJ910204-0117,721,0.019725456269553687,reciprocal_rank_fusion_k=60
171,Q0,AP891103-0273,722,0.019664958120072046,reciprocal_rank_fusion_k=60
171,Q0,WSJ910506-0135,723,0.01961288674809518,reciprocal_rank_fusion_k=60
171,Q0,WSJ920131-0128,724,0.019601325028017216,reciprocal_rank_fusion_k=60
171,Q0,WSJ910207-0062,725,0.019571664106453716,reciprocal_rank_fusion_k=60
171,Q0,WSJ891005-0041,726,0.01954415022107459,reciprocal_rank_fusion_k=60
171,Q0,WSJ910226-0146,727,0.019487394760133055,reciprocal_rank_fusion_k=60
171,Q0,WSJ910805-0121,728,0.019468220592628913,reciprocal_rank_fusion_k=60
171,Q0,AP890109-0295,729,0.01946433055634583,reciprocal_rank_fusion_k=60
171,Q0,WSJ910801-0070,730,0.019409207667010413,reciprocal_rank_fusion_k=60
171,Q0,WSJ911003-0065,731,0.019402249142958843,reciprocal_rank_fusion_k=60
171,Q0,AP890330-0230,732,0.019345848525727637,reciprocal_rank_fusion_k=60
171,Q0,WSJ900420-0111,733,0.019341843947522835,reciprocal_rank_fusion_k=60
171,Q0,WSJ881116-0109,734,0.019305733908141838,reciprocal_rank_fusion_k=60
171,Q0,WSJ910823-0165,735,0.01930506888214186,reciprocal_rank_fusion_k=60
171,Q0,WSJ900927-0108,736,0.019249807298071228,reciprocal_rank_fusion_k=60
171,Q0,WSJ920117-0005,737,0.019221539911934236,reciprocal_rank_fusion_k=60
171,Q0,WSJ910613-0050,738,0.019208004589341732,reciprocal_rank_fusion_k=60
171,Q0,WSJ910207-0115,739,0.019190352542843056,reciprocal_rank_fusion_k=60
171,Q0,WSJ871030-0102,740,0.01914284620414156,reciprocal_rank_fusion_k=60
171,Q0,WSJ890816-0120,741,0.01914041230485559,reciprocal_rank_fusion_k=60
171,Q0,FR89108-0081,742,0.01913806254440952,reciprocal_rank_fusion_k=60
171,Q0,WSJ890811-0090,743,0.019108060245306903,reciprocal_rank_fusion_k=60
171,Q0,WSJ881101-0103,744,0.01890185099890644,reciprocal_rank_fusion_k=60
171,Q0,AP890104-0211,745,0.018811745913745424,reciprocal_rank_fusion_k=60
171,Q0,WSJ910117-0074,746,0.018782785921243637,reciprocal_rank_fusion_k=60
171,Q0,WSJ911216-0022,747,0.01878275509403092,reciprocal_rank_fusion_k=60
171,Q0,WSJ910710-0018,748,0.018746568663029758,reciprocal_rank_fusion_k=60
171,Q0,WSJ861201-0015,749,0.018729184105291504,reciprocal_rank_fusion_k=60
171,Q0,WSJ910325-0153,750,0.01865254898725904,reciprocal_rank_fusion_k=60
171,Q0,WSJ911008-0160,751,0.018605032370144034,reciprocal_rank_fusion_k=60
171,Q0,WSJ870415-0066,752,0.018545663421269867,reciprocal_rank_fusion_k=60
171,Q0,FR88211-0122,753,0.01854124018179389,reciprocal_rank_fusion_k=60
171,Q0,WSJ880512-0103,754,0.018493990202033322,reciprocal_rank_fusion_k=60
171,Q0,WSJ910226-0092,755,0.018486229552176152,reciprocal_rank_fusion_k=60
171,Q0,WSJ870520-0131,756,0.018485678249782415,reciprocal_rank_fusion_k=60
171,Q0,WSJ880913-0072,757,0.018478554182353127,reciprocal_rank_fusion_k=60
171,Q0,WSJ900423-0061,758,0.01847674783553878,reciprocal_rank_fusion_k=60
171,Q0,AP880325-0272,759,0.01846231192340454,reciprocal_rank_fusion_k=60
171,Q0,WSJ920219-0048,760,0.018447368335483896,reciprocal_rank_fusion_k=60
171,Q0,DOE2-29-0189,761,0.01842298219967268,reciprocal_rank_fusion_k=60
171,Q0,WSJ900723-0084,762,0.018416926894023564,reciprocal_rank_fusion_k=60
171,Q0,FR89329-0117,763,0.018384671848491616,reciprocal_rank_fusion_k=60
171,Q0,WSJ880711-0085,764,0.018340431928193793,reciprocal_rank_fusion_k=60
171,Q0,WSJ900716-0083,765,0.018287759003193137,reciprocal_rank_fusion_k=60
171,Q0,WSJ870223-0011,766,0.018275418653428698,reciprocal_rank_fusion_k=60
171,Q0,AP890712-0194,767,0.018253484760067804,reciprocal_rank_fusion_k=60
171,Q0,WSJ880429-0003,768,0.01820622865094786,reciprocal_rank_fusion_k=60
171,Q0,WSJ900504-0040,769,0.01819694091666132,reciprocal_rank_fusion_k=60
171,Q0,WSJ880411-0002,770,0.01812792320714824,reciprocal_rank_fusion_k=60
171,Q0,FR88816-0094,771,0.01811991295280148,reciprocal_rank_fusion_k=60
171,Q0,WSJ911202-0103,772,0.018113924940101805,reciprocal_rank_fusion_k=60
171,Q0,WSJ871211-0164,773,0.018100160132633002,reciprocal_rank_fusion_k=60
171,Q0,WSJ910515-0094,774,0.018088581133138697,reciprocal_rank_fusion_k=60
171,Q0,WSJ891009-0036,775,0.01806475661600668,reciprocal_rank_fusion_k=60
171,Q0,AP890913-0045,776,0.01804347784588407,reciprocal_rank_fusion_k=60
171,Q0,WSJ900613-0155,777,0.01798087071391956,reciprocal_rank_fusion_k=60
171,Q0,AP880502-0084,778,0.01795689223495133,reciprocal_rank_fusion_k=60
171,Q0,WSJ870320-0193,779,0.01794483216687189,reciprocal_rank_fusion_k=60
171,Q0,WSJ870102-0033,780,0.01788426162398812,reciprocal_rank_fusion_k=60
171,Q0,WSJ911121-0040,781,0.017838674254235347,reciprocal_rank_fusion_k=60
171,Q0,WSJ910712-0152,782,0.01781680121071847,reciprocal_rank_fusion_k=60
171,Q0,WSJ911101-0103,783,0.017744277560529764,reciprocal_rank_fusion_k=60
171,Q0,WSJ891102-0070,784,0.01761935269276476,reciprocal_rank_fusion_k=60
171,Q0,WSJ910812-0060,785,0.017582080830573645,reciprocal_rank_fusion_k=60
171,Q0,AP890413-0268,786,0.017579888296672928,reciprocal_rank_fusion_k=60
171,Q0,WSJ871106-0069,787,0.017576568431003456,reciprocal_rank_fusion_k=60
171,Q0,AP890427-0284,788,0.01756667294836218,reciprocal_rank_fusion_k=60
171,Q0,WSJ870409-0170,789,0.017562803172176362,reciprocal_rank_fusion_k=60
171,Q0,WSJ910419-0072,790,0.017551790119751172,reciprocal_rank_fusion_k=60
171,Q0,WSJ880323-0062,791,0.017551438575962114,reciprocal_rank_fusion_k=60
171,Q0,AP891005-0100,792,0.01752873891050903,reciprocal_rank_fusion_k=60
171,Q0,WSJ880111-0124,793,0.017489506355696478,reciprocal_rank_fusion_k=60
171,Q0,WSJ880108-0111,794,0.017386685779522723,reciprocal_rank_fusion_k=60
171,Q0,WSJ920306-0059,795,0.017349706731525024,reciprocal_rank_fusion_k=60
171,Q0,FR89131-0018,796,0.017340167857092748,reciprocal_rank_fusion_k=60
171,Q0,WSJ871023-0108,797,0.017253667423258547,reciprocal_rank_fusion_k=60
171,Q0,WSJ910430-0117,798,0.017232904632423315,reciprocal_rank_fusion_k=60
171,Q0,WSJ880902-0054,799,0.01720897340623994,reciprocal_rank_fusion_k=60
171,Q0,WSJ880819-0081,800,0.017192017894607038,reciprocal_rank_fusion_k=60
171,Q0,WSJ870615-0040,801,0.017186789718116185,reciprocal_rank_fusion_k=60
171,Q0,FR891013-0143,802,0.01714814152882961,reciprocal_rank_fusion_k=60
171,Q0,WSJ920228-0194,803,0.017145134806261793,reciprocal_rank_fusion_k=60
171,Q0,WSJ880219-0138,804,0.01710238381248761,reciprocal_rank_fusion_k=60
171,Q0,WSJ880222-0135,805,0.017070611150104612,reciprocal_rank_fusion_k=60
171,Q0,FR88127-0108,806,0.017067443649539656,reciprocal_rank_fusion_k=60
171,Q0,WSJ910705-0056,807,0.017022643346790163,reciprocal_rank_fusion_k=60
171,Q0,WSJ900517-0108,808,0.017007225139999815,reciprocal_rank_fusion_k=60
171,Q0,FR89227-0078,809,0.016962279122985747,reciprocal_rank_fusion_k=60
171,Q0,WSJ890921-0026,810,0.016952051305932463,reciprocal_rank_fusion_k=60
171,Q0,WSJ911121-0166,811,0.01694178919127806,reciprocal_rank_fusion_k=60
171,Q0,FR89626-0122,812,0.016889508753279804,reciprocal_rank_fusion_k=60
171,Q0,WSJ910228-0094,813,0.016880144839034338,reciprocal_rank_fusion_k=60
171,Q0,WSJ870504-0116,814,0.01686245177955211,reciprocal_rank_fusion_k=60
171,Q0,WSJ910430-0104,815,0.01684323066455987,reciprocal_rank_fusion_k=60
171,Q0,FR88514-0001,816,0.016834177841899837,reciprocal_rank_fusion_k=60
171,Q0,WSJ871110-0162,817,0.016809510242157055,reciprocal_rank_fusion_k=60
171,Q0,AP880710-0016,818,0.01676269194758431,reciprocal_rank_fusion_k=60
171,Q0,WSJ920106-0047,819,0.01675846864428536,reciprocal_rank_fusion_k=60
171,Q0,WSJ910711-0117,820,0.01675061726471146,reciprocal_rank_fusion_k=60
171,Q0,WSJ871020-0012,821,0.016750140935895243,reciprocal_rank_fusion_k=60
171,Q0,FR89227-0079,822,0.016747043610060647,reciprocal_rank_fusion_k=60
171,Q0,WSJ911009-0083,823,0.0166948018816331,reciprocal_rank_fusion_k=60
171,Q0,FR89706-0119,824,0.0166894572902564,reciprocal_rank_fusion_k=60
171,Q0,WSJ890802-0068,825,0.01664089262541335,reciprocal_rank_fusion_k=60
171,Q0,AP881221-0203,826,0.016637253716809186,reciprocal_rank_fusion_k=60
171,Q0,WSJ880224-0094,827,0.01662292342160314,reciprocal_rank_fusion_k=60
171,Q0,WSJ910107-0128,828,0.016603141781613564,reciprocal_rank_fusion_k=60
171,Q0,WSJ870617-0069,829,0.016602773302173513,reciprocal_rank_fusion_k=60
171,Q0,WSJ900919-0057,830,0.016574481403422783,reciprocal_rank_fusion_k=60
171,Q0,WSJ880627-0145,831,0.016551770029629733,reciprocal_rank_fusion_k=60
171,Q0,FR89315-0084,832,0.016550790195540507,reciprocal_rank_fusion_k=60
171,Q0,WSJ911004-0128,833,0.016548029655884644,reciprocal_rank_fusion_k=60
171,Q0,FR88223-0095,834,0.016531606494412036,reciprocal_rank_fusion_k=60
171,Q0,WSJ920214-0145,835,0.016454931869484955,reciprocal_rank_fusion_k=60
171,Q0,WSJ871230-0088,836,0.01643002906196861,reciprocal_rank_fusion_k=60
171,Q0,AP890308-0223,837,0.016410119489172346,reciprocal_rank_fusion_k=60
171,Q0,AP891101-0237,838,0.01637579722227031,reciprocal_rank_fusion_k=60
171,Q0,WSJ870126-0101,839,0.016292306500792716,reciprocal_rank_fusion_k=60
171,Q0,WSJ870716-0012,840,0.016283772709644855,reciprocal_rank_fusion_k=60
171,Q0,WSJ880518-0048,841,0.01626077603074814,reciprocal_rank_fusion_k=60
171,Q0,FR89227-0080,842,0.016234013179611297,reciprocal_rank_fusion_k=60
171,Q0,WSJ910923-0024,843,0.016193464957437544,reciprocal_rank_fusion_k=60
171,Q0,WSJ880205-0043,844,0.016192660771905003,reciprocal_rank_fusion_k=60
171,Q0,WSJ910422-0055,845,0.016171656507943742,reciprocal_rank_fusion_k=60
171,Q0,WSJ910215-0061,846,0.016154344106018636,reciprocal_rank_fusion_k=60
171,Q0,WSJ920305-0139,847,0.016118036963916737,reciprocal_rank_fusion_k=60
171,Q0,AP880711-0023,848,0.016102730829169798,reciprocal_rank_fusion_k=60
171,Q0,WSJ910311-0001,849,0.01601020188377369,reciprocal_rank_fusion_k=60
171,Q0,WSJ910123-0007,850,0.016004427220031425,reciprocal_rank_fusion_k=60
171,Q0,WSJ871104-0077,851,0.015964198293474275,reciprocal_rank_fusion_k=60
171,Q0,WSJ920207-0136,852,0.01595759009448617,reciprocal_rank_fusion_k=60
171,Q0,ZF207-931-266,853,0.015871095121569083,reciprocal_rank_fusion_k=60
171,Q0,DOE1-59-0950,854,0.01586366683906415,reciprocal_rank_fusion_k=60
171,Q0,WSJ880108-0075,855,0.015852700283775212,reciprocal_rank_fusion_k=60
171,Q0,WSJ891002-0093,856,0.015831366018799878,reciprocal_rank_fusion_k=60
171,Q0,AP881019-0227,857,0.015780541914395575,reciprocal_rank_fusion_k=60
171,Q0,WSJ900822-0011,858,0.015691837095852153,reciprocal_rank_fusion_k=60
171,Q0,WSJ870702-0108,859,0.015668753212337287,reciprocal_rank_fusion_k=60
171,Q0,WSJ911002-0084,860,0.015656064144038105,reciprocal_rank_fusion_k=60
171,Q0,WSJ890905-0058,861,0.01564126843338239,reciprocal_rank_fusion_k=60
171,Q0,WSJ910716-0099,862,0.015635980569280533,reciprocal_rank_fusion_k=60
171,Q0,WSJ881028-0165,863,0.01561084243510367,reciprocal_rank_fusion_k=60
171,Q0,WSJ910423-0212,864,0.015570793680356219,reciprocal_rank_fusion_k=60
171,Q0,AP880802-0272,865,0.015556534039080814,reciprocal_rank_fusion_k=60
171,Q0,WSJ890919-0078,866,0.015512720868114812,reciprocal_rank_fusion_k=60
171,Q0,WSJ890921-0016,867,0.015506415311612459,reciprocal_rank_fusion_k=60
171,Q0,WSJ880719-0055,868,0.01550431033678703,reciprocal_rank_fusion_k=60
171,Q0,WSJ900516-0092,869,0.015486038544171521,reciprocal_rank_fusion_k=60
171,Q0,FR89426-0075,870,0.015403991222118529,reciprocal_rank_fusion_k=60
171,Q0,WSJ880412-0006,871,0.015403207816540383,reciprocal_rank_fusion_k=60
171,Q0,FR89130-0096,872,0.015393083983545011,reciprocal_rank_fusion_k=60
171,Q0,WSJ910418-0103,873,0.015389005317251962,reciprocal_rank_fusion_k=60
171,Q0,WSJ910130-0079,874,0.01533494432550836,reciprocal_rank_fusion_k=60
171,Q0,WSJ890918-0054,875,0.015333736439263276,reciprocal_rank_fusion_k=60
171,Q0,WSJ911021-0056,876,0.01533048249117568,reciprocal_rank_fusion_k=60
171,Q0,WSJ870706-0046,877,0.015329540069774106,reciprocal_rank_fusion_k=60
171,Q0,ZF207-348-877,878,0.015309509863822011,reciprocal_rank_fusion_k=60
171,Q0,WSJ910411-0112,879,0.015260903240916637,reciprocal_rank_fusion_k=60
171,Q0,WSJ880908-0073,880,0.015232896244635771,reciprocal_rank_fusion_k=60
171,Q0,WSJ910628-0145,881,0.015198726043728487,reciprocal_rank_fusion_k=60
171,Q0,AP890125-0245,882,0.015167867526825153,reciprocal_rank_fusion_k=60
171,Q0,WSJ881114-0165,883,0.015162889281407958,reciprocal_rank_fusion_k=60
171,Q0,WSJ910131-0057,884,0.015158330691481326,reciprocal_rank_fusion_k=60
171,Q0,ZF108-846-198,885,0.01514618309509963,reciprocal_rank_fusion_k=60
171,Q0,WSJ900622-0060,886,0.015121132590652304,reciprocal_rank_fusion_k=60
171,Q0,WSJ861203-0182,887,0.015088102359961162,reciprocal_rank_fusion_k=60
171,Q0,WSJ870810-0044,888,0.015078963850685044,reciprocal_rank_fusion_k=60
171,Q0,FR891019-0096,889,0.015040780146178743,reciprocal_rank_fusion_k=60
171,Q0,WSJ910605-0045,890,0.015039999174536162,reciprocal_rank_fusion_k=60
171,Q0,WSJ880104-0040,891,0.015038227413663077,reciprocal_rank_fusion_k=60
171,Q0,FR89816-0110,892,0.015016473070807411,reciprocal_rank_fusion_k=60
171,Q0,WSJ910828-0042,893,0.015000926002780319,reciprocal_rank_fusion_k=60
171,Q0,WSJ880210-0003,894,0.014976714768052134,reciprocal_rank_fusion_k=60
171,Q0,ZF107-976-802,895,0.014947621106155837,reciprocal_rank_fusion_k=60
171,Q0,WSJ910724-0077,896,0.014937817989678836,reciprocal_rank_fusion_k=60
171,Q0,AP890705-0176,897,0.014891663591506244,reciprocal_rank_fusion_k=60
171,Q0,WSJ910927-0132,898,0.014848095011284293,reciprocal_rank_fusion_k=60
171,Q0,FR88115-0101,899,0.014780131170108072,reciprocal_rank_fusion_k=60
171,Q0,WSJ871211-0011,900,0.01473716123087726,reciprocal_rank_fusion_k=60
171,Q0,FR89601-0004,901,0.014728850351406395,reciprocal_rank_fusion_k=60
171,Q0,ZF207-321-789,902,0.014672326108479801,reciprocal_rank_fusion_k=60
171,Q0,ZF109-416-355,903,0.01464664142249554,reciprocal_rank_fusion_k=60
171,Q0,WSJ890808-0110,904,0.014566026394452458,reciprocal_rank_fusion_k=60
171,Q0,WSJ910830-0121,905,0.01456073882856316,reciprocal_rank_fusion_k=60
171,Q0,WSJ870807-0107,906,0.01455416985251273,reciprocal_rank_fusion_k=60
171,Q0,WSJ911203-0037,907,0.0145388721721805,reciprocal_rank_fusion_k=60
171,Q0,WSJ871020-0005,908,0.014515369159156412,reciprocal_rank_fusion_k=60
171,Q0,WSJ880926-0065,909,0.014498459227142272,reciprocal_rank_fusion_k=60
171,Q0,WSJ910111-0028,910,0.014491559605999432,reciprocal_rank_fusion_k=60
171,Q0,WSJ871113-0132,911,0.014479012997452797,reciprocal_rank_fusion_k=60
171,Q0,AP881230-0228,912,0.014467300296188102,reciprocal_rank_fusion_k=60
171,Q0,WSJ871021-0064,913,0.014460664249473653,reciprocal_rank_fusion_k=60
171,Q0,FR88913-0151,914,0.014382186520157925,reciprocal_rank_fusion_k=60
171,Q0,AP880219-0253,915,0.014356443756531128,reciprocal_rank_fusion_k=60
171,Q0,AP890320-0024,916,0.014322510005700223,reciprocal_rank_fusion_k=60
171,Q0,WSJ861222-0193,917,0.014319791146463765,reciprocal_rank_fusion_k=60
171,Q0,WSJ900413-0111,918,0.014275051496062839,reciprocal_rank_fusion_k=60
171,Q0,WSJ870227-0039,919,0.01422108954001265,reciprocal_rank_fusion_k=60
171,Q0,FR88616-0007,920,0.014172804359877961,reciprocal_rank_fusion_k=60
171,Q0,WSJ881011-0031,921,0.014156426467919413,reciprocal_rank_fusion_k=60
171,Q0,AP890922-0271,922,0.014149388494817847,reciprocal_rank_fusion_k=60
171,Q0,WSJ920108-0002,923,0.014091922193366992,reciprocal_rank_fusion_k=60
171,Q0,AP890712-0278,924,0.014044471882850086,reciprocal_rank_fusion_k=60
171,Q0,WSJ890908-0086,925,0.014008091575428375,reciprocal_rank_fusion_k=60
171,Q0,WSJ910205-0056,926,0.013989378076451378,reciprocal_rank_fusion_k=60
171,Q0,AP891201-0138,927,0.013980565326991047,reciprocal_rank_fusion_k=60
171,Q0,WSJ910325-0099,928,0.013967845075816674,reciprocal_rank_fusion_k=60
171,Q0,WSJ920123-0107,929,0.013953268299303162,reciprocal_rank_fusion_k=60
171,Q0,WSJ910320-0135,930,0.013933789204151838,reciprocal_rank_fusion_k=60
171,Q0,AP880503-0004,931,0.013905936662511586,reciprocal_rank_fusion_k=60
171,Q0,FR881024-0194,932,0.013903944612884087,reciprocal_rank_fusion_k=60
171,Q0,WSJ910510-0039,933,0.013889115574152575,reciprocal_rank_fusion_k=60
171,Q0,WSJ900716-0040,934,0.01387669816957004,reciprocal_rank_fusion_k=60
171,Q0,WSJ870826-0102,935,0.013851002814318279,reciprocal_rank_fusion_k=60
171,Q0,AP880427-0285,936,0.013829767334964495,reciprocal_rank_fusion_k=60
171,Q0,WSJ920114-0090,937,0.013804064035875308,reciprocal_rank_fusion_k=60
171,Q0,WSJ911003-0087,938,0.013797709580061346,reciprocal_rank_fusion_k=60
171,Q0,WSJ911115-0094,939,0.013765394462686561,reciprocal_rank_fusion_k=60
171,Q0,WSJ890804-0139,940,0.013741464843052319,reciprocal_rank_fusion_k=60
171,Q0,WSJ900620-0057,941,0.013709099956492176,reciprocal_rank_fusion_k=60
171,Q0,AP890802-0226,942,0.013686388170406233,reciprocal_rank_fusion_k=60
171,Q0,WSJ881014-0155,943,0.01364935486000906,reciprocal_rank_fusion_k=60
171,Q0,WSJ870622-0125,944,0.01363166628875664,reciprocal_rank_fusion_k=60
171,Q0,WSJ920317-0103,945,0.01362991475575336,reciprocal_rank_fusion_k=60
171,Q0,WSJ870209-0022,946,0.013626966314177369,reciprocal_rank_fusion_k=60
171,Q0,FR89614-0091,947,0.013615882043925474,reciprocal_rank_fusion_k=60
171,Q0,WSJ900914-0131,948,0.013602716379784073,reciprocal_rank_fusion_k=60
171,Q0,WSJ871030-0028,949,0.0135985513107045,reciprocal_rank_fusion_k=60
171,Q0,WSJ911028-0032,950,0.013574752402258453,reciprocal_rank_fusion_k=60
171,Q0,WSJ871016-0004,951,0.013534039888859876,reciprocal_rank_fusion_k=60
171,Q0,WSJ870107-0056,952,0.013523904059775632,reciprocal_rank_fusion_k=60
171,Q0,WSJ910419-0087,953,0.013519375928907453,reciprocal_rank_fusion_k=60
171,Q0,WSJ890918-0136,954,0.01346522391806747,reciprocal_rank_fusion_k=60
171,Q0,WSJ910116-0088,955,0.013402927677609375,reciprocal_rank_fusion_k=60
171,Q0,FR88830-0111,956,0.013402161483294222,reciprocal_rank_fusion_k=60
171,Q0,WSJ910313-0170,957,0.013396848328509693,reciprocal_rank_fusion_k=60
171,Q0,WSJ910607-0090,958,0.013390429024759228,reciprocal_rank_fusion_k=60
171,Q0,WSJ900904-0094,959,0.013302747911937989,reciprocal_rank_fusion_k=60
171,Q0,WSJ900608-0088,960,0.013302663559497633,reciprocal_rank_fusion_k=60
171,Q0,WSJ911219-0036,961,0.013255580103047664,reciprocal_rank_fusion_k=60
171,Q0,WSJ881024-0092,962,0.013245007628763766,reciprocal_rank_fusion_k=60
171,Q0,FR89130-0077,963,0.013238610503063204,reciprocal_rank_fusion_k=60
171,Q0,AP890926-0272,964,0.013225184615901674,reciprocal_rank_fusion_k=60
171,Q0,WSJ870318-0105,965,0.01320381354550186,reciprocal_rank_fusion_k=60
171,Q0,WSJ920220-0003,966,0.013168407492688964,reciprocal_rank_fusion_k=60
171,Q0,WSJ890821-0136,967,0.01316181448007844,reciprocal_rank_fusion_k=60
171,Q0,WSJ890818-0078,968,0.01315747537001276,reciprocal_rank_fusion_k=60
171,Q0,WSJ861208-0010,969,0.013103883376365123,reciprocal_rank_fusion_k=60
171,Q0,ZF207-245-329,970,0.013088944920029391,reciprocal_rank_fusion_k=60
171,Q0,WSJ900727-0163,971,0.013011346580205085,reciprocal_rank_fusion_k=60
171,Q0,AP890712-0223,972,0.013000857176534342,reciprocal_rank_fusion_k=60
171,Q0,WSJ910530-0153,973,0.01298997326314322,reciprocal_rank_fusion_k=60
171,Q0,FR89726-0092,974,0.012980406425460458,reciprocal_rank_fusion_k=60
171,Q0,WSJ910322-0106,975,0.012958521995007502,reciprocal_rank_fusion_k=60
171,Q0,WSJ910905-0155,976,0.012924847123116574,reciprocal_rank_fusion_k=60
171,Q0,WSJ910308-0020,977,0.01291247954655805,reciprocal_rank_fusion_k=60
171,Q0,WSJ900913-0003,978,0.012901501600537664,reciprocal_rank_fusion_k=60
171,Q0,FR89718-0104,979,0.01285110772634583,reciprocal_rank_fusion_k=60
171,Q0,WSJ890901-0096,980,0.012838123209144464,reciprocal_rank_fusion_k=60
171,Q0,WSJ881012-0066,981,0.012836187372003888,reciprocal_rank_fusion_k=60
171,Q0,WSJ871216-0063,982,0.012824087347543532,reciprocal_rank_fusion_k=60
171,Q0,WSJ890913-0015,983,0.012739771427136457,reciprocal_rank_fusion_k=60
171,Q0,WSJ910814-0038,984,0.01272159555990236,reciprocal_rank_fusion_k=60
171,Q0,WSJ900418-0086,985,0.012718549929784021,reciprocal_rank_fusion_k=60
171,Q0,WSJ900620-0125,986,0.012617784399936207,reciprocal_rank_fusion_k=60
171,Q0,WSJ880504-0137,987,0.012605435814534223,reciprocal_rank_fusion_k=60
171,Q0,WSJ920210-0126,988,0.012603449377851602,reciprocal_rank_fusion_k=60
171,Q0,AP880601-0275,989,0.012567338997359796,reciprocal_rank_fusion_k=60
171,Q0,AP880617-0268,990,0.012551154285613418,reciprocal_rank_fusion_k=60
171,Q0,FR88829-0111,991,0.01254947245000326,reciprocal_rank_fusion_k=60
171,Q0,WSJ891020-0125,992,0.012532046890603641,reciprocal_rank_fusion_k=60
171,Q0,WSJ910212-0117,993,0.012522478611621698,reciprocal_rank_fusion_k=60
171,Q0,WSJ910614-0041,994,0.012432074541868973,reciprocal_rank_fusion_k=60
171,Q0,WSJ920131-0077,995,0.012427334763045262,reciprocal_rank_fusion_k=60
171,Q0,WSJ870319-0053,996,0.012383000606184654,reciprocal_rank_fusion_k=60
171,Q0,WSJ910904-0021,997,0.012375562132614386,reciprocal_rank_fusion_k=60
171,Q0,WSJ920303-0129,998,0.012317593335559165,reciprocal_rank_fusion_k=60
171,Q0,WSJ891020-0173,999,0.012306650253443746,reciprocal_rank_fusion_k=60
171,Q0,WSJ910702-0167,1000,0.012263774900682754,reciprocal_rank_fusion_k=60
173,Q0,AP890109-0107,1,0.26076123247171556,reciprocal_rank_fusion_k=60
173,Q0,WSJ890804-0159,2,0.2606857098744593,reciprocal_rank_fusion_k=60
173,Q0,WSJ870423-0142,3,0.251206120578724,reciprocal_rank_fusion_k=60
173,Q0,AP890914-0237,4,0.25029440523243146,reciprocal_rank_fusion_k=60
173,Q0,WSJ900625-0142,5,0.24718357691782675,reciprocal_rank_fusion_k=60
173,Q0,AP890622-0209,6,0.24166825306162018,reciprocal_rank_fusion_k=60
173,Q0,AP890710-0065,7,0.23875168403560287,reciprocal_rank_fusion_k=60
173,Q0,WSJ890918-0079,8,0.23245822343311143,reciprocal_rank_fusion_k=60
173,Q0,AP890621-0030,9,0.22979670795075333,reciprocal_rank_fusion_k=60
173,Q0,AP880629-0032,10,0.22602845181870196,reciprocal_rank_fusion_k=60
173,Q0,WSJ870625-0069,11,0.21053570226256044,reciprocal_rank_fusion_k=60
173,Q0,WSJ870210-0077,12,0.20363421957835134,reciprocal_rank_fusion_k=60
173,Q0,AP880425-0113,13,0.200201540514696,reciprocal_rank_fusion_k=60
173,Q0,WSJ880309-0100,14,0.1937545541553995,reciprocal_rank_fusion_k=60
173,Q0,AP881109-0027,15,0.1907189212474971,reciprocal_rank_fusion_k=60
173,Q0,WSJ871030-0062,16,0.19054499931812027,reciprocal_rank_fusion_k=60
173,Q0,AP891205-0033,17,0.190518741191654,reciprocal_rank_fusion_k=60
173,Q0,AP880525-0292,18,0.1897046270170803,reciprocal_rank_fusion_k=60
173,Q0,AP891225-0050,19,0.1890123424875575,reciprocal_rank_fusion_k=60
173,Q0,AP890729-0018,20,0.1881708397225249,reciprocal_rank_fusion_k=60
173,Q0,WSJ870807-0097,21,0.1881586355967853,reciprocal_rank_fusion_k=60
173,Q0,WSJ880601-0013,22,0.18679425002910832,reciprocal_rank_fusion_k=60
173,Q0,AP881111-0204,23,0.18409901982333773,reciprocal_rank_fusion_k=60
173,Q0,AP890802-0156,24,0.18219438781331526,reciprocal_rank_fusion_k=60
173,Q0,WSJ880630-0019,25,0.18064570715788578,reciprocal_rank_fusion_k=60
173,Q0,WSJ870209-0086,26,0.1799272314888478,reciprocal_rank_fusion_k=60
173,Q0,WSJ870303-0025,27,0.17526188313219962,reciprocal_rank_fusion_k=60
173,Q0,WSJ920116-0023,28,0.17426444710359817,reciprocal_rank_fusion_k=60
173,Q0,WSJ900411-0093,29,0.17380446793792606,reciprocal_rank_fusion_k=60
173,Q0,WSJ870715-0016,30,0.17314000188979548,reciprocal_rank_fusion_k=60
173,Q0,AP890108-0029,31,0.1726792723963362,reciprocal_rank_fusion_k=60
173,Q0,AP880304-0104,32,0.16957699750010619,reciprocal_rank_fusion_k=60
173,Q0,AP890914-0175,33,0.16834885213879677,reciprocal_rank_fusion_k=60
173,Q0,FR89526-0012,34,0.16825134520356333,reciprocal_rank_fusion_k=60
173,Q0,AP890913-0287,35,0.16531683725145574,reciprocal_rank_fusion_k=60
173,Q0,AP890920-0105,36,0.16403659914902088,reciprocal_rank_fusion_k=60
173,Q0,AP891101-0170,37,0.16399425965648554,reciprocal_rank_fusion_k=60
173,Q0,WSJ900626-0118,38,0.16324206779003245,reciprocal_rank_fusion_k=60
173,Q0,AP890706-0114,39,0.1601698815347029,reciprocal_rank_fusion_k=60
173,Q0,AP891105-0099,40,0.15803591400277384,reciprocal_rank_fusion_k=60
173,Q0,AP880222-0112,41,0.157879667065555,reciprocal_rank_fusion_k=60
173,Q0,AP890913-0142,42,0.15580110126454597,reciprocal_rank_fusion_k=60
173,Q0,WSJ870714-0002,43,0.15345758250507816,reciprocal_rank_fusion_k=60
173,Q0,AP880721-0095,44,0.15221381361607778,reciprocal_rank_fusion_k=60
173,Q0,AP880629-0179,45,0.1511621009810002,reciprocal_rank_fusion_k=60
173,Q0,WSJ880324-0019,46,0.150925505881147,reciprocal_rank_fusion_k=60
173,Q0,WSJ870917-0032,47,0.15045089476457518,reciprocal_rank_fusion_k=60
173,Q0,AP890618-0050,48,0.14841541454869148,reciprocal_rank_fusion_k=60
173,Q0,AP880516-0176,49,0.14824097534014186,reciprocal_rank_fusion_k=60
173,Q0,WSJ880721-0115,50,0.1448008687009607,reciprocal_rank_fusion_k=60
173,Q0,WSJ900919-0077,51,0.14469055369640008,reciprocal_rank_fusion_k=60
173,Q0,AP880324-0145,52,0.14416870717118843,reciprocal_rank_fusion_k=60
173,Q0,AP890909-0074,53,0.14294489798891236,reciprocal_rank_fusion_k=60
173,Q0,AP890803-0034,54,0.13968258547233697,reciprocal_rank_fusion_k=60
173,Q0,WSJ870130-0145,55,0.13966747568832277,reciprocal_rank_fusion_k=60
173,Q0,WSJ880721-0022,56,0.1395076133199352,reciprocal_rank_fusion_k=60
173,Q0,WSJ880802-0026,57,0.13907620044096025,reciprocal_rank_fusion_k=60
173,Q0,AP880404-0162,58,0.13797618849471538,reciprocal_rank_fusion_k=60
173,Q0,AP880303-0006,59,0.13736450193585004,reciprocal_rank_fusion_k=60
173,Q0,AP881002-0036,60,0.13618370984199726,reciprocal_rank_fusion_k=60
173,Q0,AP880516-0096,61,0.13578920666900302,reciprocal_rank_fusion_k=60
173,Q0,WSJ910718-0089,62,0.13546219532971118,reciprocal_rank_fusion_k=60
173,Q0,AP890914-0257,63,0.13483264263894054,reciprocal_rank_fusion_k=60
173,Q0,AP890307-0195,64,0.13459842956850943,reciprocal_rank_fusion_k=60
173,Q0,AP880421-0303,65,0.13440529580130603,reciprocal_rank_fusion_k=60
173,Q0,FR89815-0047,66,0.13403078410673686,reciprocal_rank_fusion_k=60
173,Q0,AP890530-0139,67,0.13400034926511598,reciprocal_rank_fusion_k=60
173,Q0,AP880301-0217,68,0.1338611610453972,reciprocal_rank_fusion_k=60
173,Q0,AP880709-0007,69,0.13218614610841792,reciprocal_rank_fusion_k=60
173,Q0,WSJ870814-0121,70,0.13213438207988024,reciprocal_rank_fusion_k=60
173,Q0,AP890208-0190,71,0.13087673811859662,reciprocal_rank_fusion_k=60
173,Q0,AP880411-0141,72,0.13054858029521668,reciprocal_rank_fusion_k=60
173,Q0,AP880222-0267,73,0.130278796421394,reciprocal_rank_fusion_k=60
173,Q0,AP890907-0080,74,0.12989240290292306,reciprocal_rank_fusion_k=60
173,Q0,AP880927-0015,75,0.12817962899983087,reciprocal_rank_fusion_k=60
173,Q0,WSJ910605-0010,76,0.12816547020201366,reciprocal_rank_fusion_k=60
173,Q0,WSJ880421-0062,77,0.1271769142608403,reciprocal_rank_fusion_k=60
173,Q0,AP890725-0146,78,0.1260245716686216,reciprocal_rank_fusion_k=60
173,Q0,AP890119-0134,79,0.12564099014968308,reciprocal_rank_fusion_k=60
173,Q0,AP880422-0036,80,0.12540162808758737,reciprocal_rank_fusion_k=60
173,Q0,AP890306-0033,81,0.12509812528418318,reciprocal_rank_fusion_k=60
173,Q0,WSJ870923-0009,82,0.1237846246669514,reciprocal_rank_fusion_k=60
173,Q0,WSJ890803-0029,83,0.12366004061919135,reciprocal_rank_fusion_k=60
173,Q0,AP890803-0210,84,0.12326100414329919,reciprocal_rank_fusion_k=60
173,Q0,WSJ871127-0055,85,0.12323694755145732,reciprocal_rank_fusion_k=60
173,Q0,AP890119-0300,86,0.12192714476555255,reciprocal_rank_fusion_k=60
173,Q0,AP880411-0250,87,0.12191994564847278,reciprocal_rank_fusion_k=60
173,Q0,AP890915-0019,88,0.12133225545784503,reciprocal_rank_fusion_k=60
173,Q0,AP880501-0083,89,0.11942652276695678,reciprocal_rank_fusion_k=60
173,Q0,AP890907-0167,90,0.11865435394155563,reciprocal_rank_fusion_k=60
173,Q0,AP881125-0005,91,0.11845865180594944,reciprocal_rank_fusion_k=60
173,Q0,AP880625-0118,92,0.11797314754408103,reciprocal_rank_fusion_k=60
173,Q0,WSJ900608-0150,93,0.11736957510701544,reciprocal_rank_fusion_k=60
173,Q0,AP890305-0072,94,0.11635721357585116,reciprocal_rank_fusion_k=60
173,Q0,AP880427-0186,95,0.11611039715986479,reciprocal_rank_fusion_k=60
173,Q0,AP891110-0021,96,0.11559048936626805,reciprocal_rank_fusion_k=60
173,Q0,WSJ880531-0036,97,0.1135747752741771,reciprocal_rank_fusion_k=60
173,Q0,AP880724-0046,98,0.11340928125294204,reciprocal_rank_fusion_k=60
173,Q0,WSJ880513-0093,99,0.11165218569471606,reciprocal_rank_fusion_k=60
173,Q0,WSJ880816-0020,100,0.11155624782433722,reciprocal_rank_fusion_k=60
173,Q0,AP880324-0305,101,0.11053785007786936,reciprocal_rank_fusion_k=60
173,Q0,AP891110-0136,102,0.11037563243228546,reciprocal_rank_fusion_k=60
173,Q0,WSJ870423-0131,103,0.10911518347412842,reciprocal_rank_fusion_k=60
173,Q0,AP880629-0319,104,0.10890454794437483,reciprocal_rank_fusion_k=60
173,Q0,AP890725-0216,105,0.10743912190909333,reciprocal_rank_fusion_k=60
173,Q0,AP880622-0272,106,0.10722534329255556,reciprocal_rank_fusion_k=60
173,Q0,WSJ920115-0027,107,0.10605167313199523,reciprocal_rank_fusion_k=60
173,Q0,AP891016-0298,108,0.10590529215195435,reciprocal_rank_fusion_k=60
173,Q0,WSJ890831-0014,109,0.10573392114432717,reciprocal_rank_fusion_k=60
173,Q0,WSJ880826-0015,110,0.10531296274253302,reciprocal_rank_fusion_k=60
173,Q0,AP880603-0119,111,0.1049441267146781,reciprocal_rank_fusion_k=60
173,Q0,AP880801-0075,112,0.10364750021608292,reciprocal_rank_fusion_k=60
173,Q0,WSJ870303-0163,113,0.10316891218587472,reciprocal_rank_fusion_k=60
173,Q0,AP891017-0022,114,0.10289808973520909,reciprocal_rank_fusion_k=60
173,Q0,AP880728-0105,115,0.1028324894742089,reciprocal_rank_fusion_k=60
173,Q0,WSJ880606-0090,116,0.10223898586287565,reciprocal_rank_fusion_k=60
173,Q0,WSJ870330-0031,117,0.10209404607476179,reciprocal_rank_fusion_k=60
173,Q0,WSJ870305-0022,118,0.10190470255857662,reciprocal_rank_fusion_k=60
173,Q0,AP890330-0213,119,0.10087964091738146,reciprocal_rank_fusion_k=60
173,Q0,WSJ870921-0172,120,0.10045896933134701,reciprocal_rank_fusion_k=60
173,Q0,WSJ890919-0162,121,0.09935801753979231,reciprocal_rank_fusion_k=60
173,Q0,WSJ880406-0014,122,0.09785448693535734,reciprocal_rank_fusion_k=60
173,Q0,AP880603-0173,123,0.09675620321769185,reciprocal_rank_fusion_k=60
173,Q0,AP890110-0009,124,0.09660375770507112,reciprocal_rank_fusion_k=60
173,Q0,WSJ900531-0158,125,0.09603720121018407,reciprocal_rank_fusion_k=60
173,Q0,WSJ871231-0120,126,0.09588214159313971,reciprocal_rank_fusion_k=60
173,Q0,AP880323-0198,127,0.09550555838382115,reciprocal_rank_fusion_k=60
173,Q0,WSJ900612-0099,128,0.09529192241544013,reciprocal_rank_fusion_k=60
173,Q0,WSJ910516-0076,129,0.0945044987771631,reciprocal_rank_fusion_k=60
173,Q0,AP880217-0165,130,0.093935684620819,reciprocal_rank_fusion_k=60
173,Q0,AP891115-0152,131,0.09364589747130714,reciprocal_rank_fusion_k=60
173,Q0,AP881007-0034,132,0.09363549742744856,reciprocal_rank_fusion_k=60
173,Q0,WSJ871224-0036,133,0.09268275217783753,reciprocal_rank_fusion_k=60
173,Q0,AP881109-0201,134,0.09223675709431808,reciprocal_rank_fusion_k=60
173,Q0,WSJ910729-0082,135,0.09176465736460747,reciprocal_rank_fusion_k=60
173,Q0,WSJ870227-0160,136,0.09143686075256074,reciprocal_rank_fusion_k=60
173,Q0,AP880323-0276,137,0.09090240319896394,reciprocal_rank_fusion_k=60
173,Q0,WSJ890908-0088,138,0.09011286626091394,reciprocal_rank_fusion_k=60
173,Q0,AP880502-0104,139,0.08971201115227678,reciprocal_rank_fusion_k=60
173,Q0,WSJ870219-0034,140,0.08931187514763708,reciprocal_rank_fusion_k=60
173,Q0,WSJ861205-0170,141,0.08929415665720639,reciprocal_rank_fusion_k=60
173,Q0,AP890208-0095,142,0.08847449193121917,reciprocal_rank_fusion_k=60
173,Q0,DOE1-34-0148,143,0.08809432476310093,reciprocal_rank_fusion_k=60
173,Q0,AP890719-0265,144,0.08735010735377993,reciprocal_rank_fusion_k=60
173,Q0,WSJ861208-0038,145,0.0872690041157517,reciprocal_rank_fusion_k=60
173,Q0,AP880223-0053,146,0.08673948394524046,reciprocal_rank_fusion_k=60
173,Q0,AP890502-0252,147,0.08566715838513654,reciprocal_rank_fusion_k=60
173,Q0,WSJ910705-0073,148,0.085625007841239,reciprocal_rank_fusion_k=60
173,Q0,AP880713-0136,149,0.08523929031285957,reciprocal_rank_fusion_k=60
173,Q0,AP890221-0019,150,0.08477104097862159,reciprocal_rank_fusion_k=60
173,Q0,WSJ911007-0004,151,0.08463800565885549,reciprocal_rank_fusion_k=60
173,Q0,WSJ880902-0017,152,0.08406460111678848,reciprocal_rank_fusion_k=60
173,Q0,AP891025-0272,153,0.08393215690423673,reciprocal_rank_fusion_k=60
173,Q0,AP890306-0115,154,0.08376655791349637,reciprocal_rank_fusion_k=60
173,Q0,AP880422-0045,155,0.08357091816557106,reciprocal_rank_fusion_k=60
173,Q0,AP880324-0098,156,0.08354555571531798,reciprocal_rank_fusion_k=60
173,Q0,AP880423-0193,157,0.08336164905755489,reciprocal_rank_fusion_k=60
173,Q0,AP890517-0142,158,0.08298885430113476,reciprocal_rank_fusion_k=60
173,Q0,AP880323-0301,159,0.0829482529489967,reciprocal_rank_fusion_k=60
173,Q0,WSJ890915-0031,160,0.08262571285810123,reciprocal_rank_fusion_k=60
173,Q0,AP880422-0305,161,0.08253416548908259,reciprocal_rank_fusion_k=60
173,Q0,WSJ910904-0104,162,0.08247698661618752,reciprocal_rank_fusion_k=60
173,Q0,AP880526-0097,163,0.08240445857766233,reciprocal_rank_fusion_k=60
173,Q0,WSJ900607-0113,164,0.08078757425773837,reciprocal_rank_fusion_k=60
173,Q0,DOE2-51-0909,165,0.07995333628224678,reciprocal_rank_fusion_k=60
173,Q0,AP890207-0107,166,0.07916365770606709,reciprocal_rank_fusion_k=60
173,Q0,AP890603-0027,167,0.07899641143279983,reciprocal_rank_fusion_k=60
173,Q0,WSJ871002-0041,168,0.07870029154191863,reciprocal_rank_fusion_k=60
173,Q0,WSJ861217-0117,169,0.07835423502012512,reciprocal_rank_fusion_k=60
173,Q0,DOE1-33-0581,170,0.07744525070883698,reciprocal_rank_fusion_k=60
173,Q0,AP880423-0126,171,0.07731448374954435,reciprocal_rank_fusion_k=60
173,Q0,AP890122-0067,172,0.07724890201147368,reciprocal_rank_fusion_k=60
173,Q0,AP890729-0143,173,0.07709270817141979,reciprocal_rank_fusion_k=60
173,Q0,WSJ880606-0084,174,0.07681821533585502,reciprocal_rank_fusion_k=60
173,Q0,AP890914-0282,175,0.07644836600990736,reciprocal_rank_fusion_k=60
173,Q0,WSJ880302-0099,176,0.076346504489813,reciprocal_rank_fusion_k=60
173,Q0,WSJ900906-0113,177,0.07584956165372335,reciprocal_rank_fusion_k=60
173,Q0,AP880513-0194,178,0.07566120630525387,reciprocal_rank_fusion_k=60
173,Q0,AP890301-0238,179,0.07538210522292307,reciprocal_rank_fusion_k=60
173,Q0,WSJ861230-0008,180,0.07512254762884348,reciprocal_rank_fusion_k=60
173,Q0,AP880324-0177,181,0.07472470379974486,reciprocal_rank_fusion_k=60
173,Q0,AP881006-0090,182,0.07444587087962537,reciprocal_rank_fusion_k=60
173,Q0,WSJ870511-0123,183,0.07391063437332328,reciprocal_rank_fusion_k=60
173,Q0,AP880329-0044,184,0.07304986616342807,reciprocal_rank_fusion_k=60
173,Q0,AP880725-0066,185,0.07221017881813768,reciprocal_rank_fusion_k=60
173,Q0,AP880502-0069,186,0.07203648639345832,reciprocal_rank_fusion_k=60
173,Q0,AP881026-0220,187,0.07190304852975037,reciprocal_rank_fusion_k=60
173,Q0,AP880505-0034,188,0.07184378470005129,reciprocal_rank_fusion_k=60
173,Q0,WSJ890804-0034,189,0.07182217946287094,reciprocal_rank_fusion_k=60
173,Q0,AP880303-0163,190,0.07118997092799684,reciprocal_rank_fusion_k=60
173,Q0,WSJ880411-0047,191,0.07058429404738242,reciprocal_rank_fusion_k=60
173,Q0,AP891116-0042,192,0.0702827432026805,reciprocal_rank_fusion_k=60
173,Q0,WSJ870527-0134,193,0.07007939530930452,reciprocal_rank_fusion_k=60
173,Q0,WSJ870723-0055,194,0.06965018435292279,reciprocal_rank_fusion_k=60
173,Q0,AP890316-0106,195,0.069644727594053,reciprocal_rank_fusion_k=60
173,Q0,WSJ880211-0012,196,0.0694203774185605,reciprocal_rank_fusion_k=60
173,Q0,AP891108-0064,197,0.06928106485961158,reciprocal_rank_fusion_k=60
173,Q0,WSJ891017-0056,198,0.06916034798159632,reciprocal_rank_fusion_k=60
173,Q0,WSJ910801-0035,199,0.06904079262573905,reciprocal_rank_fusion_k=60
173,Q0,AP880421-0268,200,0.06857665526832875,reciprocal_rank_fusion_k=60
173,Q0,WSJ890914-0084,201,0.06845969591424572,reciprocal_rank_fusion_k=60
173,Q0,AP881104-0254,202,0.06843524408224391,reciprocal_rank_fusion_k=60
173,Q0,AP880828-0038,203,0.06791573342042713,reciprocal_rank_fusion_k=60
173,Q0,AP890913-0308,204,0.06749446098025627,reciprocal_rank_fusion_k=60
173,Q0,AP881121-0151,205,0.0673755713151988,reciprocal_rank_fusion_k=60
173,Q0,DOE1-34-0149,206,0.06710427278918929,reciprocal_rank_fusion_k=60
173,Q0,AP890105-0255,207,0.0668374838953895,reciprocal_rank_fusion_k=60
173,Q0,AP880919-0011,208,0.06662543974862227,reciprocal_rank_fusion_k=60
173,Q0,AP890728-0298,209,0.06651445575587007,reciprocal_rank_fusion_k=60
173,Q0,AP880514-0036,210,0.06578920518118868,reciprocal_rank_fusion_k=60
173,Q0,AP890731-0220,211,0.06562441018626601,reciprocal_rank_fusion_k=60
173,Q0,WSJ870217-0073,212,0.06557490046073237,reciprocal_rank_fusion_k=60
173,Q0,WSJ870911-0007,213,0.06534206285326563,reciprocal_rank_fusion_k=60
173,Q0,AP880514-0113,214,0.06504192345295774,reciprocal_rank_fusion_k=60
173,Q0,AP880406-0237,215,0.064802010545841,reciprocal_rank_fusion_k=60
173,Q0,AP880521-0203,216,0.0642106920477425,reciprocal_rank_fusion_k=60
173,Q0,AP890308-0038,217,0.06399623318085998,reciprocal_rank_fusion_k=60
173,Q0,AP881226-0137,218,0.06395061709869712,reciprocal_rank_fusion_k=60
173,Q0,WSJ880804-0127,219,0.06369972345358396,reciprocal_rank_fusion_k=60
173,Q0,AP880518-0178,220,0.06326105568299051,reciprocal_rank_fusion_k=60
173,Q0,AP891101-0057,221,0.06282831901645952,reciprocal_rank_fusion_k=60
173,Q0,WSJ900529-0132,222,0.06230587542424594,reciprocal_rank_fusion_k=60
173,Q0,AP880410-0081,223,0.061846888069130836,reciprocal_rank_fusion_k=60
173,Q0,WSJ900612-0127,224,0.061746692081735416,reciprocal_rank_fusion_k=60
173,Q0,WSJ880606-0024,225,0.06165553418573224,reciprocal_rank_fusion_k=60
173,Q0,AP880416-0136,226,0.061171847573095524,reciprocal_rank_fusion_k=60
173,Q0,AP880410-0080,227,0.06114243053502198,reciprocal_rank_fusion_k=60
173,Q0,AP880301-0216,228,0.06105103898992539,reciprocal_rank_fusion_k=60
173,Q0,AP891115-0179,229,0.06102213706292632,reciprocal_rank_fusion_k=60
173,Q0,AP880407-0010,230,0.06097561507193846,reciprocal_rank_fusion_k=60
173,Q0,WSJ890725-0123,231,0.06068948484341607,reciprocal_rank_fusion_k=60
173,Q0,WSJ900607-0039,232,0.0604895489105227,reciprocal_rank_fusion_k=60
173,Q0,AP881109-0112,233,0.060239973197055686,reciprocal_rank_fusion_k=60
173,Q0,AP880422-0320,234,0.06006021235504668,reciprocal_rank_fusion_k=60
173,Q0,WSJ880629-0024,235,0.05986069351226925,reciprocal_rank_fusion_k=60
173,Q0,WSJ880721-0133,236,0.05975471647773101,reciprocal_rank_fusion_k=60
173,Q0,WSJ900524-0066,237,0.05916558923017627,reciprocal_rank_fusion_k=60
173,Q0,WSJ910531-0050,238,0.05912717360596821,reciprocal_rank_fusion_k=60
173,Q0,WSJ900423-0150,239,0.059085332844782755,reciprocal_rank_fusion_k=60
173,Q0,WSJ871202-0095,240,0.059044355510568476,reciprocal_rank_fusion_k=60
173,Q0,AP880513-0096,241,0.058586642292522625,reciprocal_rank_fusion_k=60
173,Q0,AP880407-0163,242,0.05845194885284166,reciprocal_rank_fusion_k=60
173,Q0,WSJ911101-0170,243,0.058337396510056316,reciprocal_rank_fusion_k=60
173,Q0,WSJ880404-0069,244,0.05824475961204146,reciprocal_rank_fusion_k=60
173,Q0,AP881121-0080,245,0.05793535401904745,reciprocal_rank_fusion_k=60
173,Q0,AP890301-0264,246,0.057522329260079656,reciprocal_rank_fusion_k=60
173,Q0,AP881123-0039,247,0.05713863148266963,reciprocal_rank_fusion_k=60
173,Q0,AP890615-0221,248,0.05640732165448136,reciprocal_rank_fusion_k=60
173,Q0,AP880505-0310,249,0.05601850981987967,reciprocal_rank_fusion_k=60
173,Q0,WSJ900606-0038,250,0.05590628535484771,reciprocal_rank_fusion_k=60
173,Q0,WSJ890922-0007,251,0.05547940583761852,reciprocal_rank_fusion_k=60
173,Q0,WSJ920205-0084,252,0.05493813181047697,reciprocal_rank_fusion_k=60
173,Q0,WSJ910815-0083,253,0.05432101030004904,reciprocal_rank_fusion_k=60
173,Q0,WSJ900522-0072,254,0.05405877450249818,reciprocal_rank_fusion_k=60
173,Q0,FR891006-0067,255,0.05398525371341255,reciprocal_rank_fusion_k=60
173,Q0,AP890111-0147,256,0.05380609170978886,reciprocal_rank_fusion_k=60
173,Q0,AP891101-0241,257,0.05376889838452839,reciprocal_rank_fusion_k=60
173,Q0,AP891117-0020,258,0.05354418821292287,reciprocal_rank_fusion_k=60
173,Q0,WSJ880114-0087,259,0.05348802231324942,reciprocal_rank_fusion_k=60
173,Q0,WSJ880616-0147,260,0.053362845618828744,reciprocal_rank_fusion_k=60
173,Q0,AP890913-0281,261,0.053334079233700586,reciprocal_rank_fusion_k=60
173,Q0,WSJ910304-0119,262,0.053102511839750954,reciprocal_rank_fusion_k=60
173,Q0,WSJ881020-0101,263,0.05309739697431167,reciprocal_rank_fusion_k=60
173,Q0,AP890527-0017,264,0.052432283584934104,reciprocal_rank_fusion_k=60
173,Q0,AP880407-0067,265,0.05220453493607841,reciprocal_rank_fusion_k=60
173,Q0,WSJ870420-0033,266,0.05160868776177594,reciprocal_rank_fusion_k=60
173,Q0,AP880423-0069,267,0.051578791180828865,reciprocal_rank_fusion_k=60
173,Q0,AP880629-0292,268,0.05127506545780131,reciprocal_rank_fusion_k=60
173,Q0,AP890928-0031,269,0.051020191822449774,reciprocal_rank_fusion_k=60
173,Q0,WSJ891002-0070,270,0.0503282725476804,reciprocal_rank_fusion_k=60
173,Q0,WSJ920130-0121,271,0.05026683018951894,reciprocal_rank_fusion_k=60
173,Q0,AP890701-0080,272,0.049810770344611364,reciprocal_rank_fusion_k=60
173,Q0,WSJ900517-0073,273,0.04919387913769622,reciprocal_rank_fusion_k=60
173,Q0,AP891116-0095,274,0.049184173815435384,reciprocal_rank_fusion_k=60
173,Q0,AP880722-0144,275,0.04916292858763922,reciprocal_rank_fusion_k=60
173,Q0,AP891103-0277,276,0.049062063535409484,reciprocal_rank_fusion_k=60
173,Q0,AP890208-0179,277,0.04872038469474555,reciprocal_rank_fusion_k=60
173,Q0,AP890127-0120,278,0.04862357756505331,reciprocal_rank_fusion_k=60
173,Q0,WSJ891101-0036,279,0.04837532482994547,reciprocal_rank_fusion_k=60
173,Q0,AP880302-0282,280,0.04836926624468426,reciprocal_rank_fusion_k=60
173,Q0,AP881117-0095,281,0.04813551785195952,reciprocal_rank_fusion_k=60
173,Q0,WSJ880608-0062,282,0.048044930694508804,reciprocal_rank_fusion_k=60
173,Q0,WSJ900503-0007,283,0.047912556815520084,reciprocal_rank_fusion_k=60
173,Q0,AP880701-0038,284,0.047627288477534994,reciprocal_rank_fusion_k=60
173,Q0,AP890421-0273,285,0.04757694074217965,reciprocal_rank_fusion_k=60
173,Q0,WSJ871019-0110,286,0.04752578548395474,reciprocal_rank_fusion_k=60
173,Q0,WSJ891102-0155,287,0.04742999246911122,reciprocal_rank_fusion_k=60
173,Q0,AP880324-0064,288,0.04710255127962719,reciprocal_rank_fusion_k=60
173,Q0,FR881006-0001,289,0.04692604027511647,reciprocal_rank_fusion_k=60
173,Q0,WSJ920108-0092,290,0.04686612445765415,reciprocal_rank_fusion_k=60
173,Q0,AP890111-0041,291,0.04665792332927603,reciprocal_rank_fusion_k=60
173,Q0,AP890922-0163,292,0.0466511793544291,reciprocal_rank_fusion_k=60
173,Q0,AP891101-0272,293,0.04661358312859977,reciprocal_rank_fusion_k=60
173,Q0,WSJ911022-0075,294,0.04657471981362502,reciprocal_rank_fusion_k=60
173,Q0,AP890927-0090,295,0.04654218309459424,reciprocal_rank_fusion_k=60
173,Q0,AP891230-0067,296,0.0464017653554542,reciprocal_rank_fusion_k=60
173,Q0,WSJ880323-0135,297,0.04624425232011278,reciprocal_rank_fusion_k=60
173,Q0,WSJ870324-0095,298,0.04596440401258176,reciprocal_rank_fusion_k=60
173,Q0,WSJ870914-0129,299,0.04595994183749178,reciprocal_rank_fusion_k=60
173,Q0,WSJ881021-0163,300,0.045932456740232816,reciprocal_rank_fusion_k=60
173,Q0,WSJ920310-0111,301,0.045791454326406834,reciprocal_rank_fusion_k=60
173,Q0,WSJ910326-0139,302,0.04577722420270452,reciprocal_rank_fusion_k=60
173,Q0,AP880226-0072,303,0.04559429936518422,reciprocal_rank_fusion_k=60
173,Q0,AP881121-0139,304,0.04558249289311958,reciprocal_rank_fusion_k=60
173,Q0,WSJ880517-0107,305,0.04556332644302456,reciprocal_rank_fusion_k=60
173,Q0,AP890326-0034,306,0.04545699120468094,reciprocal_rank_fusion_k=60
173,Q0,WSJ890804-0015,307,0.0450633904302482,reciprocal_rank_fusion_k=60
173,Q0,WSJ910627-0068,308,0.044975261789112535,reciprocal_rank_fusion_k=60
173,Q0,AP890908-0196,309,0.044839773344552226,reciprocal_rank_fusion_k=60
173,Q0,WSJ910805-0085,310,0.04479301215623058,reciprocal_rank_fusion_k=60
173,Q0,AP880324-0281,311,0.04471714104704327,reciprocal_rank_fusion_k=60
173,Q0,AP890602-0259,312,0.0435135814312527,reciprocal_rank_fusion_k=60
173,Q0,WSJ880527-0011,313,0.043442441129583,reciprocal_rank_fusion_k=60
173,Q0,AP881103-0029,314,0.04341537510088065,reciprocal_rank_fusion_k=60
173,Q0,AP881121-0143,315,0.04337849953545978,reciprocal_rank_fusion_k=60
173,Q0,AP891116-0165,316,0.043305827785021365,reciprocal_rank_fusion_k=60
173,Q0,AP880418-0130,317,0.043091277052569266,reciprocal_rank_fusion_k=60
173,Q0,FR881024-0107,318,0.043064068711968176,reciprocal_rank_fusion_k=60
173,Q0,WSJ900810-0125,319,0.0428775222300897,reciprocal_rank_fusion_k=60
173,Q0,WSJ870429-0123,320,0.042626530057646425,reciprocal_rank_fusion_k=60
173,Q0,AP880215-0182,321,0.04245502029996683,reciprocal_rank_fusion_k=60
173,Q0,FR881102-0011,322,0.04226288398259075,reciprocal_rank_fusion_k=60
173,Q0,WSJ911011-0094,323,0.04200071513761315,reciprocal_rank_fusion_k=60
173,Q0,AP891004-0252,324,0.04187914107507294,reciprocal_rank_fusion_k=60
173,Q0,AP890531-0115,325,0.04176967196824463,reciprocal_rank_fusion_k=60
173,Q0,AP880326-0121,326,0.041595028789163185,reciprocal_rank_fusion_k=60
173,Q0,AP880601-0341,327,0.0415241576281737,reciprocal_rank_fusion_k=60
173,Q0,AP880422-0270,328,0.04144517409288416,reciprocal_rank_fusion_k=60
173,Q0,WSJ880405-0013,329,0.04131298315727164,reciprocal_rank_fusion_k=60
173,Q0,AP890504-0177,330,0.04123260746201636,reciprocal_rank_fusion_k=60
173,Q0,AP881226-0136,331,0.041074590210267825,reciprocal_rank_fusion_k=60
173,Q0,AP880412-0238,332,0.041009793382417475,reciprocal_rank_fusion_k=60
173,Q0,WSJ880720-0077,333,0.04077734237155573,reciprocal_rank_fusion_k=60
173,Q0,AP881116-0053,334,0.040775509385884076,reciprocal_rank_fusion_k=60
173,Q0,WSJ910419-0098,335,0.04064807396018538,reciprocal_rank_fusion_k=60
173,Q0,AP881226-0138,336,0.040639020683863075,reciprocal_rank_fusion_k=60
173,Q0,AP880528-0098,337,0.040529176490213065,reciprocal_rank_fusion_k=60
173,Q0,FR89712-0022,338,0.04022687778213916,reciprocal_rank_fusion_k=60
173,Q0,WSJ910130-0069,339,0.04011955628154596,reciprocal_rank_fusion_k=60
173,Q0,WSJ880615-0002,340,0.040043091085202515,reciprocal_rank_fusion_k=60
173,Q0,WSJ870724-0027,341,0.04000090185246811,reciprocal_rank_fusion_k=60
173,Q0,DOE1-33-0575,342,0.03992464580044861,reciprocal_rank_fusion_k=60
173,Q0,WSJ900621-0122,343,0.039911006397162066,reciprocal_rank_fusion_k=60
173,Q0,AP880628-0298,344,0.03980480293373995,reciprocal_rank_fusion_k=60
173,Q0,AP890701-0104,345,0.0397957075274508,reciprocal_rank_fusion_k=60
173,Q0,WSJ900828-0070,346,0.03979446178680248,reciprocal_rank_fusion_k=60
173,Q0,AP890301-0308,347,0.03976461426078782,reciprocal_rank_fusion_k=60
173,Q0,WSJ880412-0095,348,0.039611373778243655,reciprocal_rank_fusion_k=60
173,Q0,AP880228-0040,349,0.03932554564150432,reciprocal_rank_fusion_k=60
173,Q0,AP880903-0126,350,0.039320229946877804,reciprocal_rank_fusion_k=60
173,Q0,FR881121-0028,351,0.039301533190345954,reciprocal_rank_fusion_k=60
173,Q0,DOE1-33-0550,352,0.03924356630694214,reciprocal_rank_fusion_k=60
173,Q0,WSJ910411-0048,353,0.0392249574325145,reciprocal_rank_fusion_k=60
173,Q0,WSJ881108-0148,354,0.03897129438321805,reciprocal_rank_fusion_k=60
173,Q0,AP890911-0030,355,0.03891364355834034,reciprocal_rank_fusion_k=60
173,Q0,AP880729-0154,356,0.038642247989065244,reciprocal_rank_fusion_k=60
173,Q0,AP880411-0146,357,0.03823701282101627,reciprocal_rank_fusion_k=60
173,Q0,AP890626-0284,358,0.03819216857437776,reciprocal_rank_fusion_k=60
173,Q0,AP880529-0040,359,0.037980663164940386,reciprocal_rank_fusion_k=60
173,Q0,WSJ910301-0067,360,0.03785922916097826,reciprocal_rank_fusion_k=60
173,Q0,AP890908-0058,361,0.037751091555998685,reciprocal_rank_fusion_k=60
173,Q0,AP881107-0029,362,0.037580072067100005,reciprocal_rank_fusion_k=60
173,Q0,WSJ870918-0069,363,0.03753569773227267,reciprocal_rank_fusion_k=60
173,Q0,WSJ910328-0067,364,0.0374570772558756,reciprocal_rank_fusion_k=60
173,Q0,DOE2-47-0841,365,0.037433212021777434,reciprocal_rank_fusion_k=60
173,Q0,AP881102-0249,366,0.03723748798537045,reciprocal_rank_fusion_k=60
173,Q0,AP881103-0231,367,0.03720655182989475,reciprocal_rank_fusion_k=60
173,Q0,WSJ891004-0039,368,0.03711739381319488,reciprocal_rank_fusion_k=60
173,Q0,WSJ880919-0122,369,0.03710458882307186,reciprocal_rank_fusion_k=60
173,Q0,AP881107-0030,370,0.03699812763437774,reciprocal_rank_fusion_k=60
173,Q0,AP880427-0118,371,0.03692433416888014,reciprocal_rank_fusion_k=60
173,Q0,AP890106-0041,372,0.036846025565709546,reciprocal_rank_fusion_k=60
173,Q0,AP880319-0135,373,0.03681912129923893,reciprocal_rank_fusion_k=60
173,Q0,DOE2-42-1187,374,0.0368083378328498,reciprocal_rank_fusion_k=60
173,Q0,WSJ890815-0043,375,0.03658940854733701,reciprocal_rank_fusion_k=60
173,Q0,AP880830-0219,376,0.0364584716735672,reciprocal_rank_fusion_k=60
173,Q0,AP880525-0237,377,0.03621606961894577,reciprocal_rank_fusion_k=60
173,Q0,AP880607-0271,378,0.036043661651106895,reciprocal_rank_fusion_k=60
173,Q0,WSJ900809-0054,379,0.036017125692624,reciprocal_rank_fusion_k=60
173,Q0,AP890524-0159,380,0.035742385255593055,reciprocal_rank_fusion_k=60
173,Q0,WSJ870904-0029,381,0.03561519936706586,reciprocal_rank_fusion_k=60
173,Q0,WSJ910422-0097,382,0.03560670030034084,reciprocal_rank_fusion_k=60
173,Q0,WSJ911008-0111,383,0.03560338141535743,reciprocal_rank_fusion_k=60
173,Q0,AP890612-0142,384,0.03558415280398336,reciprocal_rank_fusion_k=60
173,Q0,FR891102-0034,385,0.03528432556260025,reciprocal_rank_fusion_k=60
173,Q0,WSJ900529-0087,386,0.03521915965205164,reciprocal_rank_fusion_k=60
173,Q0,AP890414-0213,387,0.03509069364066004,reciprocal_rank_fusion_k=60
173,Q0,AP880602-0123,388,0.03472741093572439,reciprocal_rank_fusion_k=60
173,Q0,WSJ920130-0127,389,0.03465340119131775,reciprocal_rank_fusion_k=60
173,Q0,AP880518-0183,390,0.034467844081877926,reciprocal_rank_fusion_k=60
173,Q0,WSJ881103-0129,391,0.034316263233471034,reciprocal_rank_fusion_k=60
173,Q0,AP880611-0076,392,0.03430563915657696,reciprocal_rank_fusion_k=60
173,Q0,AP880701-0078,393,0.03427115636302196,reciprocal_rank_fusion_k=60
173,Q0,AP880614-0052,394,0.03420732100880813,reciprocal_rank_fusion_k=60
173,Q0,AP890302-0077,395,0.034167474061052784,reciprocal_rank_fusion_k=60
173,Q0,AP881108-0036,396,0.03405655781296921,reciprocal_rank_fusion_k=60
173,Q0,WSJ880614-0029,397,0.03383633707074795,reciprocal_rank_fusion_k=60
173,Q0,AP890927-0216,398,0.03377180189528138,reciprocal_rank_fusion_k=60
173,Q0,AP891004-0027,399,0.03373062963026615,reciprocal_rank_fusion_k=60
173,Q0,WSJ880622-0072,400,0.033615623344424604,reciprocal_rank_fusion_k=60
173,Q0,AP880606-0277,401,0.03360735542928525,reciprocal_rank_fusion_k=60
173,Q0,WSJ900717-0132,402,0.03358765786200773,reciprocal_rank_fusion_k=60
173,Q0,AP880615-0288,403,0.03355240092440525,reciprocal_rank_fusion_k=60
173,Q0,WSJ900727-0061,404,0.033551124789595106,reciprocal_rank_fusion_k=60
173,Q0,WSJ920210-0064,405,0.03347222921279384,reciprocal_rank_fusion_k=60
173,Q0,WSJ870416-0005,406,0.03346069047491807,reciprocal_rank_fusion_k=60
173,Q0,WSJ880406-0007,407,0.03330999434636978,reciprocal_rank_fusion_k=60
173,Q0,AP881104-0271,408,0.03317764333717391,reciprocal_rank_fusion_k=60
173,Q0,AP890117-0078,409,0.03310647198362067,reciprocal_rank_fusion_k=60
173,Q0,WSJ900621-0101,410,0.03306364827307849,reciprocal_rank_fusion_k=60
173,Q0,WSJ870209-0008,411,0.033058044926919064,reciprocal_rank_fusion_k=60
173,Q0,AP880516-0160,412,0.033034267973562494,reciprocal_rank_fusion_k=60
173,Q0,WSJ870113-0118,413,0.032879122104390104,reciprocal_rank_fusion_k=60
173,Q0,AP880423-0043,414,0.03286575097829696,reciprocal_rank_fusion_k=60
173,Q0,AP880503-0096,415,0.03284184736791483,reciprocal_rank_fusion_k=60
173,Q0,AP880615-0090,416,0.0326589966174509,reciprocal_rank_fusion_k=60
173,Q0,AP880719-0045,417,0.032628442190509255,reciprocal_rank_fusion_k=60
173,Q0,FR88516-0128,418,0.032539200603403574,reciprocal_rank_fusion_k=60
173,Q0,AP880506-0224,419,0.03242905057333608,reciprocal_rank_fusion_k=60
173,Q0,FR881130-0006,420,0.03228517744654554,reciprocal_rank_fusion_k=60
173,Q0,FR89817-0046,421,0.03223057960496803,reciprocal_rank_fusion_k=60
173,Q0,AP890919-0232,422,0.032114216122673594,reciprocal_rank_fusion_k=60
173,Q0,AP890719-0220,423,0.03211317992384165,reciprocal_rank_fusion_k=60
173,Q0,AP891214-0121,424,0.031979781292588536,reciprocal_rank_fusion_k=60
173,Q0,AP891109-0169,425,0.03166142645036292,reciprocal_rank_fusion_k=60
173,Q0,AP880613-0275,426,0.03151225876219821,reciprocal_rank_fusion_k=60
173,Q0,AP880217-0300,427,0.031500075157059236,reciprocal_rank_fusion_k=60
173,Q0,WSJ891010-0041,428,0.031371991983265735,reciprocal_rank_fusion_k=60
173,Q0,AP890109-0290,429,0.0307636218202486,reciprocal_rank_fusion_k=60
173,Q0,WSJ900628-0158,430,0.03064502399165515,reciprocal_rank_fusion_k=60
173,Q0,WSJ890915-0030,431,0.030437447804156026,reciprocal_rank_fusion_k=60
173,Q0,WSJ890912-0104,432,0.030367117038071365,reciprocal_rank_fusion_k=60
173,Q0,WSJ911211-0032,433,0.030296385716575155,reciprocal_rank_fusion_k=60
173,Q0,AP880619-0033,434,0.030288260442943523,reciprocal_rank_fusion_k=60
173,Q0,AP880526-0143,435,0.030233449087669517,reciprocal_rank_fusion_k=60
173,Q0,WSJ900627-0022,436,0.030128315847706637,reciprocal_rank_fusion_k=60
173,Q0,WSJ880512-0128,437,0.030001555694470133,reciprocal_rank_fusion_k=60
173,Q0,AP880613-0204,438,0.02997421254209222,reciprocal_rank_fusion_k=60
173,Q0,AP891011-0144,439,0.02984621536669836,reciprocal_rank_fusion_k=60
173,Q0,FR88816-0072,440,0.029592730009218405,reciprocal_rank_fusion_k=60
173,Q0,AP890803-0250,441,0.029536756367053045,reciprocal_rank_fusion_k=60
173,Q0,DOE2-09-0883,442,0.029532224005823667,reciprocal_rank_fusion_k=60
173,Q0,AP890928-0195,443,0.029474150939620393,reciprocal_rank_fusion_k=60
173,Q0,FR89313-0007,444,0.029380779119838475,reciprocal_rank_fusion_k=60
173,Q0,ZF207-337-000,445,0.029298915728677495,reciprocal_rank_fusion_k=60
173,Q0,AP880622-0134,446,0.029293320994645666,reciprocal_rank_fusion_k=60
173,Q0,AP880428-0248,447,0.02911318361200582,reciprocal_rank_fusion_k=60
173,Q0,WSJ890731-0082,448,0.029049059366016584,reciprocal_rank_fusion_k=60
173,Q0,FR88514-0001,449,0.028999021467995996,reciprocal_rank_fusion_k=60
173,Q0,WSJ900912-0036,450,0.028995355807506024,reciprocal_rank_fusion_k=60
173,Q0,AP880828-0068,451,0.028973251969877135,reciprocal_rank_fusion_k=60
173,Q0,WSJ920313-0070,452,0.028816012813448755,reciprocal_rank_fusion_k=60
173,Q0,FR881207-0031,453,0.028709242093204416,reciprocal_rank_fusion_k=60
173,Q0,FR88829-0013,454,0.02870689191993898,reciprocal_rank_fusion_k=60
173,Q0,AP880830-0213,455,0.028672175465642113,reciprocal_rank_fusion_k=60
173,Q0,AP881004-0275,456,0.02866988293263319,reciprocal_rank_fusion_k=60
173,Q0,AP880603-0161,457,0.02866410212925223,reciprocal_rank_fusion_k=60
173,Q0,AP880722-0156,458,0.02864959490505818,reciprocal_rank_fusion_k=60
173,Q0,ZF207-246-442,459,0.028460986170573688,reciprocal_rank_fusion_k=60
173,Q0,DOE1-33-0682,460,0.028457185187751692,reciprocal_rank_fusion_k=60
173,Q0,WSJ920124-0041,461,0.028450423697395217,reciprocal_rank_fusion_k=60
173,Q0,AP881125-0088,462,0.028420460809654678,reciprocal_rank_fusion_k=60
173,Q0,WSJ900926-0161,463,0.028219862758003197,reciprocal_rank_fusion_k=60
173,Q0,WSJ891102-0091,464,0.028182519623892652,reciprocal_rank_fusion_k=60
173,Q0,WSJ871028-0090,465,0.028160765427587102,reciprocal_rank_fusion_k=60
173,Q0,DOE1-33-0629,466,0.028068511605661588,reciprocal_rank_fusion_k=60
173,Q0,WSJ880211-0149,467,0.028015014476487663,reciprocal_rank_fusion_k=60
173,Q0,WSJ911118-0059,468,0.02800884346827633,reciprocal_rank_fusion_k=60
173,Q0,FR881021-0017,469,0.027849208897666407,reciprocal_rank_fusion_k=60
173,Q0,WSJ880317-0175,470,0.027819783196441454,reciprocal_rank_fusion_k=60
173,Q0,AP880602-0322,471,0.0277563568435058,reciprocal_rank_fusion_k=60
173,Q0,WSJ900625-0069,472,0.027750670351777126,reciprocal_rank_fusion_k=60
173,Q0,AP891208-0269,473,0.02760986327224671,reciprocal_rank_fusion_k=60
173,Q0,FR881110-0018,474,0.02748950565854822,reciprocal_rank_fusion_k=60
173,Q0,AP890301-0171,475,0.027428512575600295,reciprocal_rank_fusion_k=60
173,Q0,AP890228-0168,476,0.02742767527489737,reciprocal_rank_fusion_k=60
173,Q0,DOE1-43-0873,477,0.027355769612039966,reciprocal_rank_fusion_k=60
173,Q0,WSJ871224-0061,478,0.02732618985644303,reciprocal_rank_fusion_k=60
173,Q0,AP880621-0002,479,0.02729551717626391,reciprocal_rank_fusion_k=60
173,Q0,AP881130-0164,480,0.027289154543870462,reciprocal_rank_fusion_k=60
173,Q0,FR88808-0043,481,0.02726541967354481,reciprocal_rank_fusion_k=60
173,Q0,WSJ880413-0133,482,0.027208885009414666,reciprocal_rank_fusion_k=60
173,Q0,WSJ880422-0094,483,0.0271716495085679,reciprocal_rank_fusion_k=60
173,Q0,AP880409-0096,484,0.027169463819391802,reciprocal_rank_fusion_k=60
173,Q0,WSJ910618-0124,485,0.027164388227148246,reciprocal_rank_fusion_k=60
173,Q0,WSJ880503-0080,486,0.027084741298567746,reciprocal_rank_fusion_k=60
173,Q0,FR89627-0128,487,0.02703906291554769,reciprocal_rank_fusion_k=60
173,Q0,AP890819-0032,488,0.02696487123775238,reciprocal_rank_fusion_k=60
173,Q0,WSJ900824-0051,489,0.02692560121961897,reciprocal_rank_fusion_k=60
173,Q0,FR88830-0013,490,0.02685054314067194,reciprocal_rank_fusion_k=60
173,Q0,AP890418-0066,491,0.026771444166696873,reciprocal_rank_fusion_k=60
173,Q0,AP881115-0085,492,0.02675163147810428,reciprocal_rank_fusion_k=60
173,Q0,FR881121-0046,493,0.026742947597639604,reciprocal_rank_fusion_k=60
173,Q0,AP890714-0015,494,0.026595802311941426,reciprocal_rank_fusion_k=60
173,Q0,FR881024-0194,495,0.026585326552370468,reciprocal_rank_fusion_k=60
173,Q0,WSJ920117-0140,496,0.02651022296799684,reciprocal_rank_fusion_k=60
173,Q0,AP880625-0058,497,0.026457576228770926,reciprocal_rank_fusion_k=60
173,Q0,WSJ871028-0131,498,0.026358220881792068,reciprocal_rank_fusion_k=60
173,Q0,WSJ900607-0107,499,0.02630065659530186,reciprocal_rank_fusion_k=60
173,Q0,WSJ880224-0042,500,0.026262616856748845,reciprocal_rank_fusion_k=60
173,Q0,WSJ871231-0034,501,0.026040441366211683,reciprocal_rank_fusion_k=60
173,Q0,AP890914-0226,502,0.02591967981434471,reciprocal_rank_fusion_k=60
173,Q0,WSJ910614-0135,503,0.025812962225940737,reciprocal_rank_fusion_k=60
173,Q0,AP890627-0129,504,0.02580271775217707,reciprocal_rank_fusion_k=60
173,Q0,DOE1-34-0053,505,0.02572347929264053,reciprocal_rank_fusion_k=60
173,Q0,WSJ880823-0118,506,0.02569830085592554,reciprocal_rank_fusion_k=60
173,Q0,FR88708-0027,507,0.025668749404129054,reciprocal_rank_fusion_k=60
173,Q0,WSJ870513-0165,508,0.025588988996511852,reciprocal_rank_fusion_k=60
173,Q0,FR88907-0036,509,0.02558638223752767,reciprocal_rank_fusion_k=60
173,Q0,AP890628-0007,510,0.025559919568883673,reciprocal_rank_fusion_k=60
173,Q0,AP880312-0142,511,0.025544996402693046,reciprocal_rank_fusion_k=60
173,Q0,AP881115-0195,512,0.02549259095197318,reciprocal_rank_fusion_k=60
173,Q0,AP891012-0141,513,0.02545681468283395,reciprocal_rank_fusion_k=60
173,Q0,WSJ870707-0145,514,0.025410982352700645,reciprocal_rank_fusion_k=60
173,Q0,AP881210-0037,515,0.025246846125150702,reciprocal_rank_fusion_k=60
173,Q0,WSJ880426-0074,516,0.025205118034102175,reciprocal_rank_fusion_k=60
173,Q0,WSJ880706-0150,517,0.025171609406046454,reciprocal_rank_fusion_k=60
173,Q0,WSJ891018-0099,518,0.025016692105834275,reciprocal_rank_fusion_k=60
173,Q0,WSJ880615-0127,519,0.024934314230022694,reciprocal_rank_fusion_k=60
173,Q0,AP880613-0305,520,0.02490575108899973,reciprocal_rank_fusion_k=60
173,Q0,WSJ880404-0013,521,0.024878653151800316,reciprocal_rank_fusion_k=60
173,Q0,AP891108-0036,522,0.02487605972704059,reciprocal_rank_fusion_k=60
173,Q0,DOE1-77-0128,523,0.024827396269200653,reciprocal_rank_fusion_k=60
173,Q0,AP890305-0041,524,0.0247737815780842,reciprocal_rank_fusion_k=60
173,Q0,DOE1-33-0593,525,0.024678003373900786,reciprocal_rank_fusion_k=60
173,Q0,WSJ910614-0146,526,0.024673719580685195,reciprocal_rank_fusion_k=60
173,Q0,AP880425-0274,527,0.024545511718082863,reciprocal_rank_fusion_k=60
173,Q0,AP880912-0210,528,0.024491771172002158,reciprocal_rank_fusion_k=60
173,Q0,AP891215-0016,529,0.02436253830474416,reciprocal_rank_fusion_k=60
173,Q0,AP881103-0046,530,0.02434778150159479,reciprocal_rank_fusion_k=60
173,Q0,AP890703-0011,531,0.024345795501434158,reciprocal_rank_fusion_k=60
173,Q0,WSJ880613-0143,532,0.02433792755229676,reciprocal_rank_fusion_k=60
173,Q0,WSJ920228-0178,533,0.024106396379135097,reciprocal_rank_fusion_k=60
173,Q0,WSJ870917-0055,534,0.024002749198057872,reciprocal_rank_fusion_k=60
173,Q0,AP891110-0211,535,0.023980648621540753,reciprocal_rank_fusion_k=60
173,Q0,AP880503-0171,536,0.023928340369692023,reciprocal_rank_fusion_k=60
173,Q0,FR89817-0045,537,0.023824937971090223,reciprocal_rank_fusion_k=60
173,Q0,WSJ910628-0064,538,0.023817769750766653,reciprocal_rank_fusion_k=60
173,Q0,AP891115-0028,539,0.02378220603327874,reciprocal_rank_fusion_k=60
173,Q0,AP880617-0277,540,0.02373270487424713,reciprocal_rank_fusion_k=60
173,Q0,AP881118-0041,541,0.023727953809090267,reciprocal_rank_fusion_k=60
173,Q0,WSJ910918-0043,542,0.023676980955767642,reciprocal_rank_fusion_k=60
173,Q0,WSJ920212-0018,543,0.0236748232735991,reciprocal_rank_fusion_k=60
173,Q0,AP891110-0196,544,0.02362567253179509,reciprocal_rank_fusion_k=60
173,Q0,WSJ870506-0174,545,0.02353161458747001,reciprocal_rank_fusion_k=60
173,Q0,WSJ891101-0038,546,0.023353114582331042,reciprocal_rank_fusion_k=60
173,Q0,AP880609-0126,547,0.02332990810295648,reciprocal_rank_fusion_k=60
173,Q0,WSJ920324-0102,548,0.023239821574108043,reciprocal_rank_fusion_k=60
173,Q0,WSJ890908-0016,549,0.022979088046000642,reciprocal_rank_fusion_k=60
173,Q0,AP891107-0089,550,0.022950025320222403,reciprocal_rank_fusion_k=60
173,Q0,AP890912-0104,551,0.02294299893844901,reciprocal_rank_fusion_k=60
173,Q0,AP880603-0015,552,0.022891665204043937,reciprocal_rank_fusion_k=60
173,Q0,AP890224-0033,553,0.0228155849388444,reciprocal_rank_fusion_k=60
173,Q0,AP880815-0137,554,0.02281369269483417,reciprocal_rank_fusion_k=60
173,Q0,AP880405-0010,555,0.022797277358869668,reciprocal_rank_fusion_k=60
173,Q0,AP880602-0168,556,0.02276899147491405,reciprocal_rank_fusion_k=60
173,Q0,AP890629-0005,557,0.02271010467812058,reciprocal_rank_fusion_k=60
173,Q0,AP890111-0250,558,0.022625221107843346,reciprocal_rank_fusion_k=60
173,Q0,AP891115-0107,559,0.022569526994162446,reciprocal_rank_fusion_k=60
173,Q0,AP880414-0205,560,0.02244611962488846,reciprocal_rank_fusion_k=60
173,Q0,AP880425-0292,561,0.022420269574820226,reciprocal_rank_fusion_k=60
173,Q0,FR89623-0126,562,0.02230310796135169,reciprocal_rank_fusion_k=60
173,Q0,AP880213-0196,563,0.022099901866257723,reciprocal_rank_fusion_k=60
173,Q0,AP881102-0306,564,0.02203110611402032,reciprocal_rank_fusion_k=60
173,Q0,WSJ870915-0097,565,0.02197314611045758,reciprocal_rank_fusion_k=60
173,Q0,FR88510-0032,566,0.021962915711313584,reciprocal_rank_fusion_k=60
173,Q0,DOE2-76-0416,567,0.021729741220383965,reciprocal_rank_fusion_k=60
173,Q0,AP890729-0046,568,0.02161378797134821,reciprocal_rank_fusion_k=60
173,Q0,AP890123-0081,569,0.021594180069074667,reciprocal_rank_fusion_k=60
173,Q0,WSJ900727-0178,570,0.021551664678552112,reciprocal_rank_fusion_k=60
173,Q0,FR881121-0034,571,0.02154516028895846,reciprocal_rank_fusion_k=60
173,Q0,AP880426-0100,572,0.021536347508002818,reciprocal_rank_fusion_k=60
173,Q0,WSJ880705-0155,573,0.02144220022832999,reciprocal_rank_fusion_k=60
173,Q0,DOE1-33-0679,574,0.021407425886403885,reciprocal_rank_fusion_k=60
173,Q0,DOE1-51-0661,575,0.021241218431545847,reciprocal_rank_fusion_k=60
173,Q0,WSJ910923-0090,576,0.021195040580620383,reciprocal_rank_fusion_k=60
173,Q0,AP880909-0135,577,0.021109714310554643,reciprocal_rank_fusion_k=60
173,Q0,WSJ910624-0148,578,0.020916780799070684,reciprocal_rank_fusion_k=60
173,Q0,FR89421-0120,579,0.02088393450221832,reciprocal_rank_fusion_k=60
173,Q0,AP880614-0047,580,0.020864158446343165,reciprocal_rank_fusion_k=60
173,Q0,AP880906-0161,581,0.020853356397332563,reciprocal_rank_fusion_k=60
173,Q0,AP890609-0253,582,0.020821796093960825,reciprocal_rank_fusion_k=60
173,Q0,FR88504-0037,583,0.02078930247394339,reciprocal_rank_fusion_k=60
173,Q0,AP891108-0157,584,0.020666583764991926,reciprocal_rank_fusion_k=60
173,Q0,AP890301-0035,585,0.0206294973133203,reciprocal_rank_fusion_k=60
173,Q0,AP880304-0079,586,0.020616165946582,reciprocal_rank_fusion_k=60
173,Q0,DOE2-26-0338,587,0.020442098178426054,reciprocal_rank_fusion_k=60
173,Q0,DOE1-55-0779,588,0.020399363363736017,reciprocal_rank_fusion_k=60
173,Q0,AP881109-0298,589,0.02038754443936745,reciprocal_rank_fusion_k=60
173,Q0,AP890314-0155,590,0.0203717550204234,reciprocal_rank_fusion_k=60
173,Q0,AP881109-0041,591,0.02035123983721524,reciprocal_rank_fusion_k=60
173,Q0,WSJ870121-0071,592,0.020285567001537785,reciprocal_rank_fusion_k=60
173,Q0,FR88811-0030,593,0.02027776100633541,reciprocal_rank_fusion_k=60
173,Q0,AP890818-0109,594,0.020248807510832873,reciprocal_rank_fusion_k=60
173,Q0,DOE1-33-0582,595,0.020219813396626166,reciprocal_rank_fusion_k=60
173,Q0,DOE1-77-0177,596,0.020203724528683603,reciprocal_rank_fusion_k=60
173,Q0,DOE2-01-0680,597,0.020203434729620603,reciprocal_rank_fusion_k=60
173,Q0,AP881117-0235,598,0.02014929326335359,reciprocal_rank_fusion_k=60
173,Q0,AP880630-0102,599,0.020136447290377394,reciprocal_rank_fusion_k=60
173,Q0,WSJ910621-0111,600,0.020090453462533745,reciprocal_rank_fusion_k=60
173,Q0,WSJ900807-0070,601,0.020058958237844864,reciprocal_rank_fusion_k=60
173,Q0,DOE2-22-0932,602,0.020031860317769833,reciprocal_rank_fusion_k=60
173,Q0,AP880614-0159,603,0.02001630742579763,reciprocal_rank_fusion_k=60
173,Q0,AP880729-0111,604,0.01995194094547126,reciprocal_rank_fusion_k=60
173,Q0,WSJ920113-0033,605,0.019854933408715122,reciprocal_rank_fusion_k=60
173,Q0,AP890107-0024,606,0.019825519328582876,reciprocal_rank_fusion_k=60
173,Q0,WSJ861217-0004,607,0.019781878117008194,reciprocal_rank_fusion_k=60
173,Q0,AP891030-0061,608,0.019777270477000366,reciprocal_rank_fusion_k=60
173,Q0,AP880821-0031,609,0.019708635686190256,reciprocal_rank_fusion_k=60
173,Q0,WSJ871008-0137,610,0.01968542762649523,reciprocal_rank_fusion_k=60
173,Q0,WSJ881104-0144,611,0.019683900611672533,reciprocal_rank_fusion_k=60
173,Q0,WSJ900914-0139,612,0.01965903222840198,reciprocal_rank_fusion_k=60
173,Q0,AP890910-0040,613,0.019634654485832542,reciprocal_rank_fusion_k=60
173,Q0,WSJ900503-0092,614,0.019610941255527987,reciprocal_rank_fusion_k=60
173,Q0,WSJ911119-0068,615,0.019546517736556312,reciprocal_rank_fusion_k=60
173,Q0,ZF207-427-728,616,0.01953860922047352,reciprocal_rank_fusion_k=60
173,Q0,AP880612-0069,617,0.01952245987928672,reciprocal_rank_fusion_k=60
173,Q0,WSJ871008-0090,618,0.019501555169178474,reciprocal_rank_fusion_k=60
173,Q0,AP880616-0145,619,0.01948241093881752,reciprocal_rank_fusion_k=60
173,Q0,WSJ910425-0136,620,0.019450259377290762,reciprocal_rank_fusion_k=60
173,Q0,AP890405-0131,621,0.019381885975949826,reciprocal_rank_fusion_k=60
173,Q0,AP890615-0233,622,0.01929128655033791,reciprocal_rank_fusion_k=60
173,Q0,FR89313-0037,623,0.01926799464094066,reciprocal_rank_fusion_k=60
173,Q0,AP890612-0251,624,0.019242205693721696,reciprocal_rank_fusion_k=60
173,Q0,FR88922-0017,625,0.0192395406139276,reciprocal_rank_fusion_k=60
173,Q0,FR891127-0013,626,0.01923462370428372,reciprocal_rank_fusion_k=60
173,Q0,DOE2-23-0752,627,0.019185181262384082,reciprocal_rank_fusion_k=60
173,Q0,AP881012-0263,628,0.019170655421251567,reciprocal_rank_fusion_k=60
173,Q0,WSJ870915-0111,629,0.019138403994598496,reciprocal_rank_fusion_k=60
173,Q0,AP890427-0117,630,0.019135187259577587,reciprocal_rank_fusion_k=60
173,Q0,WSJ890810-0106,631,0.019080531411544723,reciprocal_rank_fusion_k=60
173,Q0,AP890516-0223,632,0.019069338709631595,reciprocal_rank_fusion_k=60
173,Q0,AP891206-0032,633,0.019032243630457364,reciprocal_rank_fusion_k=60
173,Q0,WSJ870728-0070,634,0.01899167990954598,reciprocal_rank_fusion_k=60
173,Q0,FR88902-0041,635,0.018946511194046237,reciprocal_rank_fusion_k=60
173,Q0,AP880528-0110,636,0.018934679450832125,reciprocal_rank_fusion_k=60
173,Q0,WSJ900523-0140,637,0.018932631043857007,reciprocal_rank_fusion_k=60
173,Q0,AP880901-0265,638,0.018908831022783967,reciprocal_rank_fusion_k=60
173,Q0,AP881123-0115,639,0.01887530252457517,reciprocal_rank_fusion_k=60
173,Q0,FR881107-0026,640,0.01875610279013423,reciprocal_rank_fusion_k=60
173,Q0,ZF207-213-460,641,0.018737480472337614,reciprocal_rank_fusion_k=60
173,Q0,ZF207-358-712,642,0.018668316647142913,reciprocal_rank_fusion_k=60
173,Q0,DOE1-29-0254,643,0.018642292499532292,reciprocal_rank_fusion_k=60
173,Q0,WSJ870403-0076,644,0.01860767769907619,reciprocal_rank_fusion_k=60
173,Q0,FR88708-0021,645,0.018605336461358226,reciprocal_rank_fusion_k=60
173,Q0,DOE2-83-0599,646,0.018585182430121954,reciprocal_rank_fusion_k=60
173,Q0,FR89307-0019,647,0.018517233145059007,reciprocal_rank_fusion_k=60
173,Q0,WSJ870422-0055,648,0.018511784553968354,reciprocal_rank_fusion_k=60
173,Q0,FR89123-0023,649,0.01840543794182376,reciprocal_rank_fusion_k=60
173,Q0,DOE2-66-0362,650,0.018378648454746998,reciprocal_rank_fusion_k=60
173,Q0,AP880422-0296,651,0.018328015502892436,reciprocal_rank_fusion_k=60
173,Q0,AP881109-0141,652,0.01829537173662423,reciprocal_rank_fusion_k=60
173,Q0,AP880909-0091,653,0.01827756271584896,reciprocal_rank_fusion_k=60
173,Q0,WSJ900416-0087,654,0.018258754199746974,reciprocal_rank_fusion_k=60
173,Q0,AP880904-0065,655,0.018252530511775517,reciprocal_rank_fusion_k=60
173,Q0,AP880831-0172,656,0.018240008233249966,reciprocal_rank_fusion_k=60
173,Q0,AP880311-0004,657,0.018228708612679514,reciprocal_rank_fusion_k=60
173,Q0,WSJ880627-0062,658,0.01821612866895728,reciprocal_rank_fusion_k=60
173,Q0,WSJ871202-0018,659,0.01818140118693118,reciprocal_rank_fusion_k=60
173,Q0,FR89726-0032,660,0.018115635209364028,reciprocal_rank_fusion_k=60
173,Q0,AP891108-0169,661,0.018100373544999028,reciprocal_rank_fusion_k=60
173,Q0,FR89922-0018,662,0.01807467842780095,reciprocal_rank_fusion_k=60
173,Q0,WSJ911010-0103,663,0.01806579028323473,reciprocal_rank_fusion_k=60
173,Q0,AP890913-0222,664,0.018044387205631767,reciprocal_rank_fusion_k=60
173,Q0,DOE1-33-0560,665,0.01801359218354571,reciprocal_rank_fusion_k=60
173,Q0,FR88511-0157,666,0.01794197344080247,reciprocal_rank_fusion_k=60
173,Q0,AP880224-0057,667,0.017711703313616645,reciprocal_rank_fusion_k=60
173,Q0,AP890511-0170,668,0.017707466264692065,reciprocal_rank_fusion_k=60
173,Q0,FR89726-0040,669,0.017682917624474985,reciprocal_rank_fusion_k=60
173,Q0,WSJ880830-0082,670,0.017642270601355987,reciprocal_rank_fusion_k=60
173,Q0,WSJ880908-0096,671,0.017617447604756278,reciprocal_rank_fusion_k=60
173,Q0,WSJ900618-0071,672,0.01760039328574461,reciprocal_rank_fusion_k=60
173,Q0,WSJ880510-0060,673,0.017586374836462484,reciprocal_rank_fusion_k=60
173,Q0,AP880831-0044,674,0.017470091326369085,reciprocal_rank_fusion_k=60
173,Q0,AP880421-0305,675,0.017466230108465246,reciprocal_rank_fusion_k=60
173,Q0,WSJ910808-0052,676,0.017449577284596746,reciprocal_rank_fusion_k=60
173,Q0,AP880226-0066,677,0.017430892380359875,reciprocal_rank_fusion_k=60
173,Q0,WSJ891017-0012,678,0.017417831873623665,reciprocal_rank_fusion_k=60
173,Q0,AP881019-0102,679,0.017416223214274655,reciprocal_rank_fusion_k=60
173,Q0,WSJ900717-0128,680,0.017325777478786972,reciprocal_rank_fusion_k=60
173,Q0,AP880518-0317,681,0.01731393973179973,reciprocal_rank_fusion_k=60
173,Q0,AP890515-0159,682,0.017256826900647053,reciprocal_rank_fusion_k=60
173,Q0,WSJ870317-0086,683,0.01724726891018755,reciprocal_rank_fusion_k=60
173,Q0,AP880611-0158,684,0.01716629445897357,reciprocal_rank_fusion_k=60
173,Q0,WSJ900413-0192,685,0.017150433743240764,reciprocal_rank_fusion_k=60
173,Q0,AP881003-0095,686,0.017123526430946095,reciprocal_rank_fusion_k=60
173,Q0,AP880614-0018,687,0.01706769323072066,reciprocal_rank_fusion_k=60
173,Q0,FR89206-0035,688,0.016963705136488077,reciprocal_rank_fusion_k=60
173,Q0,FR881121-0038,689,0.01694666443265643,reciprocal_rank_fusion_k=60
173,Q0,AP880304-0260,690,0.016946033405553552,reciprocal_rank_fusion_k=60
173,Q0,DOE1-33-0578,691,0.0169401052457206,reciprocal_rank_fusion_k=60
173,Q0,AP880919-0155,692,0.016918488608153762,reciprocal_rank_fusion_k=60
173,Q0,WSJ910625-0115,693,0.016910803170899068,reciprocal_rank_fusion_k=60
173,Q0,ZF207-246-596,694,0.01682045577862251,reciprocal_rank_fusion_k=60
173,Q0,FR891011-0020,695,0.016815920075965437,reciprocal_rank_fusion_k=60
173,Q0,ZF108-334-798,696,0.016814106482589047,reciprocal_rank_fusion_k=60
173,Q0,FR88512-0011,697,0.016802871578865477,reciprocal_rank_fusion_k=60
173,Q0,WSJ880505-0082,698,0.016786837406517915,reciprocal_rank_fusion_k=60
173,Q0,AP881031-0119,699,0.01677884827447975,reciprocal_rank_fusion_k=60
173,Q0,AP880606-0074,700,0.016739266191171564,reciprocal_rank_fusion_k=60
173,Q0,FR89616-0005,701,0.01669323497196391,reciprocal_rank_fusion_k=60
173,Q0,FR881121-0032,702,0.016662467680600618,reciprocal_rank_fusion_k=60
173,Q0,WSJ870512-0026,703,0.0166339180253374,reciprocal_rank_fusion_k=60
173,Q0,FR89404-0122,704,0.016610072793475622,reciprocal_rank_fusion_k=60
173,Q0,FR89927-0112,705,0.01655862914687486,reciprocal_rank_fusion_k=60
173,Q0,WSJ890920-0041,706,0.016522019330100474,reciprocal_rank_fusion_k=60
173,Q0,WSJ880622-0074,707,0.016479107483712747,reciprocal_rank_fusion_k=60
173,Q0,FR89607-0014,708,0.016449476103784787,reciprocal_rank_fusion_k=60
173,Q0,AP880918-0079,709,0.01637611673076402,reciprocal_rank_fusion_k=60
173,Q0,AP891116-0013,710,0.016344477134464266,reciprocal_rank_fusion_k=60
173,Q0,AP890622-0150,711,0.016340926290548664,reciprocal_rank_fusion_k=60
173,Q0,FR89731-0026,712,0.016285734493557077,reciprocal_rank_fusion_k=60
173,Q0,FR88909-0055,713,0.01627664028264922,reciprocal_rank_fusion_k=60
173,Q0,AP890919-0151,714,0.01627231743048714,reciprocal_rank_fusion_k=60
173,Q0,DOE1-55-0529,715,0.016236118025065888,reciprocal_rank_fusion_k=60
173,Q0,DOE1-33-0580,716,0.016087226421077475,reciprocal_rank_fusion_k=60
173,Q0,DOE2-22-0930,717,0.01604516537365989,reciprocal_rank_fusion_k=60
173,Q0,WSJ880401-0043,718,0.016036191162832933,reciprocal_rank_fusion_k=60
173,Q0,ZF109-573-183,719,0.016031862017212236,reciprocal_rank_fusion_k=60
173,Q0,WSJ910314-0144,720,0.016027040887215592,reciprocal_rank_fusion_k=60
173,Q0,WSJ870826-0037,721,0.016024276549470397,reciprocal_rank_fusion_k=60
173,Q0,DOE1-94-0589,722,0.016004900409086385,reciprocal_rank_fusion_k=60
173,Q0,WSJ900405-0043,723,0.015923039489076352,reciprocal_rank_fusion_k=60
173,Q0,FR88506-0019,724,0.015881610975352914,reciprocal_rank_fusion_k=60
173,Q0,WSJ900927-0100,725,0.015831263595201314,reciprocal_rank_fusion_k=60
173,Q0,AP890417-0009,726,0.015809271883405994,reciprocal_rank_fusion_k=60
173,Q0,WSJ871231-0144,727,0.015746321051791544,reciprocal_rank_fusion_k=60
173,Q0,FR881121-0036,728,0.01571458787100212,reciprocal_rank_fusion_k=60
173,Q0,AP890124-0237,729,0.01565488173873841,reciprocal_rank_fusion_k=60
173,Q0,FR88510-0034,730,0.015649719553634513,reciprocal_rank_fusion_k=60
173,Q0,AP890829-0183,731,0.015646817960912957,reciprocal_rank_fusion_k=60
173,Q0,FR88830-0045,732,0.01563169742687727,reciprocal_rank_fusion_k=60
173,Q0,FR88829-0045,733,0.015630205430362542,reciprocal_rank_fusion_k=60
173,Q0,FR89524-0006,734,0.01562977629689793,reciprocal_rank_fusion_k=60
173,Q0,FR89727-0017,735,0.015558908051262005,reciprocal_rank_fusion_k=60
173,Q0,FR88712-0092,736,0.015547281925033837,reciprocal_rank_fusion_k=60
173,Q0,WSJ910508-0104,737,0.015541240759292398,reciprocal_rank_fusion_k=60
173,Q0,DOE1-85-0989,738,0.015440377057573909,reciprocal_rank_fusion_k=60
173,Q0,AP880505-0321,739,0.01540721753311427,reciprocal_rank_fusion_k=60
173,Q0,FR881024-0085,740,0.015390348786169461,reciprocal_rank_fusion_k=60
173,Q0,FR881123-0027,741,0.015378799261603305,reciprocal_rank_fusion_k=60
173,Q0,WSJ890927-0119,742,0.015366654304843061,reciprocal_rank_fusion_k=60
173,Q0,DOE1-24-0277,743,0.015347023032022388,reciprocal_rank_fusion_k=60
173,Q0,WSJ910913-0055,744,0.015302684648431509,reciprocal_rank_fusion_k=60
173,Q0,AP881124-0005,745,0.015292072492580144,reciprocal_rank_fusion_k=60
173,Q0,AP881102-0146,746,0.015277986334883004,reciprocal_rank_fusion_k=60
173,Q0,FR89627-0031,747,0.015045113072123084,reciprocal_rank_fusion_k=60
173,Q0,WSJ890918-0013,748,0.0150386034373358,reciprocal_rank_fusion_k=60
173,Q0,AP881118-0106,749,0.015003381996731718,reciprocal_rank_fusion_k=60
173,Q0,DOE1-42-0455,750,0.014960448284640781,reciprocal_rank_fusion_k=60
173,Q0,AP890118-0260,751,0.014953531290068288,reciprocal_rank_fusion_k=60
173,Q0,FR88512-0113,752,0.014870267651991282,reciprocal_rank_fusion_k=60
173,Q0,FR89119-0111,753,0.014856767905052701,reciprocal_rank_fusion_k=60
173,Q0,WSJ920203-0085,754,0.014833874124980806,reciprocal_rank_fusion_k=60
173,Q0,WSJ880120-0018,755,0.01477741835435626,reciprocal_rank_fusion_k=60
173,Q0,FR891013-0117,756,0.01476449520799025,reciprocal_rank_fusion_k=60
173,Q0,WSJ880831-0135,757,0.014688652150814099,reciprocal_rank_fusion_k=60
173,Q0,WSJ910619-0019,758,0.014679767953394263,reciprocal_rank_fusion_k=60
173,Q0,ZF109-545-325,759,0.014677826099276968,reciprocal_rank_fusion_k=60
173,Q0,WSJ870220-0019,760,0.0146617851880669,reciprocal_rank_fusion_k=60
173,Q0,AP880701-0067,761,0.014647558705103725,reciprocal_rank_fusion_k=60
173,Q0,DOE2-23-0884,762,0.01463650864633521,reciprocal_rank_fusion_k=60
173,Q0,FR88712-0091,763,0.014629211842627164,reciprocal_rank_fusion_k=60
173,Q0,WSJ871218-0003,764,0.014482796549476476,reciprocal_rank_fusion_k=60
173,Q0,WSJ891018-0072,765,0.014455851808349112,reciprocal_rank_fusion_k=60
173,Q0,FR881024-0121,766,0.014443975297652067,reciprocal_rank_fusion_k=60
173,Q0,WSJ880201-0066,767,0.01443159683326059,reciprocal_rank_fusion_k=60
173,Q0,ZF207-229-048,768,0.014349552564838743,reciprocal_rank_fusion_k=60
173,Q0,FR89131-0027,769,0.014340802294363797,reciprocal_rank_fusion_k=60
173,Q0,WSJ880513-0015,770,0.014331181051967803,reciprocal_rank_fusion_k=60
173,Q0,WSJ900906-0001,771,0.014326308385314198,reciprocal_rank_fusion_k=60
173,Q0,AP890106-0070,772,0.014301463755010482,reciprocal_rank_fusion_k=60
173,Q0,WSJ881117-0010,773,0.014296842570582741,reciprocal_rank_fusion_k=60
173,Q0,FR881024-0095,774,0.01424963577731951,reciprocal_rank_fusion_k=60
173,Q0,DOE2-73-0874,775,0.014204296471234439,reciprocal_rank_fusion_k=60
173,Q0,AP890106-0211,776,0.014186628608692528,reciprocal_rank_fusion_k=60
173,Q0,FR89421-0116,777,0.01416558184911881,reciprocal_rank_fusion_k=60
173,Q0,AP890309-0010,778,0.014116425256484533,reciprocal_rank_fusion_k=60
173,Q0,WSJ880426-0061,779,0.014097836272652407,reciprocal_rank_fusion_k=60
173,Q0,AP880510-0285,780,0.014047159311946639,reciprocal_rank_fusion_k=60
173,Q0,WSJ881006-0141,781,0.01404611319970182,reciprocal_rank_fusion_k=60
173,Q0,FR881024-0109,782,0.014040652614567578,reciprocal_rank_fusion_k=60
173,Q0,WSJ900524-0028,783,0.013990778043213777,reciprocal_rank_fusion_k=60
173,Q0,AP880422-0205,784,0.01397143546452568,reciprocal_rank_fusion_k=60
173,Q0,WSJ870720-0004,785,0.01396777754083417,reciprocal_rank_fusion_k=60
173,Q0,AP880223-0194,786,0.013963897998837127,reciprocal_rank_fusion_k=60
173,Q0,FR88516-0042,787,0.013956271317699604,reciprocal_rank_fusion_k=60
173,Q0,FR89512-0052,788,0.013734302760905396,reciprocal_rank_fusion_k=60
173,Q0,WSJ880115-0101,789,0.013717999498641482,reciprocal_rank_fusion_k=60
173,Q0,WSJ911112-0145,790,0.013716050331020331,reciprocal_rank_fusion_k=60
173,Q0,FR88121-0034,791,0.013715057666134069,reciprocal_rank_fusion_k=60
173,Q0,FR89605-0033,792,0.013680449257704801,reciprocal_rank_fusion_k=60
173,Q0,WSJ900703-0150,793,0.0136722676200695,reciprocal_rank_fusion_k=60
173,Q0,DOE2-58-0410,794,0.013659792582413385,reciprocal_rank_fusion_k=60
173,Q0,WSJ870703-0144,795,0.013641587813696305,reciprocal_rank_fusion_k=60
173,Q0,AP880505-0285,796,0.013625015537731084,reciprocal_rank_fusion_k=60
173,Q0,AP890120-0025,797,0.013594264253733517,reciprocal_rank_fusion_k=60
173,Q0,AP890425-0082,798,0.013560466951272996,reciprocal_rank_fusion_k=60
173,Q0,ZF109-597-963,799,0.0135170632753513,reciprocal_rank_fusion_k=60
173,Q0,AP890426-0111,800,0.013493544123817336,reciprocal_rank_fusion_k=60
173,Q0,WSJ870604-0010,801,0.013474419959373166,reciprocal_rank_fusion_k=60
173,Q0,DOE2-35-0406,802,0.013463727619072049,reciprocal_rank_fusion_k=60
173,Q0,WSJ911008-0133,803,0.01344919594285203,reciprocal_rank_fusion_k=60
173,Q0,AP880620-0049,804,0.013412041728129199,reciprocal_rank_fusion_k=60
173,Q0,AP890904-0023,805,0.013367117753974473,reciprocal_rank_fusion_k=60
173,Q0,AP880326-0187,806,0.013338726171746107,reciprocal_rank_fusion_k=60
173,Q0,FR891113-0106,807,0.013332410136228646,reciprocal_rank_fusion_k=60
173,Q0,DOE1-91-0428,808,0.013321963845605717,reciprocal_rank_fusion_k=60
173,Q0,WSJ880908-0150,809,0.01330375908932934,reciprocal_rank_fusion_k=60
173,Q0,WSJ870814-0088,810,0.013298756886655673,reciprocal_rank_fusion_k=60
173,Q0,AP881114-0227,811,0.013278127878823928,reciprocal_rank_fusion_k=60
173,Q0,AP880516-0159,812,0.01326601511107184,reciprocal_rank_fusion_k=60
173,Q0,WSJ870610-0146,813,0.01324640165139776,reciprocal_rank_fusion_k=60
173,Q0,AP880624-0299,814,0.013115672706242438,reciprocal_rank_fusion_k=60
173,Q0,AP881007-0099,815,0.013057938586469045,reciprocal_rank_fusion_k=60
173,Q0,WSJ900831-0078,816,0.013051896183740447,reciprocal_rank_fusion_k=60
173,Q0,DOE1-34-0383,817,0.013037623520781189,reciprocal_rank_fusion_k=60
173,Q0,DOE1-83-1191,818,0.012976935556868394,reciprocal_rank_fusion_k=60
173,Q0,WSJ900716-0134,819,0.01296922395574,reciprocal_rank_fusion_k=60
173,Q0,FR891025-0107,820,0.012927933322016411,reciprocal_rank_fusion_k=60
173,Q0,DOE2-63-0253,821,0.012908180299270097,reciprocal_rank_fusion_k=60
173,Q0,WSJ900823-0104,822,0.01288450565135366,reciprocal_rank_fusion_k=60
173,Q0,AP890707-0162,823,0.012875881473382018,reciprocal_rank_fusion_k=60
173,Q0,DOE1-40-0409,824,0.012863825855569331,reciprocal_rank_fusion_k=60
173,Q0,WSJ871217-0012,825,0.01280506027768486,reciprocal_rank_fusion_k=60
173,Q0,AP890317-0036,826,0.01277433378705782,reciprocal_rank_fusion_k=60
173,Q0,WSJ900507-0111,827,0.012707813998271802,reciprocal_rank_fusion_k=60
173,Q0,DOE1-64-0331,828,0.012691523327051911,reciprocal_rank_fusion_k=60
173,Q0,FR891026-0128,829,0.012652974417770056,reciprocal_rank_fusion_k=60
173,Q0,DOE1-54-0111,830,0.012528037119879112,reciprocal_rank_fusion_k=60
173,Q0,DOE2-66-0725,831,0.012501767511922033,reciprocal_rank_fusion_k=60
173,Q0,FR89406-0115,832,0.012455455824518256,reciprocal_rank_fusion_k=60
173,Q0,AP890201-0027,833,0.012450832838956791,reciprocal_rank_fusion_k=60
173,Q0,WSJ910426-0081,834,0.012433327535188006,reciprocal_rank_fusion_k=60
173,Q0,AP881016-0045,835,0.012419664374178229,reciprocal_rank_fusion_k=60
173,Q0,AP881022-0050,836,0.012418987998796946,reciprocal_rank_fusion_k=60
173,Q0,FR88606-0024,837,0.012394759798115891,reciprocal_rank_fusion_k=60
173,Q0,FR88601-0033,838,0.012394064864167028,reciprocal_rank_fusion_k=60
173,Q0,WSJ911004-0087,839,0.01239383547258941,reciprocal_rank_fusion_k=60
173,Q0,AP890208-0087,840,0.012361906221421599,reciprocal_rank_fusion_k=60
173,Q0,DOE1-75-1232,841,0.012273729580369208,reciprocal_rank_fusion_k=60
173,Q0,FR89626-0137,842,0.012220433688859892,reciprocal_rank_fusion_k=60
173,Q0,FR89526-0011,843,0.012145426521366428,reciprocal_rank_fusion_k=60
173,Q0,AP890929-0220,844,0.012130013217909482,reciprocal_rank_fusion_k=60
173,Q0,AP890716-0024,845,0.012129836233347353,reciprocal_rank_fusion_k=60
173,Q0,WSJ900404-0156,846,0.012093882734321253,reciprocal_rank_fusion_k=60
173,Q0,WSJ880802-0032,847,0.011991499559586368,reciprocal_rank_fusion_k=60
173,Q0,FR88823-0007,848,0.011990866656083803,reciprocal_rank_fusion_k=60
173,Q0,FR88218-0022,849,0.011971610298893714,reciprocal_rank_fusion_k=60
173,Q0,AP880727-0112,850,0.011960783922658627,reciprocal_rank_fusion_k=60
173,Q0,FR89809-0091,851,0.01192853392071551,reciprocal_rank_fusion_k=60
173,Q0,FR88607-0109,852,0.011873835883702846,reciprocal_rank_fusion_k=60
173,Q0,WSJ870811-0138,853,0.011865010322805868,reciprocal_rank_fusion_k=60
173,Q0,DOE1-85-0565,854,0.011829282185610066,reciprocal_rank_fusion_k=60
173,Q0,AP880427-0263,855,0.011827057953515352,reciprocal_rank_fusion_k=60
173,Q0,FR89815-0016,856,0.011815007987725269,reciprocal_rank_fusion_k=60
173,Q0,FR88929-0018,857,0.011814724542007432,reciprocal_rank_fusion_k=60
173,Q0,ZF207-076-096,858,0.011800435242431032,reciprocal_rank_fusion_k=60
173,Q0,WSJ880614-0094,859,0.011765740799308713,reciprocal_rank_fusion_k=60
173,Q0,WSJ861204-0065,860,0.01175874345847061,reciprocal_rank_fusion_k=60
173,Q0,AP891126-0052,861,0.011756281200788274,reciprocal_rank_fusion_k=60
173,Q0,WSJ911211-0008,862,0.01175294915272135,reciprocal_rank_fusion_k=60
173,Q0,FR88829-0023,863,0.011728849365420888,reciprocal_rank_fusion_k=60
173,Q0,WSJ900508-0071,864,0.011674994771531905,reciprocal_rank_fusion_k=60
173,Q0,AP890119-0163,865,0.011643404584964517,reciprocal_rank_fusion_k=60
173,Q0,DOE1-59-0488,866,0.011632554832562899,reciprocal_rank_fusion_k=60
173,Q0,AP880624-0032,867,0.01160980793589126,reciprocal_rank_fusion_k=60
173,Q0,AP880721-0269,868,0.011608352425950487,reciprocal_rank_fusion_k=60
173,Q0,AP880901-0178,869,0.01159605082593796,reciprocal_rank_fusion_k=60
173,Q0,FR89329-0129,870,0.011592683143064948,reciprocal_rank_fusion_k=60
173,Q0,DOE1-49-0711,871,0.011587122691461803,reciprocal_rank_fusion_k=60
173,Q0,WSJ910131-0124,872,0.01158344969555817,reciprocal_rank_fusion_k=60
173,Q0,FR881024-0103,873,0.011573558913805933,reciprocal_rank_fusion_k=60
173,Q0,WSJ880624-0103,874,0.011540898865473761,reciprocal_rank_fusion_k=60
173,Q0,DOE1-33-0566,875,0.0115223782896501,reciprocal_rank_fusion_k=60
173,Q0,AP880422-0251,876,0.011508651087021206,reciprocal_rank_fusion_k=60
173,Q0,FR88126-0109,877,0.011499960094344468,reciprocal_rank_fusion_k=60
173,Q0,WSJ910402-0094,878,0.011499342297993638,reciprocal_rank_fusion_k=60
173,Q0,AP880502-0161,879,0.011471462405143363,reciprocal_rank_fusion_k=60
173,Q0,AP881123-0131,880,0.011457955618132768,reciprocal_rank_fusion_k=60
173,Q0,WSJ880916-0168,881,0.011375773065659412,reciprocal_rank_fusion_k=60
173,Q0,WSJ900618-0087,882,0.011368692691469862,reciprocal_rank_fusion_k=60
173,Q0,DOE1-67-0826,883,0.011356885844688623,reciprocal_rank_fusion_k=60
173,Q0,AP880425-0001,884,0.011341638105533269,reciprocal_rank_fusion_k=60
173,Q0,FR881121-0030,885,0.011305731723319404,reciprocal_rank_fusion_k=60
173,Q0,FR88719-0105,886,0.011300816039746663,reciprocal_rank_fusion_k=60
173,Q0,DOE1-74-0890,887,0.011285111556277391,reciprocal_rank_fusion_k=60
173,Q0,AP881124-0034,888,0.011277580517592424,reciprocal_rank_fusion_k=60
173,Q0,AP881031-0105,889,0.011256681290582916,reciprocal_rank_fusion_k=60
173,Q0,AP880615-0337,890,0.01121796158934817,reciprocal_rank_fusion_k=60
173,Q0,AP890405-0114,891,0.011217370934980682,reciprocal_rank_fusion_k=60
173,Q0,DOE1-54-0133,892,0.011205153223639725,reciprocal_rank_fusion_k=60
173,Q0,AP890223-0138,893,0.011197585574444023,reciprocal_rank_fusion_k=60
173,Q0,FR88830-0023,894,0.011195905888237873,reciprocal_rank_fusion_k=60
173,Q0,WSJ910228-0051,895,0.011185696629932719,reciprocal_rank_fusion_k=60
173,Q0,DOE1-55-0778,896,0.011157710724997617,reciprocal_rank_fusion_k=60
173,Q0,WSJ880804-0121,897,0.011156077071120143,reciprocal_rank_fusion_k=60
173,Q0,AP891103-0037,898,0.011139829136659646,reciprocal_rank_fusion_k=60
173,Q0,WSJ891101-0017,899,0.011137183197681864,reciprocal_rank_fusion_k=60
173,Q0,FR89703-0035,900,0.011090037777867885,reciprocal_rank_fusion_k=60
173,Q0,AP881022-0081,901,0.011059273288993804,reciprocal_rank_fusion_k=60
173,Q0,FR89131-0056,902,0.011032628910950188,reciprocal_rank_fusion_k=60
173,Q0,FR881118-0006,903,0.011024163477691933,reciprocal_rank_fusion_k=60
173,Q0,WSJ900502-0129,904,0.010960786626175927,reciprocal_rank_fusion_k=60
173,Q0,WSJ871127-0122,905,0.010950968531192632,reciprocal_rank_fusion_k=60
173,Q0,AP891022-0064,906,0.01092927984288247,reciprocal_rank_fusion_k=60
173,Q0,WSJ910322-0134,907,0.010911372124830725,reciprocal_rank_fusion_k=60
173,Q0,WSJ880330-0091,908,0.010909980193881261,reciprocal_rank_fusion_k=60
173,Q0,WSJ900711-0111,909,0.010898963376544392,reciprocal_rank_fusion_k=60
173,Q0,AP890317-0219,910,0.010820428837362273,reciprocal_rank_fusion_k=60
173,Q0,AP890710-0206,911,0.010767524938641812,reciprocal_rank_fusion_k=60
173,Q0,DOE1-46-0141,912,0.010740207033434876,reciprocal_rank_fusion_k=60
173,Q0,WSJ891012-0053,913,0.01070464280414464,reciprocal_rank_fusion_k=60
173,Q0,FR89421-0118,914,0.010702824397093403,reciprocal_rank_fusion_k=60
173,Q0,DOE1-77-0169,915,0.01068424882359665,reciprocal_rank_fusion_k=60
173,Q0,AP880727-0245,916,0.01067544685311138,reciprocal_rank_fusion_k=60
173,Q0,FR89201-0083,917,0.010669067421709436,reciprocal_rank_fusion_k=60
173,Q0,FR89124-0018,918,0.010666423815528453,reciprocal_rank_fusion_k=60
173,Q0,AP880722-0258,919,0.010636444053497673,reciprocal_rank_fusion_k=60
173,Q0,WSJ910415-0164,920,0.010620457943310416,reciprocal_rank_fusion_k=60
173,Q0,FR891003-0025,921,0.010609394500651763,reciprocal_rank_fusion_k=60
173,Q0,WSJ880816-0097,922,0.010599415183382248,reciprocal_rank_fusion_k=60
173,Q0,AP880915-0154,923,0.010592761003907976,reciprocal_rank_fusion_k=60
173,Q0,WSJ880531-0116,924,0.010590373549838062,reciprocal_rank_fusion_k=60
173,Q0,WSJ880502-0078,925,0.010526855754931891,reciprocal_rank_fusion_k=60
173,Q0,WSJ870506-0115,926,0.010513931907484906,reciprocal_rank_fusion_k=60
173,Q0,FR88812-0027,927,0.01046777456332651,reciprocal_rank_fusion_k=60
173,Q0,WSJ870123-0030,928,0.010449108839752521,reciprocal_rank_fusion_k=60
173,Q0,WSJ920313-0018,929,0.010439438175081665,reciprocal_rank_fusion_k=60
173,Q0,FR89523-0014,930,0.010437617869068903,reciprocal_rank_fusion_k=60
173,Q0,WSJ880328-0122,931,0.01042499818162847,reciprocal_rank_fusion_k=60
173,Q0,FR89222-0017,932,0.010413890068473859,reciprocal_rank_fusion_k=60
173,Q0,FR89117-0016,933,0.010407893892678138,reciprocal_rank_fusion_k=60
173,Q0,FR89130-0041,934,0.010387576407016813,reciprocal_rank_fusion_k=60
173,Q0,DOE1-33-0574,935,0.010376911391272867,reciprocal_rank_fusion_k=60
173,Q0,FR88511-0168,936,0.010364825331093125,reciprocal_rank_fusion_k=60
173,Q0,FR88122-0018,937,0.010333475864513776,reciprocal_rank_fusion_k=60
173,Q0,DOE2-55-0290,938,0.010303629336526794,reciprocal_rank_fusion_k=60
173,Q0,AP890920-0038,939,0.01028885784637058,reciprocal_rank_fusion_k=60
173,Q0,WSJ900827-0060,940,0.010265046313324398,reciprocal_rank_fusion_k=60
173,Q0,FR881110-0024,941,0.010232154203527622,reciprocal_rank_fusion_k=60
173,Q0,WSJ880909-0170,942,0.010222787038117876,reciprocal_rank_fusion_k=60
173,Q0,AP880611-0028,943,0.0102123132416593,reciprocal_rank_fusion_k=60
173,Q0,WSJ871222-0001,944,0.010206925102058513,reciprocal_rank_fusion_k=60
173,Q0,WSJ900418-0017,945,0.010172889431163002,reciprocal_rank_fusion_k=60
173,Q0,ZF207-210-930,946,0.010153461451812233,reciprocal_rank_fusion_k=60
173,Q0,DOE1-35-1195,947,0.010131242478205606,reciprocal_rank_fusion_k=60
173,Q0,DOE2-57-0350,948,0.010128532567601654,reciprocal_rank_fusion_k=60
173,Q0,WSJ880413-0148,949,0.010116432747559738,reciprocal_rank_fusion_k=60
173,Q0,FR89714-0117,950,0.010115416160743473,reciprocal_rank_fusion_k=60
173,Q0,FR88120-0005,951,0.01010604577953043,reciprocal_rank_fusion_k=60
173,Q0,FR89210-0017,952,0.010044520150321609,reciprocal_rank_fusion_k=60
173,Q0,AP880621-0244,953,0.010042239289444426,reciprocal_rank_fusion_k=60
173,Q0,AP890620-0171,954,0.010038253129386126,reciprocal_rank_fusion_k=60
173,Q0,AP890302-0003,955,0.010036676837771298,reciprocal_rank_fusion_k=60
173,Q0,WSJ881012-0135,956,0.010033136638672467,reciprocal_rank_fusion_k=60
173,Q0,WSJ911022-0179,957,0.010030120206447017,reciprocal_rank_fusion_k=60
173,Q0,WSJ880509-0099,958,0.010027271303744027,reciprocal_rank_fusion_k=60
173,Q0,FR89217-0034,959,0.01001566612564805,reciprocal_rank_fusion_k=60
173,Q0,DOE2-21-0261,960,0.010012092387939032,reciprocal_rank_fusion_k=60
173,Q0,AP890119-0349,961,0.009987237614637217,reciprocal_rank_fusion_k=60
173,Q0,WSJ881005-0142,962,0.009981871427963104,reciprocal_rank_fusion_k=60
173,Q0,AP881114-0001,963,0.009976035129123187,reciprocal_rank_fusion_k=60
173,Q0,WSJ880302-0090,964,0.00997188518971466,reciprocal_rank_fusion_k=60
173,Q0,WSJ911114-0075,965,0.009971863379961112,reciprocal_rank_fusion_k=60
173,Q0,AP881003-0335,966,0.009936753166094643,reciprocal_rank_fusion_k=60
173,Q0,FR88114-0012,967,0.009901371666860701,reciprocal_rank_fusion_k=60
173,Q0,AP890804-0038,968,0.009873406647845617,reciprocal_rank_fusion_k=60
173,Q0,WSJ870430-0147,969,0.009873017748142435,reciprocal_rank_fusion_k=60
173,Q0,AP891102-0028,970,0.009859176995417218,reciprocal_rank_fusion_k=60
173,Q0,DOE2-83-0537,971,0.009851662861472073,reciprocal_rank_fusion_k=60
173,Q0,FR89428-0017,972,0.009835559362094128,reciprocal_rank_fusion_k=60
173,Q0,FR88822-0079,973,0.009818021038215996,reciprocal_rank_fusion_k=60
173,Q0,AP881019-0113,974,0.009811879173370622,reciprocal_rank_fusion_k=60
173,Q0,FR89112-0035,975,0.00980533828696679,reciprocal_rank_fusion_k=60
173,Q0,AP881121-0022,976,0.009792965791674997,reciprocal_rank_fusion_k=60
173,Q0,WSJ870928-0039,977,0.009761989693947242,reciprocal_rank_fusion_k=60
173,Q0,FR881129-0039,978,0.009756053105478871,reciprocal_rank_fusion_k=60
173,Q0,WSJ900427-0150,979,0.009751977347397009,reciprocal_rank_fusion_k=60
173,Q0,AP880407-0029,980,0.00974648517215193,reciprocal_rank_fusion_k=60
173,Q0,AP891122-0024,981,0.009743897342345367,reciprocal_rank_fusion_k=60
173,Q0,FR89424-0010,982,0.009701986828360916,reciprocal_rank_fusion_k=60
173,Q0,FR89407-0078,983,0.009688317809746235,reciprocal_rank_fusion_k=60
173,Q0,FR891018-0010,984,0.009668002084828724,reciprocal_rank_fusion_k=60
173,Q0,AP890512-0040,985,0.009646751107157906,reciprocal_rank_fusion_k=60
173,Q0,FR89717-0015,986,0.009622955980764332,reciprocal_rank_fusion_k=60
173,Q0,FR89324-0021,987,0.009610921458807296,reciprocal_rank_fusion_k=60
173,Q0,WSJ910722-0029,988,0.009598759118192454,reciprocal_rank_fusion_k=60
173,Q0,WSJ880414-0014,989,0.009589501618770452,reciprocal_rank_fusion_k=60
173,Q0,FR88721-0017,990,0.00957729439077686,reciprocal_rank_fusion_k=60
173,Q0,FR89629-0005,991,0.009575123684923892,reciprocal_rank_fusion_k=60
173,Q0,WSJ910311-0107,992,0.009570662071158411,reciprocal_rank_fusion_k=60
173,Q0,AP880623-0030,993,0.009567480556622853,reciprocal_rank_fusion_k=60
173,Q0,WSJ870601-0077,994,0.009560731803168349,reciprocal_rank_fusion_k=60
173,Q0,FR88610-0030,995,0.009550265470722668,reciprocal_rank_fusion_k=60
173,Q0,DOE1-05-1099,996,0.009545734972041394,reciprocal_rank_fusion_k=60
173,Q0,AP880421-0206,997,0.009545399888495579,reciprocal_rank_fusion_k=60
173,Q0,WSJ890929-0137,998,0.009545227715976767,reciprocal_rank_fusion_k=60
173,Q0,FR89106-0008,999,0.009539219028836672,reciprocal_rank_fusion_k=60
173,Q0,WSJ910326-0143,1000,0.009534178030163614,reciprocal_rank_fusion_k=60
179,Q0,AP890808-0196,1,0.23183319581508646,reciprocal_rank_fusion_k=60
179,Q0,WSJ900418-0133,2,0.22128393329215823,reciprocal_rank_fusion_k=60
179,Q0,WSJ910222-0090,3,0.20987873600140072,reciprocal_rank_fusion_k=60
179,Q0,AP890713-0250,4,0.19318601628127569,reciprocal_rank_fusion_k=60
179,Q0,AP880216-0009,5,0.19252790137889517,reciprocal_rank_fusion_k=60
179,Q0,WSJ870624-0143,6,0.18540285670541204,reciprocal_rank_fusion_k=60
179,Q0,WSJ870723-0065,7,0.18521391980711294,reciprocal_rank_fusion_k=60
179,Q0,WSJ890809-0046,8,0.18456386566834984,reciprocal_rank_fusion_k=60
179,Q0,AP880902-0034,9,0.17834470823544224,reciprocal_rank_fusion_k=60
179,Q0,WSJ920221-0074,10,0.17640654182185797,reciprocal_rank_fusion_k=60
179,Q0,ZF207-547-942,11,0.17598031161436656,reciprocal_rank_fusion_k=60
179,Q0,WSJ920227-0093,12,0.16779657025968175,reciprocal_rank_fusion_k=60
179,Q0,WSJ910613-0012,13,0.16542633879214796,reciprocal_rank_fusion_k=60
179,Q0,WSJ870219-0088,14,0.1642328407349565,reciprocal_rank_fusion_k=60
179,Q0,WSJ871110-0098,15,0.1636481570967445,reciprocal_rank_fusion_k=60
179,Q0,WSJ870402-0001,16,0.16346376264097293,reciprocal_rank_fusion_k=60
179,Q0,WSJ870918-0123,17,0.16015994787598467,reciprocal_rank_fusion_k=60
179,Q0,WSJ900622-0097,18,0.1596364106191918,reciprocal_rank_fusion_k=60
179,Q0,WSJ900502-0075,19,0.1588125447149003,reciprocal_rank_fusion_k=60
179,Q0,AP880314-0110,20,0.15677627902077057,reciprocal_rank_fusion_k=60
179,Q0,WSJ900618-0048,21,0.15656649696156305,reciprocal_rank_fusion_k=60
179,Q0,WSJ900912-0078,22,0.1540857610679388,reciprocal_rank_fusion_k=60
179,Q0,WSJ910815-0039,23,0.1516057540243661,reciprocal_rank_fusion_k=60
179,Q0,WSJ870211-0054,24,0.1500853185830406,reciprocal_rank_fusion_k=60
179,Q0,WSJ900418-0050,25,0.14795277038740282,reciprocal_rank_fusion_k=60
179,Q0,WSJ880719-0111,26,0.1452126698334577,reciprocal_rank_fusion_k=60
179,Q0,AP891128-0204,27,0.14408675751863378,reciprocal_rank_fusion_k=60
179,Q0,WSJ880804-0041,28,0.1440837807410901,reciprocal_rank_fusion_k=60
179,Q0,WSJ910628-0184,29,0.14403102664611936,reciprocal_rank_fusion_k=60
179,Q0,WSJ861204-0024,30,0.14184678727687766,reciprocal_rank_fusion_k=60
179,Q0,WSJ861222-0020,31,0.1410570844538166,reciprocal_rank_fusion_k=60
179,Q0,WSJ910703-0040,32,0.140362246073262,reciprocal_rank_fusion_k=60
179,Q0,WSJ880119-0038,33,0.13808007507417835,reciprocal_rank_fusion_k=60
179,Q0,WSJ871020-0138,34,0.13756118566831943,reciprocal_rank_fusion_k=60
179,Q0,WSJ900910-0061,35,0.13316039401667001,reciprocal_rank_fusion_k=60
179,Q0,WSJ880428-0145,36,0.13105382657957027,reciprocal_rank_fusion_k=60
179,Q0,WSJ900822-0111,37,0.13087498541176212,reciprocal_rank_fusion_k=60
179,Q0,WSJ900524-0111,38,0.1304357752535208,reciprocal_rank_fusion_k=60
179,Q0,WSJ891017-0135,39,0.1297174590086037,reciprocal_rank_fusion_k=60
179,Q0,WSJ910409-0096,40,0.12893012812779972,reciprocal_rank_fusion_k=60
179,Q0,AP881019-0258,41,0.12838104341220427,reciprocal_rank_fusion_k=60
179,Q0,WSJ881114-0100,42,0.12695278603683782,reciprocal_rank_fusion_k=60
179,Q0,AP891117-0241,43,0.1261267150767187,reciprocal_rank_fusion_k=60
179,Q0,AP880713-0128,44,0.12388553268898087,reciprocal_rank_fusion_k=60
179,Q0,WSJ900511-0001,45,0.12377195757240365,reciprocal_rank_fusion_k=60
179,Q0,AP880913-0231,46,0.12369446345908916,reciprocal_rank_fusion_k=60
179,Q0,AP880429-0076,47,0.12188072384385201,reciprocal_rank_fusion_k=60
179,Q0,WSJ870512-0150,48,0.12035226095138071,reciprocal_rank_fusion_k=60
179,Q0,WSJ880318-0198,49,0.12024702518963752,reciprocal_rank_fusion_k=60
179,Q0,AP880421-0308,50,0.11892035431339366,reciprocal_rank_fusion_k=60
179,Q0,WSJ920205-0122,51,0.11779429825224713,reciprocal_rank_fusion_k=60
179,Q0,WSJ910430-0131,52,0.1167986542174467,reciprocal_rank_fusion_k=60
179,Q0,WSJ890929-0078,53,0.11487409913997125,reciprocal_rank_fusion_k=60
179,Q0,AP880718-0039,54,0.11388071235242794,reciprocal_rank_fusion_k=60
179,Q0,WSJ871218-0129,55,0.1133207388740315,reciprocal_rank_fusion_k=60
179,Q0,WSJ920121-0083,56,0.1120921625183118,reciprocal_rank_fusion_k=60
179,Q0,WSJ900502-0083,57,0.11196098430638463,reciprocal_rank_fusion_k=60
179,Q0,AP880722-0114,58,0.11170369130752103,reciprocal_rank_fusion_k=60
179,Q0,AP880406-0126,59,0.11167898748542891,reciprocal_rank_fusion_k=60
179,Q0,WSJ870430-0128,60,0.11165888830209576,reciprocal_rank_fusion_k=60
179,Q0,ZF207-133-282,61,0.10992407805643577,reciprocal_rank_fusion_k=60
179,Q0,WSJ900823-0093,62,0.1095930294464458,reciprocal_rank_fusion_k=60
179,Q0,WSJ861204-0162,63,0.1070818332886112,reciprocal_rank_fusion_k=60
179,Q0,WSJ910808-0030,64,0.10542399693068488,reciprocal_rank_fusion_k=60
179,Q0,WSJ880811-0044,65,0.10472387427660981,reciprocal_rank_fusion_k=60
179,Q0,WSJ910411-0054,66,0.10456666582686525,reciprocal_rank_fusion_k=60
179,Q0,WSJ910913-0053,67,0.10430745300906655,reciprocal_rank_fusion_k=60
179,Q0,ZF108-685-202,68,0.10386004165225748,reciprocal_rank_fusion_k=60
179,Q0,WSJ880506-0066,69,0.10376177962500217,reciprocal_rank_fusion_k=60
179,Q0,WSJ891023-0001,70,0.10373903643762253,reciprocal_rank_fusion_k=60
179,Q0,WSJ910913-0087,71,0.10336929042954442,reciprocal_rank_fusion_k=60
179,Q0,AP891012-0299,72,0.10200740750534945,reciprocal_rank_fusion_k=60
179,Q0,WSJ880525-0143,73,0.10125126157635612,reciprocal_rank_fusion_k=60
179,Q0,WSJ881005-0179,74,0.10120042746028309,reciprocal_rank_fusion_k=60
179,Q0,ZF108-797-070,75,0.10060834035859882,reciprocal_rank_fusion_k=60
179,Q0,WSJ861224-0138,76,0.10025817714006201,reciprocal_rank_fusion_k=60
179,Q0,WSJ910318-0144,77,0.09958995498003707,reciprocal_rank_fusion_k=60
179,Q0,WSJ910912-0135,78,0.09914108830018643,reciprocal_rank_fusion_k=60
179,Q0,AP890704-0159,79,0.09912981487837096,reciprocal_rank_fusion_k=60
179,Q0,WSJ910731-0018,80,0.09898936032243073,reciprocal_rank_fusion_k=60
179,Q0,AP891219-0234,81,0.09803663311801028,reciprocal_rank_fusion_k=60
179,Q0,WSJ910319-0056,82,0.09772224065905157,reciprocal_rank_fusion_k=60
179,Q0,WSJ910610-0024,83,0.09727217906925445,reciprocal_rank_fusion_k=60
179,Q0,AP891121-0244,84,0.09725775807188089,reciprocal_rank_fusion_k=60
179,Q0,WSJ880201-0087,85,0.09681817959133178,reciprocal_rank_fusion_k=60
179,Q0,WSJ870803-0155,86,0.09679632266400842,reciprocal_rank_fusion_k=60
179,Q0,WSJ870812-0034,87,0.09670376996856948,reciprocal_rank_fusion_k=60
179,Q0,AP890207-0234,88,0.09556691159955231,reciprocal_rank_fusion_k=60
179,Q0,WSJ880826-0101,89,0.09547142882245245,reciprocal_rank_fusion_k=60
179,Q0,WSJ871222-0101,90,0.0952273084486935,reciprocal_rank_fusion_k=60
179,Q0,WSJ880201-0134,91,0.09482256202925837,reciprocal_rank_fusion_k=60
179,Q0,WSJ880401-0039,92,0.09434545211856281,reciprocal_rank_fusion_k=60
179,Q0,WSJ910731-0032,93,0.09403730541593076,reciprocal_rank_fusion_k=60
179,Q0,WSJ870501-0111,94,0.09365524948022085,reciprocal_rank_fusion_k=60
179,Q0,WSJ900808-0037,95,0.0934483013119093,reciprocal_rank_fusion_k=60
179,Q0,WSJ910206-0052,96,0.09333142341771664,reciprocal_rank_fusion_k=60
179,Q0,ZF109-623-179,97,0.09238346504615479,reciprocal_rank_fusion_k=60
179,Q0,WSJ920313-0076,98,0.09199870660033439,reciprocal_rank_fusion_k=60
179,Q0,WSJ880706-0062,99,0.0914860504436447,reciprocal_rank_fusion_k=60
179,Q0,AP880802-0139,100,0.09146404972910306,reciprocal_rank_fusion_k=60
179,Q0,AP880324-0193,101,0.09137347135459101,reciprocal_rank_fusion_k=60
179,Q0,WSJ890929-0024,102,0.09087330678584928,reciprocal_rank_fusion_k=60
179,Q0,WSJ870921-0057,103,0.09084671560473326,reciprocal_rank_fusion_k=60
179,Q0,AP890608-0284,104,0.09000007936575619,reciprocal_rank_fusion_k=60
179,Q0,WSJ870529-0096,105,0.08992841073829799,reciprocal_rank_fusion_k=60
179,Q0,WSJ870303-0080,106,0.0896144635658147,reciprocal_rank_fusion_k=60
179,Q0,WSJ871013-0010,107,0.0886991038827705,reciprocal_rank_fusion_k=60
179,Q0,WSJ870901-0068,108,0.08869131384302335,reciprocal_rank_fusion_k=60
179,Q0,AP880427-0295,109,0.08830177533721438,reciprocal_rank_fusion_k=60
179,Q0,WSJ920313-0080,110,0.08796925928460546,reciprocal_rank_fusion_k=60
179,Q0,WSJ880303-0099,111,0.08732069121272348,reciprocal_rank_fusion_k=60
179,Q0,WSJ881005-0035,112,0.08717499195719543,reciprocal_rank_fusion_k=60
179,Q0,WSJ900725-0132,113,0.08665624957166485,reciprocal_rank_fusion_k=60
179,Q0,WSJ910111-0158,114,0.08553762831298735,reciprocal_rank_fusion_k=60
179,Q0,WSJ910709-0011,115,0.08495198220773591,reciprocal_rank_fusion_k=60
179,Q0,WSJ880428-0064,116,0.08464578202778825,reciprocal_rank_fusion_k=60
179,Q0,WSJ881007-0006,117,0.08459902577005457,reciprocal_rank_fusion_k=60
179,Q0,WSJ871201-0122,118,0.0844626413451741,reciprocal_rank_fusion_k=60
179,Q0,WSJ910724-0069,119,0.08439639960882114,reciprocal_rank_fusion_k=60
179,Q0,AP891230-0072,120,0.08427329005264007,reciprocal_rank_fusion_k=60
179,Q0,AP891206-0180,121,0.08353745726435638,reciprocal_rank_fusion_k=60
179,Q0,AP880819-0273,122,0.08270613280569228,reciprocal_rank_fusion_k=60
179,Q0,WSJ900706-0124,123,0.0826668486692825,reciprocal_rank_fusion_k=60
179,Q0,WSJ900608-0144,124,0.08258436086967776,reciprocal_rank_fusion_k=60
179,Q0,AP880222-0276,125,0.0825302616723792,reciprocal_rank_fusion_k=60
179,Q0,AP891031-0287,126,0.08196348262673456,reciprocal_rank_fusion_k=60
179,Q0,AP880620-0279,127,0.08156812178099299,reciprocal_rank_fusion_k=60
179,Q0,WSJ870914-0139,128,0.08138867984721691,reciprocal_rank_fusion_k=60
179,Q0,AP880429-0170,129,0.08131959245019785,reciprocal_rank_fusion_k=60
179,Q0,WSJ880809-0108,130,0.0809082063217557,reciprocal_rank_fusion_k=60
179,Q0,WSJ911023-0064,131,0.0806300034953084,reciprocal_rank_fusion_k=60
179,Q0,WSJ870921-0044,132,0.08020837878008487,reciprocal_rank_fusion_k=60
179,Q0,ZF108-642-048,133,0.08018569165319539,reciprocal_rank_fusion_k=60
179,Q0,WSJ880927-0046,134,0.08005012446510078,reciprocal_rank_fusion_k=60
179,Q0,WSJ870709-0091,135,0.07941518001747162,reciprocal_rank_fusion_k=60
179,Q0,WSJ910524-0181,136,0.07932972529346562,reciprocal_rank_fusion_k=60
179,Q0,AP890203-0142,137,0.07890114385661459,reciprocal_rank_fusion_k=60
179,Q0,WSJ910308-0071,138,0.07867709494767332,reciprocal_rank_fusion_k=60
179,Q0,WSJ900913-0057,139,0.07858776384177728,reciprocal_rank_fusion_k=60
179,Q0,WSJ870225-0145,140,0.07826261724438838,reciprocal_rank_fusion_k=60
179,Q0,ZF207-556-516,141,0.07824158576458787,reciprocal_rank_fusion_k=60
179,Q0,WSJ880913-0156,142,0.0759513253452379,reciprocal_rank_fusion_k=60
179,Q0,WSJ880408-0132,143,0.07564014499765627,reciprocal_rank_fusion_k=60
179,Q0,WSJ910705-0160,144,0.07534152103712444,reciprocal_rank_fusion_k=60
179,Q0,AP890426-0264,145,0.07521202509190801,reciprocal_rank_fusion_k=60
179,Q0,WSJ920303-0013,146,0.07499440315123444,reciprocal_rank_fusion_k=60
179,Q0,AP890220-0168,147,0.07472666662719972,reciprocal_rank_fusion_k=60
179,Q0,AP880713-0059,148,0.07465702305621748,reciprocal_rank_fusion_k=60
179,Q0,AP880919-0271,149,0.07451672720233912,reciprocal_rank_fusion_k=60
179,Q0,WSJ910422-0173,150,0.07436434186877786,reciprocal_rank_fusion_k=60
179,Q0,AP880808-0261,151,0.07434865034364281,reciprocal_rank_fusion_k=60
179,Q0,WSJ890727-0149,152,0.07422180600330529,reciprocal_rank_fusion_k=60
179,Q0,AP890504-0260,153,0.07329651824910854,reciprocal_rank_fusion_k=60
179,Q0,WSJ871203-0034,154,0.07298741464616451,reciprocal_rank_fusion_k=60
179,Q0,AP880324-0095,155,0.072811931177655,reciprocal_rank_fusion_k=60
179,Q0,WSJ870302-0139,156,0.07269473355858512,reciprocal_rank_fusion_k=60
179,Q0,WSJ861218-0075,157,0.07258302260680326,reciprocal_rank_fusion_k=60
179,Q0,AP890906-0304,158,0.07221129158547286,reciprocal_rank_fusion_k=60
179,Q0,AP881025-0273,159,0.07199211081372019,reciprocal_rank_fusion_k=60
179,Q0,WSJ901221-0032,160,0.07190093849435628,reciprocal_rank_fusion_k=60
179,Q0,WSJ880920-0072,161,0.07170802495313944,reciprocal_rank_fusion_k=60
179,Q0,WSJ880401-0086,162,0.07136869579405214,reciprocal_rank_fusion_k=60
179,Q0,AP891208-0276,163,0.07104221808000745,reciprocal_rank_fusion_k=60
179,Q0,AP881004-0233,164,0.07089355515627158,reciprocal_rank_fusion_k=60
179,Q0,WSJ911022-0084,165,0.0707849375118835,reciprocal_rank_fusion_k=60
179,Q0,WSJ870424-0093,166,0.07061942817694578,reciprocal_rank_fusion_k=60
179,Q0,ZF207-538-354,167,0.07037402747842877,reciprocal_rank_fusion_k=60
179,Q0,WSJ861231-0160,168,0.07008087545512334,reciprocal_rank_fusion_k=60
179,Q0,AP880721-0298,169,0.07000998906447942,reciprocal_rank_fusion_k=60
179,Q0,WSJ870504-0098,170,0.06990469053241954,reciprocal_rank_fusion_k=60
179,Q0,AP891115-0238,171,0.06953623471267548,reciprocal_rank_fusion_k=60
179,Q0,AP890714-0272,172,0.06934851765669635,reciprocal_rank_fusion_k=60
179,Q0,WSJ900830-0066,173,0.06933798551365945,reciprocal_rank_fusion_k=60
179,Q0,WSJ880503-0123,174,0.06917966370809912,reciprocal_rank_fusion_k=60
179,Q0,WSJ880629-0128,175,0.06891183684849508,reciprocal_rank_fusion_k=60
179,Q0,AP881219-0283,176,0.06887790788548731,reciprocal_rank_fusion_k=60
179,Q0,WSJ910222-0040,177,0.06882181987952249,reciprocal_rank_fusion_k=60
179,Q0,WSJ890913-0086,178,0.06868725941664061,reciprocal_rank_fusion_k=60
179,Q0,ZF207-334-038,179,0.06819035098695908,reciprocal_rank_fusion_k=60
179,Q0,WSJ881013-0098,180,0.06769617200815747,reciprocal_rank_fusion_k=60
179,Q0,WSJ861223-0020,181,0.06739445882560427,reciprocal_rank_fusion_k=60
179,Q0,WSJ870807-0123,182,0.06730005383199518,reciprocal_rank_fusion_k=60
179,Q0,WSJ880225-0065,183,0.06700762195362742,reciprocal_rank_fusion_k=60
179,Q0,AP890309-0094,184,0.06691883991153043,reciprocal_rank_fusion_k=60
179,Q0,WSJ900925-0005,185,0.06679241327705197,reciprocal_rank_fusion_k=60
179,Q0,AP880623-0293,186,0.06669087985741949,reciprocal_rank_fusion_k=60
179,Q0,WSJ910516-0101,187,0.06648399649350643,reciprocal_rank_fusion_k=60
179,Q0,AP890830-0241,188,0.06574610296207735,reciprocal_rank_fusion_k=60
179,Q0,AP890221-0282,189,0.06566471468298916,reciprocal_rank_fusion_k=60
179,Q0,ZF207-344-060,190,0.06561447427458714,reciprocal_rank_fusion_k=60
179,Q0,AP890630-0238,191,0.06549572248215134,reciprocal_rank_fusion_k=60
179,Q0,WSJ910925-0041,192,0.06535904745624908,reciprocal_rank_fusion_k=60
179,Q0,WSJ880603-0082,193,0.06520659078724929,reciprocal_rank_fusion_k=60
179,Q0,WSJ870402-0077,194,0.0647397739585687,reciprocal_rank_fusion_k=60
179,Q0,WSJ880930-0059,195,0.0647394327938043,reciprocal_rank_fusion_k=60
179,Q0,AP881213-0264,196,0.06442227646970061,reciprocal_rank_fusion_k=60
179,Q0,AP881006-0277,197,0.06432754828525705,reciprocal_rank_fusion_k=60
179,Q0,WSJ891026-0109,198,0.06421605728919398,reciprocal_rank_fusion_k=60
179,Q0,WSJ880912-0011,199,0.06416823580930359,reciprocal_rank_fusion_k=60
179,Q0,WSJ911015-0081,200,0.06383514141931271,reciprocal_rank_fusion_k=60
179,Q0,AP890730-0085,201,0.06381223676988362,reciprocal_rank_fusion_k=60
179,Q0,WSJ880203-0068,202,0.06372037637171907,reciprocal_rank_fusion_k=60
179,Q0,WSJ880527-0132,203,0.06299341551411818,reciprocal_rank_fusion_k=60
179,Q0,AP890616-0257,204,0.0629465914423778,reciprocal_rank_fusion_k=60
179,Q0,AP891218-0258,205,0.06292626179622014,reciprocal_rank_fusion_k=60
179,Q0,WSJ880725-0004,206,0.06272463597325964,reciprocal_rank_fusion_k=60
179,Q0,AP880212-0122,207,0.06263287687744225,reciprocal_rank_fusion_k=60
179,Q0,WSJ901228-0067,208,0.062495015602612655,reciprocal_rank_fusion_k=60
179,Q0,AP880526-0013,209,0.06218576389100342,reciprocal_rank_fusion_k=60
179,Q0,WSJ881014-0110,210,0.062151848051058355,reciprocal_rank_fusion_k=60
179,Q0,AP880620-0269,211,0.06198805011465005,reciprocal_rank_fusion_k=60
179,Q0,WSJ870417-0196,212,0.06190312083497569,reciprocal_rank_fusion_k=60
179,Q0,WSJ880721-0144,213,0.0616249654011436,reciprocal_rank_fusion_k=60
179,Q0,AP891108-0278,214,0.06159489498289751,reciprocal_rank_fusion_k=60
179,Q0,WSJ870327-0064,215,0.06157494231328313,reciprocal_rank_fusion_k=60
179,Q0,WSJ900718-0128,216,0.061365358550118224,reciprocal_rank_fusion_k=60
179,Q0,WSJ910930-0137,217,0.06122233385775551,reciprocal_rank_fusion_k=60
179,Q0,ZF109-657-149,218,0.06110339374770624,reciprocal_rank_fusion_k=60
179,Q0,WSJ900726-0011,219,0.06107285904349568,reciprocal_rank_fusion_k=60
179,Q0,WSJ870218-0091,220,0.060828377637052025,reciprocal_rank_fusion_k=60
179,Q0,WSJ910508-0080,221,0.06065896989486821,reciprocal_rank_fusion_k=60
179,Q0,WSJ900417-0101,222,0.060655011229743594,reciprocal_rank_fusion_k=60
179,Q0,WSJ880509-0144,223,0.06062156113574857,reciprocal_rank_fusion_k=60
179,Q0,WSJ880229-0112,224,0.06050721422185672,reciprocal_rank_fusion_k=60
179,Q0,WSJ900612-0026,225,0.06030416405951322,reciprocal_rank_fusion_k=60
179,Q0,WSJ870811-0056,226,0.060278682517747796,reciprocal_rank_fusion_k=60
179,Q0,WSJ880617-0118,227,0.06013033987460495,reciprocal_rank_fusion_k=60
179,Q0,WSJ870218-0086,228,0.059996031721482934,reciprocal_rank_fusion_k=60
179,Q0,AP881028-0296,229,0.05967205685235475,reciprocal_rank_fusion_k=60
179,Q0,AP880622-0350,230,0.059457340722196515,reciprocal_rank_fusion_k=60
179,Q0,WSJ910920-0001,231,0.059107770397898905,reciprocal_rank_fusion_k=60
179,Q0,WSJ880111-0055,232,0.05875199267572831,reciprocal_rank_fusion_k=60
179,Q0,ZF207-738-524,233,0.05824789166750566,reciprocal_rank_fusion_k=60
179,Q0,WSJ880616-0051,234,0.058241854598961126,reciprocal_rank_fusion_k=60
179,Q0,WSJ900413-0148,235,0.05791492215634174,reciprocal_rank_fusion_k=60
179,Q0,WSJ900501-0128,236,0.057854666133135946,reciprocal_rank_fusion_k=60
179,Q0,WSJ911126-0056,237,0.057809909851667896,reciprocal_rank_fusion_k=60
179,Q0,WSJ910502-0103,238,0.057723856822524,reciprocal_rank_fusion_k=60
179,Q0,AP890703-0276,239,0.05761793453025469,reciprocal_rank_fusion_k=60
179,Q0,WSJ911011-0149,240,0.05758980308210208,reciprocal_rank_fusion_k=60
179,Q0,WSJ910506-0162,241,0.05757232580093488,reciprocal_rank_fusion_k=60
179,Q0,WSJ890727-0063,242,0.05733477322976821,reciprocal_rank_fusion_k=60
179,Q0,WSJ900611-0133,243,0.05718440369018394,reciprocal_rank_fusion_k=60
179,Q0,AP890126-0296,244,0.05707890754339518,reciprocal_rank_fusion_k=60
179,Q0,AP880904-0025,245,0.05672507758470186,reciprocal_rank_fusion_k=60
179,Q0,WSJ880225-0037,246,0.0565274879901712,reciprocal_rank_fusion_k=60
179,Q0,WSJ870501-0078,247,0.056483216278813586,reciprocal_rank_fusion_k=60
179,Q0,WSJ910227-0013,248,0.056442049010988975,reciprocal_rank_fusion_k=60
179,Q0,WSJ880112-0080,249,0.056413786879091696,reciprocal_rank_fusion_k=60
179,Q0,WSJ870512-0113,250,0.056237774193366334,reciprocal_rank_fusion_k=60
179,Q0,AP891214-0229,251,0.056105781395884936,reciprocal_rank_fusion_k=60
179,Q0,WSJ910926-0171,252,0.056021672371774016,reciprocal_rank_fusion_k=60
179,Q0,WSJ870922-0020,253,0.05594017457929159,reciprocal_rank_fusion_k=60
179,Q0,WSJ870911-0064,254,0.05586631977852311,reciprocal_rank_fusion_k=60
179,Q0,WSJ910926-0028,255,0.055819793303980826,reciprocal_rank_fusion_k=60
179,Q0,AP881108-0240,256,0.05571180372260424,reciprocal_rank_fusion_k=60
179,Q0,WSJ910612-0067,257,0.05545935732882876,reciprocal_rank_fusion_k=60
179,Q0,AP890502-0261,258,0.055449359283774806,reciprocal_rank_fusion_k=60
179,Q0,AP891122-0011,259,0.0553567635471384,reciprocal_rank_fusion_k=60
179,Q0,WSJ870512-0110,260,0.05492564083860876,reciprocal_rank_fusion_k=60
179,Q0,WSJ880805-0074,261,0.05480531946688052,reciprocal_rank_fusion_k=60
179,Q0,AP880217-0253,262,0.05437143204204198,reciprocal_rank_fusion_k=60
179,Q0,WSJ881021-0095,263,0.054268444167775196,reciprocal_rank_fusion_k=60
179,Q0,WSJ890908-0109,264,0.0538144987811967,reciprocal_rank_fusion_k=60
179,Q0,WSJ880314-0159,265,0.053495068858839985,reciprocal_rank_fusion_k=60
179,Q0,WSJ891017-0065,266,0.0534765818708776,reciprocal_rank_fusion_k=60
179,Q0,WSJ910423-0110,267,0.05342439070059824,reciprocal_rank_fusion_k=60
179,Q0,WSJ870729-0084,268,0.05340464024208774,reciprocal_rank_fusion_k=60
179,Q0,WSJ900507-0046,269,0.0534029037684648,reciprocal_rank_fusion_k=60
179,Q0,WSJ880610-0126,270,0.053256390221118124,reciprocal_rank_fusion_k=60
179,Q0,WSJ910123-0032,271,0.053253531639429336,reciprocal_rank_fusion_k=60
179,Q0,WSJ870406-0132,272,0.05316782636535086,reciprocal_rank_fusion_k=60
179,Q0,WSJ900411-0004,273,0.053161554536875176,reciprocal_rank_fusion_k=60
179,Q0,AP880517-0208,274,0.053057225949529975,reciprocal_rank_fusion_k=60
179,Q0,AP891219-0188,275,0.052979705679751285,reciprocal_rank_fusion_k=60
179,Q0,AP891017-0256,276,0.052718357227400744,reciprocal_rank_fusion_k=60
179,Q0,WSJ900601-0034,277,0.05271461800521935,reciprocal_rank_fusion_k=60
179,Q0,AP890501-0244,278,0.05267181549740893,reciprocal_rank_fusion_k=60
179,Q0,AP891219-0222,279,0.05263631770516551,reciprocal_rank_fusion_k=60
179,Q0,AP880726-0251,280,0.05258664192379833,reciprocal_rank_fusion_k=60
179,Q0,AP880722-0072,281,0.05248493865683591,reciprocal_rank_fusion_k=60
179,Q0,WSJ880705-0037,282,0.052459408679607016,reciprocal_rank_fusion_k=60
179,Q0,WSJ900724-0013,283,0.05240300004306182,reciprocal_rank_fusion_k=60
179,Q0,WSJ910618-0028,284,0.05237786215759623,reciprocal_rank_fusion_k=60
179,Q0,WSJ861226-0114,285,0.052364191143665244,reciprocal_rank_fusion_k=60
179,Q0,WSJ880203-0121,286,0.05228689393800119,reciprocal_rank_fusion_k=60
179,Q0,FR89418-0017,287,0.052281677964738024,reciprocal_rank_fusion_k=60
179,Q0,AP890722-0152,288,0.05176247364568805,reciprocal_rank_fusion_k=60
179,Q0,WSJ900917-0142,289,0.051736969962132937,reciprocal_rank_fusion_k=60
179,Q0,AP880427-0311,290,0.051501567384756516,reciprocal_rank_fusion_k=60
179,Q0,WSJ900426-0096,291,0.05134329569421409,reciprocal_rank_fusion_k=60
179,Q0,FR89725-0014,292,0.05120398326878408,reciprocal_rank_fusion_k=60
179,Q0,WSJ910408-0025,293,0.051087984914123405,reciprocal_rank_fusion_k=60
179,Q0,WSJ870220-0085,294,0.05106556546022453,reciprocal_rank_fusion_k=60
179,Q0,WSJ910315-0053,295,0.05074116686248641,reciprocal_rank_fusion_k=60
179,Q0,WSJ890802-0039,296,0.05064437338923943,reciprocal_rank_fusion_k=60
179,Q0,AP880621-0333,297,0.05060544867352602,reciprocal_rank_fusion_k=60
179,Q0,WSJ900508-0087,298,0.05059195087975442,reciprocal_rank_fusion_k=60
179,Q0,AP890803-0298,299,0.05047136388333345,reciprocal_rank_fusion_k=60
179,Q0,WSJ900724-0045,300,0.050260153693309134,reciprocal_rank_fusion_k=60
179,Q0,WSJ910730-0089,301,0.0502597052238208,reciprocal_rank_fusion_k=60
179,Q0,WSJ880920-0063,302,0.05025637396811849,reciprocal_rank_fusion_k=60
179,Q0,WSJ880617-0096,303,0.05022106593126973,reciprocal_rank_fusion_k=60
179,Q0,WSJ911003-0021,304,0.05015730723726727,reciprocal_rank_fusion_k=60
179,Q0,WSJ920228-0126,305,0.05015591023869339,reciprocal_rank_fusion_k=60
179,Q0,WSJ890921-0166,306,0.04990036338430499,reciprocal_rank_fusion_k=60
179,Q0,AP881011-0252,307,0.04977553323955054,reciprocal_rank_fusion_k=60
179,Q0,AP881018-0291,308,0.04970454743938957,reciprocal_rank_fusion_k=60
179,Q0,WSJ920320-0072,309,0.04965106609664646,reciprocal_rank_fusion_k=60
179,Q0,WSJ900416-0035,310,0.04955286845401817,reciprocal_rank_fusion_k=60
179,Q0,AP881219-0286,311,0.04948716315340909,reciprocal_rank_fusion_k=60
179,Q0,AP890308-0251,312,0.04946914364572279,reciprocal_rank_fusion_k=60
179,Q0,AP890216-0282,313,0.04944522386285544,reciprocal_rank_fusion_k=60
179,Q0,WSJ870903-0003,314,0.049319348733119946,reciprocal_rank_fusion_k=60
179,Q0,ZF207-406-086,315,0.04917476577790222,reciprocal_rank_fusion_k=60
179,Q0,WSJ900824-0077,316,0.049172253167163255,reciprocal_rank_fusion_k=60
179,Q0,WSJ910906-0132,317,0.04916806220789315,reciprocal_rank_fusion_k=60
179,Q0,ZF108-772-782,318,0.04911824886424248,reciprocal_rank_fusion_k=60
179,Q0,ZF207-549-918,319,0.048990292256370825,reciprocal_rank_fusion_k=60
179,Q0,WSJ871026-0116,320,0.048794565668475925,reciprocal_rank_fusion_k=60
179,Q0,AP890926-0275,321,0.04865810839695581,reciprocal_rank_fusion_k=60
179,Q0,AP890908-0260,322,0.048651425102136686,reciprocal_rank_fusion_k=60
179,Q0,WSJ910315-0158,323,0.0486047430594398,reciprocal_rank_fusion_k=60
179,Q0,AP890412-0240,324,0.048581061864041354,reciprocal_rank_fusion_k=60
179,Q0,WSJ870507-0021,325,0.048538860726768614,reciprocal_rank_fusion_k=60
179,Q0,WSJ870227-0063,326,0.04845783319479961,reciprocal_rank_fusion_k=60
179,Q0,WSJ880204-0110,327,0.04837204252236548,reciprocal_rank_fusion_k=60
179,Q0,WSJ910528-0125,328,0.04815163853110411,reciprocal_rank_fusion_k=60
179,Q0,WSJ910319-0199,329,0.04814282717137439,reciprocal_rank_fusion_k=60
179,Q0,ZF207-377-644,330,0.048011957290787825,reciprocal_rank_fusion_k=60
179,Q0,WSJ911111-0084,331,0.047847860054668914,reciprocal_rank_fusion_k=60
179,Q0,WSJ870505-0018,332,0.04759312057545376,reciprocal_rank_fusion_k=60
179,Q0,WSJ881006-0031,333,0.04756781325883799,reciprocal_rank_fusion_k=60
179,Q0,WSJ891030-0045,334,0.046905600143024584,reciprocal_rank_fusion_k=60
179,Q0,WSJ890912-0125,335,0.04680968993820122,reciprocal_rank_fusion_k=60
179,Q0,WSJ871022-0021,336,0.046773071037799936,reciprocal_rank_fusion_k=60
179,Q0,WSJ910125-0063,337,0.046637142199459004,reciprocal_rank_fusion_k=60
179,Q0,WSJ911107-0078,338,0.04647744822675188,reciprocal_rank_fusion_k=60
179,Q0,WSJ880222-0163,339,0.046411427420974,reciprocal_rank_fusion_k=60
179,Q0,WSJ910503-0142,340,0.04620925572328442,reciprocal_rank_fusion_k=60
179,Q0,WSJ880318-0032,341,0.046167643165318524,reciprocal_rank_fusion_k=60
179,Q0,WSJ870123-0012,342,0.04579963128930613,reciprocal_rank_fusion_k=60
179,Q0,AP890615-0290,343,0.04579335590690122,reciprocal_rank_fusion_k=60
179,Q0,WSJ911002-0027,344,0.04559484801863836,reciprocal_rank_fusion_k=60
179,Q0,AP890405-0260,345,0.04556506057236611,reciprocal_rank_fusion_k=60
179,Q0,AP880509-0201,346,0.045340538057671215,reciprocal_rank_fusion_k=60
179,Q0,WSJ920324-0023,347,0.04532449317291265,reciprocal_rank_fusion_k=60
179,Q0,WSJ880108-0084,348,0.04528844275412203,reciprocal_rank_fusion_k=60
179,Q0,WSJ900918-0075,349,0.0451603878256442,reciprocal_rank_fusion_k=60
179,Q0,DOE1-43-0672,350,0.04513436826019328,reciprocal_rank_fusion_k=60
179,Q0,WSJ881108-0095,351,0.045025428290914445,reciprocal_rank_fusion_k=60
179,Q0,AP880725-0281,352,0.04502320935466774,reciprocal_rank_fusion_k=60
179,Q0,WSJ910212-0164,353,0.044970798862783205,reciprocal_rank_fusion_k=60
179,Q0,WSJ880330-0032,354,0.04495611799987175,reciprocal_rank_fusion_k=60
179,Q0,WSJ880621-0008,355,0.04483863492464708,reciprocal_rank_fusion_k=60
179,Q0,WSJ870504-0022,356,0.04460675680963994,reciprocal_rank_fusion_k=60
179,Q0,WSJ890927-0163,357,0.04457816997279873,reciprocal_rank_fusion_k=60
179,Q0,WSJ911025-0122,358,0.04452316391775035,reciprocal_rank_fusion_k=60
179,Q0,WSJ891024-0103,359,0.04440841152955208,reciprocal_rank_fusion_k=60
179,Q0,AP890119-0297,360,0.04437044556024652,reciprocal_rank_fusion_k=60
179,Q0,WSJ890825-0151,361,0.04422644230323508,reciprocal_rank_fusion_k=60
179,Q0,WSJ900808-0100,362,0.04418657527172505,reciprocal_rank_fusion_k=60
179,Q0,WSJ880712-0133,363,0.04389017171604887,reciprocal_rank_fusion_k=60
179,Q0,WSJ900413-0053,364,0.04379681646943455,reciprocal_rank_fusion_k=60
179,Q0,WSJ910603-0050,365,0.04379356797831519,reciprocal_rank_fusion_k=60
179,Q0,AP890726-0276,366,0.04375758438572856,reciprocal_rank_fusion_k=60
179,Q0,WSJ911004-0137,367,0.043567484809669176,reciprocal_rank_fusion_k=60
179,Q0,WSJ870728-0046,368,0.04347066781991967,reciprocal_rank_fusion_k=60
179,Q0,WSJ920324-0026,369,0.043271298988762814,reciprocal_rank_fusion_k=60
179,Q0,WSJ870521-0016,370,0.0432651241130514,reciprocal_rank_fusion_k=60
179,Q0,AP880901-0030,371,0.04323900365200159,reciprocal_rank_fusion_k=60
179,Q0,WSJ880622-0036,372,0.04306451741304018,reciprocal_rank_fusion_k=60
179,Q0,WSJ910108-0066,373,0.0428994651582246,reciprocal_rank_fusion_k=60
179,Q0,AP880604-0159,374,0.042863788274550396,reciprocal_rank_fusion_k=60
179,Q0,WSJ910619-0062,375,0.042851946282034106,reciprocal_rank_fusion_k=60
179,Q0,WSJ870326-0006,376,0.04280617664170132,reciprocal_rank_fusion_k=60
179,Q0,WSJ891026-0004,377,0.04272653077429744,reciprocal_rank_fusion_k=60
179,Q0,WSJ880606-0044,378,0.042694480077496905,reciprocal_rank_fusion_k=60
179,Q0,AP880722-0305,379,0.0426439691082498,reciprocal_rank_fusion_k=60
179,Q0,AP880827-0069,380,0.04257058983021983,reciprocal_rank_fusion_k=60
179,Q0,WSJ910412-0089,381,0.042518561117135915,reciprocal_rank_fusion_k=60
179,Q0,WSJ881006-0058,382,0.04239966485945029,reciprocal_rank_fusion_k=60
179,Q0,AP890421-0270,383,0.042283769189517866,reciprocal_rank_fusion_k=60
179,Q0,WSJ880129-0013,384,0.042146454677884894,reciprocal_rank_fusion_k=60
179,Q0,WSJ900404-0035,385,0.04206516928988254,reciprocal_rank_fusion_k=60
179,Q0,WSJ910314-0104,386,0.04201049719976871,reciprocal_rank_fusion_k=60
179,Q0,WSJ880715-0152,387,0.04199699990471007,reciprocal_rank_fusion_k=60
179,Q0,WSJ880919-0038,388,0.04199654992390982,reciprocal_rank_fusion_k=60
179,Q0,WSJ880916-0021,389,0.04190599395973319,reciprocal_rank_fusion_k=60
179,Q0,WSJ870716-0054,390,0.041843844372840236,reciprocal_rank_fusion_k=60
179,Q0,WSJ900628-0038,391,0.04178436124477554,reciprocal_rank_fusion_k=60
179,Q0,AP880430-0080,392,0.04177201212276575,reciprocal_rank_fusion_k=60
179,Q0,WSJ910718-0098,393,0.041638764364128306,reciprocal_rank_fusion_k=60
179,Q0,AP890308-0277,394,0.04163686282643633,reciprocal_rank_fusion_k=60
179,Q0,WSJ870206-0059,395,0.041557563909171036,reciprocal_rank_fusion_k=60
179,Q0,WSJ880129-0057,396,0.041536254594880265,reciprocal_rank_fusion_k=60
179,Q0,AP890914-0021,397,0.04151288561217267,reciprocal_rank_fusion_k=60
179,Q0,WSJ870327-0157,398,0.04138763154667589,reciprocal_rank_fusion_k=60
179,Q0,WSJ900419-0019,399,0.041251699159836154,reciprocal_rank_fusion_k=60
179,Q0,WSJ911016-0147,400,0.041246353868423076,reciprocal_rank_fusion_k=60
179,Q0,AP890619-0298,401,0.0411545750857391,reciprocal_rank_fusion_k=60
179,Q0,AP890914-0233,402,0.04110139316969406,reciprocal_rank_fusion_k=60
179,Q0,WSJ870820-0131,403,0.04104782384533106,reciprocal_rank_fusion_k=60
179,Q0,AP880304-0219,404,0.040980841999121984,reciprocal_rank_fusion_k=60
179,Q0,WSJ880609-0008,405,0.04083840841226332,reciprocal_rank_fusion_k=60
179,Q0,WSJ881028-0117,406,0.04077348478161028,reciprocal_rank_fusion_k=60
179,Q0,WSJ900402-0184,407,0.04067161655077676,reciprocal_rank_fusion_k=60
179,Q0,WSJ910314-0114,408,0.04038468368370483,reciprocal_rank_fusion_k=60
179,Q0,AP880226-0263,409,0.040354390352579574,reciprocal_rank_fusion_k=60
179,Q0,WSJ900830-0126,410,0.04032179075962942,reciprocal_rank_fusion_k=60
179,Q0,AP881219-0294,411,0.04029480546192626,reciprocal_rank_fusion_k=60
179,Q0,WSJ900611-0072,412,0.040294567432021776,reciprocal_rank_fusion_k=60
179,Q0,WSJ870204-0027,413,0.040098426046939147,reciprocal_rank_fusion_k=60
179,Q0,AP881202-0247,414,0.03978535099658284,reciprocal_rank_fusion_k=60
179,Q0,WSJ910805-0164,415,0.039588023467550026,reciprocal_rank_fusion_k=60
179,Q0,AP880225-0171,416,0.039472559131101974,reciprocal_rank_fusion_k=60
179,Q0,WSJ890922-0160,417,0.039354816949276596,reciprocal_rank_fusion_k=60
179,Q0,WSJ870825-0100,418,0.0391737203839304,reciprocal_rank_fusion_k=60
179,Q0,WSJ910808-0071,419,0.03913019845857424,reciprocal_rank_fusion_k=60
179,Q0,WSJ880115-0011,420,0.03902482698896469,reciprocal_rank_fusion_k=60
179,Q0,WSJ910313-0171,421,0.03899373166247417,reciprocal_rank_fusion_k=60
179,Q0,AP890822-0177,422,0.03888512966772159,reciprocal_rank_fusion_k=60
179,Q0,WSJ880914-0056,423,0.03880085336721161,reciprocal_rank_fusion_k=60
179,Q0,WSJ910715-0039,424,0.03872815349113447,reciprocal_rank_fusion_k=60
179,Q0,WSJ910829-0048,425,0.03864478774844908,reciprocal_rank_fusion_k=60
179,Q0,AP881223-0027,426,0.038524755557111524,reciprocal_rank_fusion_k=60
179,Q0,WSJ891019-0140,427,0.038438627175431346,reciprocal_rank_fusion_k=60
179,Q0,WSJ880310-0130,428,0.03837730523570788,reciprocal_rank_fusion_k=60
179,Q0,AP880531-0186,429,0.03837592301450462,reciprocal_rank_fusion_k=60
179,Q0,WSJ910903-0138,430,0.038340457876370214,reciprocal_rank_fusion_k=60
179,Q0,WSJ910816-0168,431,0.038326702585445606,reciprocal_rank_fusion_k=60
179,Q0,WSJ910913-0163,432,0.03829045244368941,reciprocal_rank_fusion_k=60
179,Q0,AP890827-0015,433,0.038250675244413695,reciprocal_rank_fusion_k=60
179,Q0,WSJ910313-0024,434,0.03798795103996794,reciprocal_rank_fusion_k=60
179,Q0,AP881013-0313,435,0.037980377863449176,reciprocal_rank_fusion_k=60
179,Q0,WSJ880902-0162,436,0.037857763470346896,reciprocal_rank_fusion_k=60
179,Q0,WSJ880202-0055,437,0.03783771287723433,reciprocal_rank_fusion_k=60
179,Q0,AP891114-0148,438,0.037796011368089945,reciprocal_rank_fusion_k=60
179,Q0,AP880318-0298,439,0.03778789910471521,reciprocal_rank_fusion_k=60
179,Q0,WSJ870218-0126,440,0.03765842469750135,reciprocal_rank_fusion_k=60
179,Q0,WSJ910513-0112,441,0.03749100109854093,reciprocal_rank_fusion_k=60
179,Q0,WSJ881115-0134,442,0.03736278905893118,reciprocal_rank_fusion_k=60
179,Q0,AP890904-0103,443,0.0372820323869623,reciprocal_rank_fusion_k=60
179,Q0,WSJ870501-0031,444,0.037150224863846365,reciprocal_rank_fusion_k=60
179,Q0,AP880623-0252,445,0.03714354022514272,reciprocal_rank_fusion_k=60
179,Q0,WSJ880205-0085,446,0.03714207774390123,reciprocal_rank_fusion_k=60
179,Q0,AP880920-0243,447,0.0368392342370997,reciprocal_rank_fusion_k=60
179,Q0,WSJ911009-0040,448,0.03680649550551961,reciprocal_rank_fusion_k=60
179,Q0,AP880324-0110,449,0.03665793658073075,reciprocal_rank_fusion_k=60
179,Q0,WSJ900605-0138,450,0.03662565576735214,reciprocal_rank_fusion_k=60
179,Q0,WSJ910903-0117,451,0.036613917528717684,reciprocal_rank_fusion_k=60
179,Q0,WSJ881005-0029,452,0.03657969205881159,reciprocal_rank_fusion_k=60
179,Q0,WSJ880316-0088,453,0.03643995290316521,reciprocal_rank_fusion_k=60
179,Q0,WSJ880726-0036,454,0.03629977601960726,reciprocal_rank_fusion_k=60
179,Q0,WSJ900411-0061,455,0.03629627153130947,reciprocal_rank_fusion_k=60
179,Q0,AP881004-0215,456,0.03626903270823977,reciprocal_rank_fusion_k=60
179,Q0,WSJ920204-0069,457,0.03619796928993291,reciprocal_rank_fusion_k=60
179,Q0,WSJ881025-0033,458,0.036137515895717724,reciprocal_rank_fusion_k=60
179,Q0,WSJ910501-0099,459,0.035943127118080544,reciprocal_rank_fusion_k=60
179,Q0,AP890308-0245,460,0.03579656543368063,reciprocal_rank_fusion_k=60
179,Q0,WSJ911104-0193,461,0.03579050069386014,reciprocal_rank_fusion_k=60
179,Q0,WSJ880603-0011,462,0.03565895306381205,reciprocal_rank_fusion_k=60
179,Q0,WSJ871015-0120,463,0.0356202618932853,reciprocal_rank_fusion_k=60
179,Q0,WSJ870323-0112,464,0.0352194549470807,reciprocal_rank_fusion_k=60
179,Q0,AP880410-0083,465,0.03515583925411563,reciprocal_rank_fusion_k=60
179,Q0,WSJ870205-0083,466,0.035140560650485715,reciprocal_rank_fusion_k=60
179,Q0,AP880713-0234,467,0.035112931101054505,reciprocal_rank_fusion_k=60
179,Q0,AP890411-0193,468,0.03494280202168527,reciprocal_rank_fusion_k=60
179,Q0,WSJ910815-0055,469,0.03493943259760956,reciprocal_rank_fusion_k=60
179,Q0,WSJ900403-0150,470,0.03471542728674913,reciprocal_rank_fusion_k=60
179,Q0,WSJ901221-0185,471,0.03449450662016256,reciprocal_rank_fusion_k=60
179,Q0,WSJ890831-0115,472,0.03448564364641098,reciprocal_rank_fusion_k=60
179,Q0,WSJ900530-0047,473,0.034388485879271395,reciprocal_rank_fusion_k=60
179,Q0,ZF108-780-480,474,0.0342813837360926,reciprocal_rank_fusion_k=60
179,Q0,WSJ870504-0100,475,0.03427988846856141,reciprocal_rank_fusion_k=60
179,Q0,WSJ870518-0008,476,0.03427463120319045,reciprocal_rank_fusion_k=60
179,Q0,WSJ880621-0021,477,0.03420771311112549,reciprocal_rank_fusion_k=60
179,Q0,AP890405-0261,478,0.0341853472305427,reciprocal_rank_fusion_k=60
179,Q0,WSJ891018-0041,479,0.03410661433136332,reciprocal_rank_fusion_k=60
179,Q0,AP881108-0239,480,0.033873180822130075,reciprocal_rank_fusion_k=60
179,Q0,WSJ880826-0171,481,0.033739680176682614,reciprocal_rank_fusion_k=60
179,Q0,WSJ870915-0153,482,0.0336997181840899,reciprocal_rank_fusion_k=60
179,Q0,WSJ910816-0147,483,0.03351001273226858,reciprocal_rank_fusion_k=60
179,Q0,AP890615-0253,484,0.03347757231866687,reciprocal_rank_fusion_k=60
179,Q0,WSJ881007-0042,485,0.03333761926758332,reciprocal_rank_fusion_k=60
179,Q0,WSJ881025-0001,486,0.033304617330282525,reciprocal_rank_fusion_k=60
179,Q0,AP880622-0308,487,0.03323079133223647,reciprocal_rank_fusion_k=60
179,Q0,WSJ880301-0008,488,0.03322296420928631,reciprocal_rank_fusion_k=60
179,Q0,WSJ880906-0052,489,0.033150446396065895,reciprocal_rank_fusion_k=60
179,Q0,WSJ880510-0115,490,0.03306700578938678,reciprocal_rank_fusion_k=60
179,Q0,WSJ880502-0092,491,0.03300570187469132,reciprocal_rank_fusion_k=60
179,Q0,WSJ870625-0047,492,0.032991018062830356,reciprocal_rank_fusion_k=60
179,Q0,AP890927-0289,493,0.032831239194634425,reciprocal_rank_fusion_k=60
179,Q0,AP890927-0234,494,0.03281113618778624,reciprocal_rank_fusion_k=60
179,Q0,WSJ900821-0053,495,0.03275635179354912,reciprocal_rank_fusion_k=60
179,Q0,AP880511-0321,496,0.03268770187090386,reciprocal_rank_fusion_k=60
179,Q0,AP880908-0267,497,0.03255708552928258,reciprocal_rank_fusion_k=60
179,Q0,AP891019-0297,498,0.032548764279421744,reciprocal_rank_fusion_k=60
179,Q0,AP880821-0050,499,0.032503004181409265,reciprocal_rank_fusion_k=60
179,Q0,WSJ890920-0100,500,0.03221885037428166,reciprocal_rank_fusion_k=60
179,Q0,WSJ880406-0071,501,0.032218759290914695,reciprocal_rank_fusion_k=60
179,Q0,WSJ890928-0015,502,0.03215642389797625,reciprocal_rank_fusion_k=60
179,Q0,WSJ910514-0096,503,0.03202885906339416,reciprocal_rank_fusion_k=60
179,Q0,ZF108-141-790,504,0.0319261712252452,reciprocal_rank_fusion_k=60
179,Q0,WSJ881007-0140,505,0.031762610658170695,reciprocal_rank_fusion_k=60
179,Q0,WSJ890925-0160,506,0.03173890408052517,reciprocal_rank_fusion_k=60
179,Q0,WSJ910718-0027,507,0.031590772225728994,reciprocal_rank_fusion_k=60
179,Q0,WSJ880223-0013,508,0.03140375164631719,reciprocal_rank_fusion_k=60
179,Q0,WSJ910614-0018,509,0.03136891051250079,reciprocal_rank_fusion_k=60
179,Q0,AP881104-0150,510,0.031360328053861325,reciprocal_rank_fusion_k=60
179,Q0,WSJ880727-0041,511,0.031236250887788506,reciprocal_rank_fusion_k=60
179,Q0,WSJ910611-0014,512,0.031217618196827182,reciprocal_rank_fusion_k=60
179,Q0,WSJ890915-0074,513,0.031186717005424896,reciprocal_rank_fusion_k=60
179,Q0,AP890615-0300,514,0.031123538511898807,reciprocal_rank_fusion_k=60
179,Q0,WSJ910723-0110,515,0.03110694353796083,reciprocal_rank_fusion_k=60
179,Q0,WSJ910312-0018,516,0.03109675637621886,reciprocal_rank_fusion_k=60
179,Q0,WSJ881101-0013,517,0.030943357192368244,reciprocal_rank_fusion_k=60
179,Q0,WSJ910605-0041,518,0.030819800774976414,reciprocal_rank_fusion_k=60
179,Q0,WSJ870128-0099,519,0.030818843242915638,reciprocal_rank_fusion_k=60
179,Q0,WSJ910211-0015,520,0.03081310019363494,reciprocal_rank_fusion_k=60
179,Q0,AP880829-0272,521,0.030735193057957837,reciprocal_rank_fusion_k=60
179,Q0,WSJ861208-0116,522,0.030687461863228006,reciprocal_rank_fusion_k=60
179,Q0,WSJ910910-0028,523,0.03064881201790048,reciprocal_rank_fusion_k=60
179,Q0,AP880602-0318,524,0.030636925751477542,reciprocal_rank_fusion_k=60
179,Q0,WSJ911008-0114,525,0.0306129392222453,reciprocal_rank_fusion_k=60
179,Q0,AP880627-0287,526,0.030498471073894317,reciprocal_rank_fusion_k=60
179,Q0,AP890322-0289,527,0.03048957740992147,reciprocal_rank_fusion_k=60
179,Q0,ZF107-974-984,528,0.03041843432887298,reciprocal_rank_fusion_k=60
179,Q0,AP880813-0034,529,0.030136966367531718,reciprocal_rank_fusion_k=60
179,Q0,WSJ900413-0134,530,0.030010089505629032,reciprocal_rank_fusion_k=60
179,Q0,ZF108-711-436,531,0.0299649267798736,reciprocal_rank_fusion_k=60
179,Q0,AP881220-0232,532,0.02994442095584274,reciprocal_rank_fusion_k=60
179,Q0,WSJ881005-0086,533,0.029804804144225164,reciprocal_rank_fusion_k=60
179,Q0,WSJ880302-0054,534,0.029745106867461877,reciprocal_rank_fusion_k=60
179,Q0,WSJ871002-0082,535,0.02971073576508063,reciprocal_rank_fusion_k=60
179,Q0,WSJ910109-0061,536,0.029660020979550696,reciprocal_rank_fusion_k=60
179,Q0,WSJ900402-0135,537,0.029647300552827494,reciprocal_rank_fusion_k=60
179,Q0,WSJ870219-0048,538,0.029601797677229473,reciprocal_rank_fusion_k=60
179,Q0,AP890905-0242,539,0.02943228781705575,reciprocal_rank_fusion_k=60
179,Q0,WSJ910426-0050,540,0.029374095179368447,reciprocal_rank_fusion_k=60
179,Q0,WSJ870203-0161,541,0.029332890566558405,reciprocal_rank_fusion_k=60
179,Q0,AP890303-0167,542,0.02931413712034337,reciprocal_rank_fusion_k=60
179,Q0,AP881216-0285,543,0.029283999981482553,reciprocal_rank_fusion_k=60
179,Q0,WSJ900409-0084,544,0.029281143056912543,reciprocal_rank_fusion_k=60
179,Q0,WSJ920110-0123,545,0.029184830901452796,reciprocal_rank_fusion_k=60
179,Q0,WSJ910930-0073,546,0.02910464524207341,reciprocal_rank_fusion_k=60
179,Q0,WSJ910327-0072,547,0.029032542568879886,reciprocal_rank_fusion_k=60
179,Q0,WSJ861209-0068,548,0.029010062894769387,reciprocal_rank_fusion_k=60
179,Q0,AP890830-0268,549,0.028993822073560296,reciprocal_rank_fusion_k=60
179,Q0,WSJ910729-0145,550,0.02899202573739431,reciprocal_rank_fusion_k=60
179,Q0,WSJ881013-0115,551,0.02898915412883037,reciprocal_rank_fusion_k=60
179,Q0,AP880308-0284,552,0.02896282065812274,reciprocal_rank_fusion_k=60
179,Q0,WSJ870917-0145,553,0.028899310391461326,reciprocal_rank_fusion_k=60
179,Q0,WSJ910305-0051,554,0.028726468294656384,reciprocal_rank_fusion_k=60
179,Q0,WSJ911106-0006,555,0.02870235473820311,reciprocal_rank_fusion_k=60
179,Q0,AP890318-0098,556,0.02865283261522652,reciprocal_rank_fusion_k=60
179,Q0,WSJ920128-0006,557,0.02856807186907773,reciprocal_rank_fusion_k=60
179,Q0,WSJ870501-0009,558,0.02856015014308027,reciprocal_rank_fusion_k=60
179,Q0,WSJ910725-0106,559,0.028505913020082707,reciprocal_rank_fusion_k=60
179,Q0,WSJ920124-0046,560,0.02842608798562836,reciprocal_rank_fusion_k=60
179,Q0,AP891110-0270,561,0.02840324703800473,reciprocal_rank_fusion_k=60
179,Q0,WSJ911115-0012,562,0.02835453154539206,reciprocal_rank_fusion_k=60
179,Q0,WSJ871124-0075,563,0.028337600358821827,reciprocal_rank_fusion_k=60
179,Q0,AP890218-0047,564,0.028318999416132303,reciprocal_rank_fusion_k=60
179,Q0,AP880318-0333,565,0.028301437379234663,reciprocal_rank_fusion_k=60
179,Q0,WSJ880525-0056,566,0.028277483012028336,reciprocal_rank_fusion_k=60
179,Q0,WSJ880930-0057,567,0.028186865234480732,reciprocal_rank_fusion_k=60
179,Q0,WSJ900906-0101,568,0.028098391918792955,reciprocal_rank_fusion_k=60
179,Q0,WSJ880408-0053,569,0.028086627358054037,reciprocal_rank_fusion_k=60
179,Q0,WSJ911220-0040,570,0.02798725694160875,reciprocal_rank_fusion_k=60
179,Q0,ZF108-680-684,571,0.027900809059872113,reciprocal_rank_fusion_k=60
179,Q0,AP880824-0082,572,0.027900653148184802,reciprocal_rank_fusion_k=60
179,Q0,DOE1-63-0553,573,0.0278703417778988,reciprocal_rank_fusion_k=60
179,Q0,DOE1-66-0832,574,0.027721297869860103,reciprocal_rank_fusion_k=60
179,Q0,WSJ870512-0093,575,0.027641843057748923,reciprocal_rank_fusion_k=60
179,Q0,WSJ870624-0093,576,0.027504242137387128,reciprocal_rank_fusion_k=60
179,Q0,WSJ910312-0081,577,0.02747469275476877,reciprocal_rank_fusion_k=60
179,Q0,WSJ880506-0019,578,0.027472770315449663,reciprocal_rank_fusion_k=60
179,Q0,WSJ870106-0120,579,0.02744854039972534,reciprocal_rank_fusion_k=60
179,Q0,WSJ910404-0103,580,0.027396608966889936,reciprocal_rank_fusion_k=60
179,Q0,AP880317-0259,581,0.0273754839472774,reciprocal_rank_fusion_k=60
179,Q0,WSJ900427-0032,582,0.027359659931294918,reciprocal_rank_fusion_k=60
179,Q0,AP880428-0079,583,0.02728839819712644,reciprocal_rank_fusion_k=60
179,Q0,WSJ870402-0043,584,0.027283164355490677,reciprocal_rank_fusion_k=60
179,Q0,WSJ911003-0135,585,0.027213567662112557,reciprocal_rank_fusion_k=60
179,Q0,AP880912-0014,586,0.027208306977210436,reciprocal_rank_fusion_k=60
179,Q0,WSJ861224-0066,587,0.027172819366630886,reciprocal_rank_fusion_k=60
179,Q0,WSJ880826-0175,588,0.02715301822933899,reciprocal_rank_fusion_k=60
179,Q0,WSJ880628-0106,589,0.02712109168182487,reciprocal_rank_fusion_k=60
179,Q0,WSJ870904-0151,590,0.02704573518813304,reciprocal_rank_fusion_k=60
179,Q0,AP890325-0135,591,0.02699816677564132,reciprocal_rank_fusion_k=60
179,Q0,AP880730-0002,592,0.026963631435564836,reciprocal_rank_fusion_k=60
179,Q0,AP880313-0040,593,0.026942087206354593,reciprocal_rank_fusion_k=60
179,Q0,AP890125-0044,594,0.026939752539300053,reciprocal_rank_fusion_k=60
179,Q0,AP881019-0243,595,0.02689584148862958,reciprocal_rank_fusion_k=60
179,Q0,AP890208-0271,596,0.026858394205969593,reciprocal_rank_fusion_k=60
179,Q0,WSJ910313-0123,597,0.02679991436989186,reciprocal_rank_fusion_k=60
179,Q0,WSJ880729-0098,598,0.026716378900097905,reciprocal_rank_fusion_k=60
179,Q0,AP881013-0310,599,0.026663816732841884,reciprocal_rank_fusion_k=60
179,Q0,WSJ911213-0003,600,0.02665874769182686,reciprocal_rank_fusion_k=60
179,Q0,ZF207-345-254,601,0.02659674394661775,reciprocal_rank_fusion_k=60
179,Q0,AP881209-0191,602,0.02658984963139386,reciprocal_rank_fusion_k=60
179,Q0,WSJ911129-0022,603,0.02649616837259307,reciprocal_rank_fusion_k=60
179,Q0,AP890918-0229,604,0.026494509244637168,reciprocal_rank_fusion_k=60
179,Q0,WSJ870826-0122,605,0.026438064466003004,reciprocal_rank_fusion_k=60
179,Q0,WSJ871007-0118,606,0.026433970672861795,reciprocal_rank_fusion_k=60
179,Q0,WSJ880229-0086,607,0.02640018588200364,reciprocal_rank_fusion_k=60
179,Q0,ZF207-721-900,608,0.02638550297291728,reciprocal_rank_fusion_k=60
179,Q0,WSJ910813-0003,609,0.026373983911603244,reciprocal_rank_fusion_k=60
179,Q0,AP880609-0091,610,0.026368336383255045,reciprocal_rank_fusion_k=60
179,Q0,AP891017-0066,611,0.026346696008682866,reciprocal_rank_fusion_k=60
179,Q0,AP881212-0303,612,0.026260941361734267,reciprocal_rank_fusion_k=60
179,Q0,AP891228-0149,613,0.026250248866314867,reciprocal_rank_fusion_k=60
179,Q0,WSJ881026-0112,614,0.026248694012798238,reciprocal_rank_fusion_k=60
179,Q0,WSJ870331-0159,615,0.026225204858848813,reciprocal_rank_fusion_k=60
179,Q0,WSJ920109-0122,616,0.0261902801283933,reciprocal_rank_fusion_k=60
179,Q0,WSJ910328-0066,617,0.02616794165511514,reciprocal_rank_fusion_k=60
179,Q0,AP891214-0199,618,0.026103410867709058,reciprocal_rank_fusion_k=60
179,Q0,WSJ910830-0077,619,0.026082700052761466,reciprocal_rank_fusion_k=60
179,Q0,AP890309-0220,620,0.02607630901068977,reciprocal_rank_fusion_k=60
179,Q0,AP880519-0048,621,0.026071929996506607,reciprocal_rank_fusion_k=60
179,Q0,WSJ920210-0125,622,0.025973566199552742,reciprocal_rank_fusion_k=60
179,Q0,ZF207-330-616,623,0.02593914590319893,reciprocal_rank_fusion_k=60
179,Q0,WSJ870310-0014,624,0.025921121859698533,reciprocal_rank_fusion_k=60
179,Q0,AP890608-0233,625,0.025850764458754817,reciprocal_rank_fusion_k=60
179,Q0,AP881005-0270,626,0.025817848092586006,reciprocal_rank_fusion_k=60
179,Q0,WSJ871118-0163,627,0.02573746490590711,reciprocal_rank_fusion_k=60
179,Q0,ZF207-111-444,628,0.0255737626490706,reciprocal_rank_fusion_k=60
179,Q0,WSJ881101-0088,629,0.025566277880146215,reciprocal_rank_fusion_k=60
179,Q0,AP890317-0205,630,0.025528872777554317,reciprocal_rank_fusion_k=60
179,Q0,WSJ880701-0021,631,0.02546358754179481,reciprocal_rank_fusion_k=60
179,Q0,AP880930-0238,632,0.02531045698305284,reciprocal_rank_fusion_k=60
179,Q0,WSJ880928-0029,633,0.025197523144531237,reciprocal_rank_fusion_k=60
179,Q0,WSJ870521-0067,634,0.025148934637388716,reciprocal_rank_fusion_k=60
179,Q0,WSJ880630-0021,635,0.024964507487074673,reciprocal_rank_fusion_k=60
179,Q0,AP880710-0081,636,0.024927309217544113,reciprocal_rank_fusion_k=60
179,Q0,WSJ890804-0047,637,0.024775962851015423,reciprocal_rank_fusion_k=60
179,Q0,WSJ880324-0113,638,0.024760765553019558,reciprocal_rank_fusion_k=60
179,Q0,WSJ880321-0125,639,0.024704496686981128,reciprocal_rank_fusion_k=60
179,Q0,WSJ870519-0101,640,0.024668814002230983,reciprocal_rank_fusion_k=60
179,Q0,WSJ910816-0016,641,0.02458063534565907,reciprocal_rank_fusion_k=60
179,Q0,AP880812-0002,642,0.02455361452273023,reciprocal_rank_fusion_k=60
179,Q0,WSJ880722-0047,643,0.02453226996428723,reciprocal_rank_fusion_k=60
179,Q0,WSJ880801-0093,644,0.024392612172937773,reciprocal_rank_fusion_k=60
179,Q0,WSJ911111-0024,645,0.024335923677628733,reciprocal_rank_fusion_k=60
179,Q0,AP890216-0087,646,0.024291719410629256,reciprocal_rank_fusion_k=60
179,Q0,WSJ900813-0079,647,0.02428728739716353,reciprocal_rank_fusion_k=60
179,Q0,AP881220-0217,648,0.024243379442014164,reciprocal_rank_fusion_k=60
179,Q0,WSJ880829-0002,649,0.024242675536908943,reciprocal_rank_fusion_k=60
179,Q0,AP880901-0284,650,0.024224944005165974,reciprocal_rank_fusion_k=60
179,Q0,WSJ910509-0146,651,0.02420063303214055,reciprocal_rank_fusion_k=60
179,Q0,WSJ920323-0021,652,0.024170848780877476,reciprocal_rank_fusion_k=60
179,Q0,AP880228-0098,653,0.02408325818187557,reciprocal_rank_fusion_k=60
179,Q0,AP890915-0282,654,0.023895688417292848,reciprocal_rank_fusion_k=60
179,Q0,AP880907-0225,655,0.023876415459405984,reciprocal_rank_fusion_k=60
179,Q0,WSJ890804-0190,656,0.023873296851714992,reciprocal_rank_fusion_k=60
179,Q0,AP890714-0290,657,0.023866239997165417,reciprocal_rank_fusion_k=60
179,Q0,AP880912-0267,658,0.02385062436168278,reciprocal_rank_fusion_k=60
179,Q0,AP881018-0022,659,0.023837959378449385,reciprocal_rank_fusion_k=60
179,Q0,WSJ881104-0021,660,0.023775229614350794,reciprocal_rank_fusion_k=60
179,Q0,WSJ900406-0042,661,0.023755660003643177,reciprocal_rank_fusion_k=60
179,Q0,AP880713-0307,662,0.023645885197637478,reciprocal_rank_fusion_k=60
179,Q0,WSJ880722-0016,663,0.023624492922482584,reciprocal_rank_fusion_k=60
179,Q0,AP890519-0222,664,0.023622618776131168,reciprocal_rank_fusion_k=60
179,Q0,AP881102-0316,665,0.02353099274073334,reciprocal_rank_fusion_k=60
179,Q0,AP890105-0093,666,0.02346184682252211,reciprocal_rank_fusion_k=60
179,Q0,ZF207-065-350,667,0.02343569992566735,reciprocal_rank_fusion_k=60
179,Q0,WSJ910917-0002,668,0.023433110180915234,reciprocal_rank_fusion_k=60
179,Q0,WSJ900524-0006,669,0.023308559083623642,reciprocal_rank_fusion_k=60
179,Q0,WSJ870122-0111,670,0.02326926378640793,reciprocal_rank_fusion_k=60
179,Q0,WSJ910624-0089,671,0.02323189524931303,reciprocal_rank_fusion_k=60
179,Q0,WSJ890828-0040,672,0.0232214156376764,reciprocal_rank_fusion_k=60
179,Q0,AP890404-0182,673,0.023129348836319903,reciprocal_rank_fusion_k=60
179,Q0,WSJ880413-0162,674,0.023103241622349353,reciprocal_rank_fusion_k=60
179,Q0,AP881213-0265,675,0.02307484699047052,reciprocal_rank_fusion_k=60
179,Q0,WSJ890725-0160,676,0.022988843008491633,reciprocal_rank_fusion_k=60
179,Q0,WSJ871106-0078,677,0.022964787725056023,reciprocal_rank_fusion_k=60
179,Q0,WSJ881026-0074,678,0.02295643544831194,reciprocal_rank_fusion_k=60
179,Q0,AP890721-0240,679,0.022951539430814044,reciprocal_rank_fusion_k=60
179,Q0,WSJ881012-0123,680,0.02285688157464336,reciprocal_rank_fusion_k=60
179,Q0,AP890819-0063,681,0.02283064583980407,reciprocal_rank_fusion_k=60
179,Q0,WSJ871224-0086,682,0.022762115935247428,reciprocal_rank_fusion_k=60
179,Q0,AP880627-0263,683,0.022693842476687296,reciprocal_rank_fusion_k=60
179,Q0,WSJ870513-0069,684,0.022610502978343418,reciprocal_rank_fusion_k=60
179,Q0,WSJ870717-0112,685,0.022547919496028756,reciprocal_rank_fusion_k=60
179,Q0,WSJ880829-0047,686,0.02253192896087738,reciprocal_rank_fusion_k=60
179,Q0,WSJ920103-0059,687,0.02240211688666602,reciprocal_rank_fusion_k=60
179,Q0,WSJ880926-0127,688,0.022368504327629737,reciprocal_rank_fusion_k=60
179,Q0,WSJ910513-0108,689,0.022347652129441637,reciprocal_rank_fusion_k=60
179,Q0,AP881213-0270,690,0.022282885670037292,reciprocal_rank_fusion_k=60
179,Q0,FR88514-0001,691,0.02227856986674273,reciprocal_rank_fusion_k=60
179,Q0,WSJ880830-0040,692,0.022232621593752475,reciprocal_rank_fusion_k=60
179,Q0,AP890421-0249,693,0.022220598025685157,reciprocal_rank_fusion_k=60
179,Q0,WSJ870312-0184,694,0.022140703544137382,reciprocal_rank_fusion_k=60
179,Q0,WSJ890911-0008,695,0.022133794053045643,reciprocal_rank_fusion_k=60
179,Q0,AP890323-0016,696,0.022038364066867707,reciprocal_rank_fusion_k=60
179,Q0,WSJ900406-0060,697,0.022019434110087277,reciprocal_rank_fusion_k=60
179,Q0,WSJ870323-0104,698,0.021911059059525045,reciprocal_rank_fusion_k=60
179,Q0,WSJ910930-0025,699,0.021896698146075973,reciprocal_rank_fusion_k=60
179,Q0,WSJ910522-0122,700,0.021831975820856043,reciprocal_rank_fusion_k=60
179,Q0,WSJ910312-0029,701,0.02180619097066067,reciprocal_rank_fusion_k=60
179,Q0,WSJ910517-0128,702,0.021775130338070537,reciprocal_rank_fusion_k=60
179,Q0,WSJ880914-0126,703,0.021746837966501776,reciprocal_rank_fusion_k=60
179,Q0,AP891215-0291,704,0.021744871652687098,reciprocal_rank_fusion_k=60
179,Q0,AP880524-0176,705,0.02172067606896126,reciprocal_rank_fusion_k=60
179,Q0,AP890504-0044,706,0.021714924569529115,reciprocal_rank_fusion_k=60
179,Q0,AP880511-0032,707,0.021675235546684258,reciprocal_rank_fusion_k=60
179,Q0,WSJ900619-0008,708,0.021672372455715523,reciprocal_rank_fusion_k=60
179,Q0,WSJ870211-0064,709,0.02166271415196342,reciprocal_rank_fusion_k=60
179,Q0,AP880823-0066,710,0.021638694397877446,reciprocal_rank_fusion_k=60
179,Q0,WSJ890918-0066,711,0.02163653479587012,reciprocal_rank_fusion_k=60
179,Q0,AP881206-0064,712,0.021620510288832044,reciprocal_rank_fusion_k=60
179,Q0,WSJ871125-0114,713,0.0216176986663218,reciprocal_rank_fusion_k=60
179,Q0,WSJ920212-0057,714,0.021526697728525883,reciprocal_rank_fusion_k=60
179,Q0,ZF207-508-572,715,0.021506251760839513,reciprocal_rank_fusion_k=60
179,Q0,WSJ910830-0048,716,0.02145764426955365,reciprocal_rank_fusion_k=60
179,Q0,AP881211-0081,717,0.021429571411495284,reciprocal_rank_fusion_k=60
179,Q0,AP880906-0066,718,0.021420769615693513,reciprocal_rank_fusion_k=60
179,Q0,AP890721-0269,719,0.02139236425064242,reciprocal_rank_fusion_k=60
179,Q0,WSJ911218-0160,720,0.021284595087950848,reciprocal_rank_fusion_k=60
179,Q0,WSJ870427-0044,721,0.021237740699443942,reciprocal_rank_fusion_k=60
179,Q0,AP881006-0263,722,0.021118833651550557,reciprocal_rank_fusion_k=60
179,Q0,WSJ881028-0142,723,0.021035796688317832,reciprocal_rank_fusion_k=60
179,Q0,WSJ871216-0154,724,0.02093531028831115,reciprocal_rank_fusion_k=60
179,Q0,WSJ911028-0094,725,0.02092873870715212,reciprocal_rank_fusion_k=60
179,Q0,WSJ910409-0125,726,0.020853665511070596,reciprocal_rank_fusion_k=60
179,Q0,AP890512-0290,727,0.020789958551839013,reciprocal_rank_fusion_k=60
179,Q0,WSJ881004-0001,728,0.020782135802758523,reciprocal_rank_fusion_k=60
179,Q0,WSJ900913-0122,729,0.02074553492777354,reciprocal_rank_fusion_k=60
179,Q0,WSJ900619-0057,730,0.020719412650099262,reciprocal_rank_fusion_k=60
179,Q0,AP881220-0210,731,0.0206911633102573,reciprocal_rank_fusion_k=60
179,Q0,ZF207-772-602,732,0.020670495294835552,reciprocal_rank_fusion_k=60
179,Q0,WSJ910806-0067,733,0.020669310628578096,reciprocal_rank_fusion_k=60
179,Q0,WSJ910514-0117,734,0.020561575516562763,reciprocal_rank_fusion_k=60
179,Q0,ZF109-550-477,735,0.02049338156903378,reciprocal_rank_fusion_k=60
179,Q0,AP880701-0255,736,0.020448770777508993,reciprocal_rank_fusion_k=60
179,Q0,AP881214-0288,737,0.02044029010236223,reciprocal_rank_fusion_k=60
179,Q0,WSJ870310-0117,738,0.02041312493506425,reciprocal_rank_fusion_k=60
179,Q0,WSJ880919-0062,739,0.020391872467485618,reciprocal_rank_fusion_k=60
179,Q0,WSJ920107-0060,740,0.020354806144080494,reciprocal_rank_fusion_k=60
179,Q0,WSJ910124-0154,741,0.02030214889330478,reciprocal_rank_fusion_k=60
179,Q0,WSJ900802-0074,742,0.020301612972070802,reciprocal_rank_fusion_k=60
179,Q0,WSJ880725-0141,743,0.0202821349290965,reciprocal_rank_fusion_k=60
179,Q0,AP891108-0155,744,0.020133789200199714,reciprocal_rank_fusion_k=60
179,Q0,AP890201-0102,745,0.020114146543568055,reciprocal_rank_fusion_k=60
179,Q0,WSJ880624-0014,746,0.020095045001670336,reciprocal_rank_fusion_k=60
179,Q0,WSJ910618-0143,747,0.020090282557573523,reciprocal_rank_fusion_k=60
179,Q0,WSJ910320-0043,748,0.02002911632174951,reciprocal_rank_fusion_k=60
179,Q0,WSJ881007-0011,749,0.020021209800853805,reciprocal_rank_fusion_k=60
179,Q0,ZF108-589-582,750,0.020019178246050994,reciprocal_rank_fusion_k=60
179,Q0,WSJ900620-0117,751,0.02001059566583021,reciprocal_rank_fusion_k=60
179,Q0,AP890202-0294,752,0.019977548750311065,reciprocal_rank_fusion_k=60
179,Q0,WSJ880816-0161,753,0.019749549174151535,reciprocal_rank_fusion_k=60
179,Q0,WSJ910801-0061,754,0.01974599867958406,reciprocal_rank_fusion_k=60
179,Q0,WSJ920207-0181,755,0.019740695403091642,reciprocal_rank_fusion_k=60
179,Q0,AP881121-0319,756,0.01973665251210038,reciprocal_rank_fusion_k=60
179,Q0,WSJ900404-0120,757,0.019648133554805235,reciprocal_rank_fusion_k=60
179,Q0,ZF108-203-584,758,0.01961078997538929,reciprocal_rank_fusion_k=60
179,Q0,WSJ900710-0100,759,0.019504870916660633,reciprocal_rank_fusion_k=60
179,Q0,WSJ880412-0015,760,0.01950187826457059,reciprocal_rank_fusion_k=60
179,Q0,WSJ880608-0136,761,0.019458422518633108,reciprocal_rank_fusion_k=60
179,Q0,AP890430-0061,762,0.019378613279409634,reciprocal_rank_fusion_k=60
179,Q0,AP891222-0243,763,0.019363257890040092,reciprocal_rank_fusion_k=60
179,Q0,FR88511-0168,764,0.019344758311863577,reciprocal_rank_fusion_k=60
179,Q0,WSJ880202-0066,765,0.01924128001767987,reciprocal_rank_fusion_k=60
179,Q0,WSJ880525-0140,766,0.01919838786024807,reciprocal_rank_fusion_k=60
179,Q0,WSJ910702-0133,767,0.019198065957380647,reciprocal_rank_fusion_k=60
179,Q0,AP890707-0252,768,0.019193144859577776,reciprocal_rank_fusion_k=60
179,Q0,WSJ880314-0120,769,0.019168357708351052,reciprocal_rank_fusion_k=60
179,Q0,AP881220-0219,770,0.01907399788241544,reciprocal_rank_fusion_k=60
179,Q0,AP890531-0016,771,0.019034219910407532,reciprocal_rank_fusion_k=60
179,Q0,WSJ900424-0141,772,0.018990679862560242,reciprocal_rank_fusion_k=60
179,Q0,WSJ891013-0147,773,0.018974309118382743,reciprocal_rank_fusion_k=60
179,Q0,WSJ870622-0022,774,0.018969568328013418,reciprocal_rank_fusion_k=60
179,Q0,WSJ910328-0159,775,0.01893792983761067,reciprocal_rank_fusion_k=60
179,Q0,AP880529-0050,776,0.018918547965447022,reciprocal_rank_fusion_k=60
179,Q0,WSJ911023-0095,777,0.018854176253456253,reciprocal_rank_fusion_k=60
179,Q0,AP881118-0229,778,0.01881333885759539,reciprocal_rank_fusion_k=60
179,Q0,WSJ880927-0140,779,0.018764721979922815,reciprocal_rank_fusion_k=60
179,Q0,AP890713-0069,780,0.01876154435422534,reciprocal_rank_fusion_k=60
179,Q0,WSJ870522-0176,781,0.018665474634234517,reciprocal_rank_fusion_k=60
179,Q0,AP880707-0197,782,0.018632732405607148,reciprocal_rank_fusion_k=60
179,Q0,WSJ881104-0131,783,0.018627973970199118,reciprocal_rank_fusion_k=60
179,Q0,WSJ890807-0021,784,0.018591685892126456,reciprocal_rank_fusion_k=60
179,Q0,WSJ880404-0022,785,0.018482245176034737,reciprocal_rank_fusion_k=60
179,Q0,WSJ871002-0145,786,0.018475973548648696,reciprocal_rank_fusion_k=60
179,Q0,AP890707-0022,787,0.01844852005436885,reciprocal_rank_fusion_k=60
179,Q0,WSJ910816-0075,788,0.01841476271761681,reciprocal_rank_fusion_k=60
179,Q0,WSJ880829-0083,789,0.01833635887614431,reciprocal_rank_fusion_k=60
179,Q0,WSJ890919-0044,790,0.01831295180635693,reciprocal_rank_fusion_k=60
179,Q0,WSJ910422-0164,791,0.01823553848956436,reciprocal_rank_fusion_k=60
179,Q0,AP891027-0250,792,0.018220684605589465,reciprocal_rank_fusion_k=60
179,Q0,AP881024-0220,793,0.01820499407345766,reciprocal_rank_fusion_k=60
179,Q0,WSJ880902-0055,794,0.018183399190880845,reciprocal_rank_fusion_k=60
179,Q0,WSJ861231-0124,795,0.0181810902349349,reciprocal_rank_fusion_k=60
179,Q0,WSJ900413-0161,796,0.01814701814636756,reciprocal_rank_fusion_k=60
179,Q0,WSJ871216-0080,797,0.01812187740483638,reciprocal_rank_fusion_k=60
179,Q0,WSJ911113-0031,798,0.018083571580356082,reciprocal_rank_fusion_k=60
179,Q0,WSJ881111-0151,799,0.01801929795375645,reciprocal_rank_fusion_k=60
179,Q0,AP880610-0192,800,0.01795936994100957,reciprocal_rank_fusion_k=60
179,Q0,WSJ880718-0142,801,0.017943575280739185,reciprocal_rank_fusion_k=60
179,Q0,WSJ900711-0077,802,0.0179245367998187,reciprocal_rank_fusion_k=60
179,Q0,FR88516-0128,803,0.017866745681058026,reciprocal_rank_fusion_k=60
179,Q0,WSJ910520-0183,804,0.017845375033718115,reciprocal_rank_fusion_k=60
179,Q0,WSJ920205-0066,805,0.017695740410303987,reciprocal_rank_fusion_k=60
179,Q0,DOE1-33-0251,806,0.01765115779186612,reciprocal_rank_fusion_k=60
179,Q0,WSJ910424-0182,807,0.017565432420049792,reciprocal_rank_fusion_k=60
179,Q0,AP890427-0238,808,0.01753830812541612,reciprocal_rank_fusion_k=60
179,Q0,WSJ870430-0131,809,0.017441102990518705,reciprocal_rank_fusion_k=60
179,Q0,WSJ870703-0048,810,0.017432414484343822,reciprocal_rank_fusion_k=60
179,Q0,WSJ880218-0083,811,0.01739068860770914,reciprocal_rank_fusion_k=60
179,Q0,WSJ900531-0031,812,0.01738805764121054,reciprocal_rank_fusion_k=60
179,Q0,WSJ870709-0052,813,0.017363245276988598,reciprocal_rank_fusion_k=60
179,Q0,WSJ880803-0159,814,0.017346892961324304,reciprocal_rank_fusion_k=60
179,Q0,AP881103-0015,815,0.017317133421831516,reciprocal_rank_fusion_k=60
179,Q0,AP890608-0283,816,0.017287814642541435,reciprocal_rank_fusion_k=60
179,Q0,WSJ911004-0146,817,0.017220171221863343,reciprocal_rank_fusion_k=60
179,Q0,FR88512-0113,818,0.01721278450471564,reciprocal_rank_fusion_k=60
179,Q0,AP890312-0084,819,0.017193798206819627,reciprocal_rank_fusion_k=60
179,Q0,WSJ910402-0041,820,0.017093140013550594,reciprocal_rank_fusion_k=60
179,Q0,WSJ910320-0137,821,0.016995480007883534,reciprocal_rank_fusion_k=60
179,Q0,WSJ870218-0064,822,0.016937349006642014,reciprocal_rank_fusion_k=60
179,Q0,AP890306-0299,823,0.01690817700453141,reciprocal_rank_fusion_k=60
179,Q0,WSJ900507-0124,824,0.01686356025903428,reciprocal_rank_fusion_k=60
179,Q0,WSJ900508-0028,825,0.01685622125254156,reciprocal_rank_fusion_k=60
179,Q0,ZF207-133-292,826,0.01683764464217065,reciprocal_rank_fusion_k=60
179,Q0,WSJ900410-0133,827,0.01674706042672577,reciprocal_rank_fusion_k=60
179,Q0,AP881222-0168,828,0.016710735268440722,reciprocal_rank_fusion_k=60
179,Q0,WSJ880418-0102,829,0.016707271171772373,reciprocal_rank_fusion_k=60
179,Q0,WSJ871214-0111,830,0.01662905554015004,reciprocal_rank_fusion_k=60
179,Q0,WSJ910208-0101,831,0.016600155289988743,reciprocal_rank_fusion_k=60
179,Q0,WSJ910517-0193,832,0.016598326274983588,reciprocal_rank_fusion_k=60
179,Q0,AP890623-0200,833,0.0165746074723314,reciprocal_rank_fusion_k=60
179,Q0,WSJ881021-0027,834,0.01650132142119301,reciprocal_rank_fusion_k=60
179,Q0,WSJ890725-0133,835,0.016501282475518388,reciprocal_rank_fusion_k=60
179,Q0,AP880808-0218,836,0.016486788942249985,reciprocal_rank_fusion_k=60
179,Q0,WSJ880415-0099,837,0.016439236712373684,reciprocal_rank_fusion_k=60
179,Q0,AP890216-0157,838,0.016430934382638315,reciprocal_rank_fusion_k=60
179,Q0,WSJ911216-0083,839,0.016248374616911556,reciprocal_rank_fusion_k=60
179,Q0,WSJ890911-0053,840,0.016235018304094455,reciprocal_rank_fusion_k=60
179,Q0,AP881207-0097,841,0.01622959693839338,reciprocal_rank_fusion_k=60
179,Q0,WSJ880112-0093,842,0.016212477616768896,reciprocal_rank_fusion_k=60
179,Q0,AP890927-0262,843,0.01619693880721763,reciprocal_rank_fusion_k=60
179,Q0,AP890511-0286,844,0.016188579073381767,reciprocal_rank_fusion_k=60
179,Q0,AP890125-0267,845,0.016134154492549974,reciprocal_rank_fusion_k=60
179,Q0,WSJ910828-0091,846,0.016122174947307517,reciprocal_rank_fusion_k=60
179,Q0,WSJ890921-0002,847,0.016076000980786043,reciprocal_rank_fusion_k=60
179,Q0,WSJ871229-0075,848,0.016060822691569818,reciprocal_rank_fusion_k=60
179,Q0,AP880325-0035,849,0.01603098058764799,reciprocal_rank_fusion_k=60
179,Q0,WSJ870904-0087,850,0.01592056149178318,reciprocal_rank_fusion_k=60
179,Q0,WSJ911115-0165,851,0.015882335557264607,reciprocal_rank_fusion_k=60
179,Q0,WSJ890921-0127,852,0.015877785659259652,reciprocal_rank_fusion_k=60
179,Q0,WSJ910312-0082,853,0.015870311433748265,reciprocal_rank_fusion_k=60
179,Q0,AP890615-0230,854,0.015820694293932562,reciprocal_rank_fusion_k=60
179,Q0,AP880711-0046,855,0.015781583245844888,reciprocal_rank_fusion_k=60
179,Q0,WSJ881010-0075,856,0.01576046047791356,reciprocal_rank_fusion_k=60
179,Q0,WSJ911114-0035,857,0.015688404380596453,reciprocal_rank_fusion_k=60
179,Q0,WSJ880621-0053,858,0.015682727741517494,reciprocal_rank_fusion_k=60
179,Q0,WSJ870423-0168,859,0.015671402224071224,reciprocal_rank_fusion_k=60
179,Q0,AP880803-0050,860,0.015647276563024923,reciprocal_rank_fusion_k=60
179,Q0,WSJ870107-0103,861,0.015631909624558765,reciprocal_rank_fusion_k=60
179,Q0,WSJ870127-0102,862,0.015578118984992964,reciprocal_rank_fusion_k=60
179,Q0,WSJ870825-0006,863,0.015548750300057331,reciprocal_rank_fusion_k=60
179,Q0,AP880725-0287,864,0.015539302774625497,reciprocal_rank_fusion_k=60
179,Q0,WSJ880930-0022,865,0.015514673278199761,reciprocal_rank_fusion_k=60
179,Q0,WSJ880323-0049,866,0.01545804988081307,reciprocal_rank_fusion_k=60
179,Q0,WSJ880923-0182,867,0.015452034916055887,reciprocal_rank_fusion_k=60
179,Q0,WSJ920320-0169,868,0.015435234783319525,reciprocal_rank_fusion_k=60
179,Q0,AP880818-0068,869,0.0154070324683793,reciprocal_rank_fusion_k=60
179,Q0,AP891025-0264,870,0.015371962348769298,reciprocal_rank_fusion_k=60
179,Q0,WSJ900727-0183,871,0.015327162326173585,reciprocal_rank_fusion_k=60
179,Q0,WSJ880516-0139,872,0.015299316879283016,reciprocal_rank_fusion_k=60
179,Q0,WSJ871014-0079,873,0.015227428013317173,reciprocal_rank_fusion_k=60
179,Q0,WSJ880516-0135,874,0.015199545172875552,reciprocal_rank_fusion_k=60
179,Q0,AP881021-0236,875,0.015183563037248528,reciprocal_rank_fusion_k=60
179,Q0,WSJ900423-0065,876,0.015168510433183792,reciprocal_rank_fusion_k=60
179,Q0,WSJ880518-0050,877,0.015160571515125416,reciprocal_rank_fusion_k=60
179,Q0,WSJ910424-0220,878,0.015153604248200695,reciprocal_rank_fusion_k=60
179,Q0,WSJ880405-0014,879,0.015152715457743712,reciprocal_rank_fusion_k=60
179,Q0,WSJ871110-0013,880,0.015145127962591844,reciprocal_rank_fusion_k=60
179,Q0,AP890519-0203,881,0.01514485900101032,reciprocal_rank_fusion_k=60
179,Q0,AP880526-0275,882,0.015070972333682927,reciprocal_rank_fusion_k=60
179,Q0,WSJ880107-0051,883,0.015063648547083064,reciprocal_rank_fusion_k=60
179,Q0,AP891130-0207,884,0.015058114520516069,reciprocal_rank_fusion_k=60
179,Q0,WSJ900402-0140,885,0.015052346563357733,reciprocal_rank_fusion_k=60
179,Q0,WSJ911230-0065,886,0.015050216986421621,reciprocal_rank_fusion_k=60
179,Q0,WSJ880914-0006,887,0.015048352954870515,reciprocal_rank_fusion_k=60
179,Q0,WSJ910819-0157,888,0.015043228976015923,reciprocal_rank_fusion_k=60
179,Q0,WSJ910417-0033,889,0.015022090322758887,reciprocal_rank_fusion_k=60
179,Q0,WSJ910821-0036,890,0.014959152241227808,reciprocal_rank_fusion_k=60
179,Q0,AP881026-0225,891,0.01495280326981199,reciprocal_rank_fusion_k=60
179,Q0,AP890725-0256,892,0.014930094303796661,reciprocal_rank_fusion_k=60
179,Q0,AP890808-0194,893,0.014895488523746662,reciprocal_rank_fusion_k=60
179,Q0,WSJ911206-0062,894,0.014876299720669478,reciprocal_rank_fusion_k=60
179,Q0,AP890626-0238,895,0.014863616094816252,reciprocal_rank_fusion_k=60
179,Q0,WSJ911122-0152,896,0.01486256714357347,reciprocal_rank_fusion_k=60
179,Q0,WSJ920114-0115,897,0.014791872798336653,reciprocal_rank_fusion_k=60
179,Q0,AP890906-0308,898,0.014779703614653732,reciprocal_rank_fusion_k=60
179,Q0,WSJ900806-0150,899,0.014701575493087605,reciprocal_rank_fusion_k=60
179,Q0,WSJ900406-0019,900,0.014683949262711974,reciprocal_rank_fusion_k=60
179,Q0,WSJ910409-0005,901,0.014611614554389432,reciprocal_rank_fusion_k=60
179,Q0,WSJ911129-0128,902,0.014599065938775885,reciprocal_rank_fusion_k=60
179,Q0,AP880318-0324,903,0.014592003704010904,reciprocal_rank_fusion_k=60
179,Q0,WSJ880809-0035,904,0.014569981023112745,reciprocal_rank_fusion_k=60
179,Q0,WSJ910306-0032,905,0.014517673858663562,reciprocal_rank_fusion_k=60
179,Q0,WSJ870327-0108,906,0.01447822243460686,reciprocal_rank_fusion_k=60
179,Q0,AP880531-0195,907,0.014471039191658893,reciprocal_rank_fusion_k=60
179,Q0,AP890410-0071,908,0.014429141764870757,reciprocal_rank_fusion_k=60
179,Q0,AP890518-0272,909,0.01440986166899871,reciprocal_rank_fusion_k=60
179,Q0,AP880819-0140,910,0.01438193984809099,reciprocal_rank_fusion_k=60
179,Q0,WSJ890809-0052,911,0.014352101579085898,reciprocal_rank_fusion_k=60
179,Q0,WSJ910219-0013,912,0.014350355269275668,reciprocal_rank_fusion_k=60
179,Q0,WSJ890815-0001,913,0.014269025079741513,reciprocal_rank_fusion_k=60
179,Q0,AP890628-0244,914,0.014258672612576396,reciprocal_rank_fusion_k=60
179,Q0,ZF207-854-680,915,0.014216403587625492,reciprocal_rank_fusion_k=60
179,Q0,WSJ880203-0065,916,0.014168592101735525,reciprocal_rank_fusion_k=60
179,Q0,WSJ880623-0043,917,0.014132472783677418,reciprocal_rank_fusion_k=60
179,Q0,WSJ861208-0128,918,0.014126785737206542,reciprocal_rank_fusion_k=60
179,Q0,WSJ910417-0079,919,0.014112858743888283,reciprocal_rank_fusion_k=60
179,Q0,WSJ870323-0102,920,0.014091371393413495,reciprocal_rank_fusion_k=60
179,Q0,WSJ870129-0110,921,0.014052385161975873,reciprocal_rank_fusion_k=60
179,Q0,WSJ881116-0059,922,0.014012876723070892,reciprocal_rank_fusion_k=60
179,Q0,WSJ890907-0030,923,0.01398149982959852,reciprocal_rank_fusion_k=60
179,Q0,WSJ880624-0131,924,0.01397069276474114,reciprocal_rank_fusion_k=60
179,Q0,WSJ870904-0063,925,0.013935197383477883,reciprocal_rank_fusion_k=60
179,Q0,AP880623-0160,926,0.013933368077371479,reciprocal_rank_fusion_k=60
179,Q0,WSJ891004-0117,927,0.013928245081510207,reciprocal_rank_fusion_k=60
179,Q0,WSJ870511-0149,928,0.013911392931205819,reciprocal_rank_fusion_k=60
179,Q0,AP890523-0209,929,0.013890194672427358,reciprocal_rank_fusion_k=60
179,Q0,WSJ881004-0163,930,0.013857370187164583,reciprocal_rank_fusion_k=60
179,Q0,AP890711-0099,931,0.013854007634821464,reciprocal_rank_fusion_k=60
179,Q0,AP890115-0024,932,0.013840938081331218,reciprocal_rank_fusion_k=60
179,Q0,WSJ880926-0177,933,0.013784892693502753,reciprocal_rank_fusion_k=60
179,Q0,WSJ880808-0057,934,0.013777345048243732,reciprocal_rank_fusion_k=60
179,Q0,AP890914-0215,935,0.013775980643586722,reciprocal_rank_fusion_k=60
179,Q0,WSJ920319-0155,936,0.013761278120981265,reciprocal_rank_fusion_k=60
179,Q0,AP891018-0047,937,0.013742797762289621,reciprocal_rank_fusion_k=60
179,Q0,WSJ871109-0004,938,0.013739714774791615,reciprocal_rank_fusion_k=60
179,Q0,WSJ870326-0175,939,0.013739403956052847,reciprocal_rank_fusion_k=60
179,Q0,WSJ880429-0081,940,0.01373636665970207,reciprocal_rank_fusion_k=60
179,Q0,WSJ881013-0073,941,0.013717054681442463,reciprocal_rank_fusion_k=60
179,Q0,WSJ910402-0153,942,0.0137005150202104,reciprocal_rank_fusion_k=60
179,Q0,AP880412-0144,943,0.013696793192644365,reciprocal_rank_fusion_k=60
179,Q0,WSJ880801-0024,944,0.013695468151624278,reciprocal_rank_fusion_k=60
179,Q0,WSJ880725-0057,945,0.013634425760757636,reciprocal_rank_fusion_k=60
179,Q0,AP880409-0078,946,0.013605283114256825,reciprocal_rank_fusion_k=60
179,Q0,WSJ910313-0014,947,0.013600487085740121,reciprocal_rank_fusion_k=60
179,Q0,WSJ890804-0166,948,0.013557699164481827,reciprocal_rank_fusion_k=60
179,Q0,WSJ881107-0094,949,0.01354199894050934,reciprocal_rank_fusion_k=60
179,Q0,WSJ870915-0006,950,0.013484952018343162,reciprocal_rank_fusion_k=60
179,Q0,WSJ881021-0057,951,0.013452270818012105,reciprocal_rank_fusion_k=60
179,Q0,WSJ920207-0016,952,0.013387287139984981,reciprocal_rank_fusion_k=60
179,Q0,AP880918-0034,953,0.013374492681826323,reciprocal_rank_fusion_k=60
179,Q0,WSJ871009-0031,954,0.013360369651091194,reciprocal_rank_fusion_k=60
179,Q0,AP880905-0073,955,0.013348584156168426,reciprocal_rank_fusion_k=60
179,Q0,WSJ900801-0163,956,0.013240105330800793,reciprocal_rank_fusion_k=60
179,Q0,ZF108-289-854,957,0.013228685253916713,reciprocal_rank_fusion_k=60
179,Q0,ZF108-643-378,958,0.013108580937698882,reciprocal_rank_fusion_k=60
179,Q0,WSJ861230-0051,959,0.013102389227467707,reciprocal_rank_fusion_k=60
179,Q0,AP890513-0052,960,0.013082970754174434,reciprocal_rank_fusion_k=60
179,Q0,WSJ880304-0174,961,0.013053959461808217,reciprocal_rank_fusion_k=60
179,Q0,AP890731-0174,962,0.013008463202420379,reciprocal_rank_fusion_k=60
179,Q0,AP881122-0252,963,0.012972733427948697,reciprocal_rank_fusion_k=60
179,Q0,WSJ880223-0043,964,0.012952533850396299,reciprocal_rank_fusion_k=60
179,Q0,AP890213-0249,965,0.012930021377496742,reciprocal_rank_fusion_k=60
179,Q0,WSJ910123-0151,966,0.012928593940870764,reciprocal_rank_fusion_k=60
179,Q0,AP890809-0243,967,0.012902779197158447,reciprocal_rank_fusion_k=60
179,Q0,WSJ880809-0077,968,0.012838909966419619,reciprocal_rank_fusion_k=60
179,Q0,AP880616-0022,969,0.012830201434550402,reciprocal_rank_fusion_k=60
179,Q0,WSJ881109-0113,970,0.012823479085700284,reciprocal_rank_fusion_k=60
179,Q0,WSJ910228-0022,971,0.012808437939953527,reciprocal_rank_fusion_k=60
179,Q0,AP891219-0207,972,0.012798022789787837,reciprocal_rank_fusion_k=60
179,Q0,WSJ890907-0048,973,0.01279555994761599,reciprocal_rank_fusion_k=60
179,Q0,WSJ881116-0186,974,0.012730599941004797,reciprocal_rank_fusion_k=60
179,Q0,AP881012-0184,975,0.012711736825504347,reciprocal_rank_fusion_k=60
179,Q0,WSJ861226-0095,976,0.012710652909926153,reciprocal_rank_fusion_k=60
179,Q0,WSJ900618-0107,977,0.012708209886548003,reciprocal_rank_fusion_k=60
179,Q0,WSJ870717-0013,978,0.0126890417515044,reciprocal_rank_fusion_k=60
179,Q0,WSJ920213-0154,979,0.012687425174248578,reciprocal_rank_fusion_k=60
179,Q0,ZF108-338-940,980,0.012666723227752641,reciprocal_rank_fusion_k=60
179,Q0,WSJ880929-0090,981,0.012645318621207475,reciprocal_rank_fusion_k=60
179,Q0,WSJ920130-0009,982,0.012592633147454168,reciprocal_rank_fusion_k=60
179,Q0,AP890516-0120,983,0.012534126137405436,reciprocal_rank_fusion_k=60
179,Q0,WSJ870917-0092,984,0.012520319731944934,reciprocal_rank_fusion_k=60
179,Q0,WSJ881019-0046,985,0.012452220509505415,reciprocal_rank_fusion_k=60
179,Q0,AP880907-0282,986,0.01243317080618164,reciprocal_rank_fusion_k=60
179,Q0,WSJ861229-0066,987,0.012405808475292017,reciprocal_rank_fusion_k=60
179,Q0,ZF209-522-811,988,0.012379594939796613,reciprocal_rank_fusion_k=60
179,Q0,AP890320-0023,989,0.012327863664520995,reciprocal_rank_fusion_k=60
179,Q0,AP880919-0173,990,0.012306893393428614,reciprocal_rank_fusion_k=60
179,Q0,WSJ910801-0031,991,0.012303762592385581,reciprocal_rank_fusion_k=60
179,Q0,AP881121-0266,992,0.012294660291478604,reciprocal_rank_fusion_k=60
179,Q0,AP890928-0236,993,0.01227813601682428,reciprocal_rank_fusion_k=60
179,Q0,WSJ920221-0171,994,0.012261594807588632,reciprocal_rank_fusion_k=60
179,Q0,WSJ891011-0065,995,0.012257193621883206,reciprocal_rank_fusion_k=60
179,Q0,WSJ861216-0012,996,0.012236423454815869,reciprocal_rank_fusion_k=60
179,Q0,WSJ910828-0118,997,0.012223236729023833,reciprocal_rank_fusion_k=60
179,Q0,DOE2-49-0430,998,0.012214129214618253,reciprocal_rank_fusion_k=60
179,Q0,WSJ910531-0091,999,0.012207532837714854,reciprocal_rank_fusion_k=60
179,Q0,WSJ861226-0014,1000,0.012190891112626176,reciprocal_rank_fusion_k=60
189,Q0,AP880315-0152,1,0.3065023474886752,reciprocal_rank_fusion_k=60
189,Q0,AP891218-0144,2,0.2366038861209835,reciprocal_rank_fusion_k=60
189,Q0,AP890708-0095,3,0.22937104107384484,reciprocal_rank_fusion_k=60
189,Q0,AP881206-0088,4,0.21187280268550843,reciprocal_rank_fusion_k=60
189,Q0,AP881219-0134,5,0.21100705661630773,reciprocal_rank_fusion_k=60
189,Q0,AP890726-0112,6,0.20570775539049133,reciprocal_rank_fusion_k=60
189,Q0,AP880318-0081,7,0.20440131689690746,reciprocal_rank_fusion_k=60
189,Q0,AP880718-0075,8,0.20210126322348682,reciprocal_rank_fusion_k=60
189,Q0,AP890123-0189,9,0.19914262514000555,reciprocal_rank_fusion_k=60
189,Q0,AP890512-0095,10,0.18557547630532006,reciprocal_rank_fusion_k=60
189,Q0,AP880418-0116,11,0.180946986709128,reciprocal_rank_fusion_k=60
189,Q0,AP890211-0050,12,0.1784076229898284,reciprocal_rank_fusion_k=60
189,Q0,AP890408-0117,13,0.1780358110213398,reciprocal_rank_fusion_k=60
189,Q0,AP881205-0167,14,0.1766595985445718,reciprocal_rank_fusion_k=60
189,Q0,AP890826-0047,15,0.17617747247734525,reciprocal_rank_fusion_k=60
189,Q0,WSJ880509-0146,16,0.16667693162989403,reciprocal_rank_fusion_k=60
189,Q0,AP890919-0035,17,0.16550630820313678,reciprocal_rank_fusion_k=60
189,Q0,AP880331-0009,18,0.15791954738087877,reciprocal_rank_fusion_k=60
189,Q0,AP890118-0065,19,0.15603741631644558,reciprocal_rank_fusion_k=60
189,Q0,AP890720-0124,20,0.15493115663512705,reciprocal_rank_fusion_k=60
189,Q0,AP890124-0061,21,0.15160778072395137,reciprocal_rank_fusion_k=60
189,Q0,AP890125-0235,22,0.1469627250006865,reciprocal_rank_fusion_k=60
189,Q0,AP890403-0091,23,0.14695024677784027,reciprocal_rank_fusion_k=60
189,Q0,AP880303-0240,24,0.14384707003407093,reciprocal_rank_fusion_k=60
189,Q0,AP880328-0082,25,0.1422758139084184,reciprocal_rank_fusion_k=60
189,Q0,AP890525-0082,26,0.14078212287304867,reciprocal_rank_fusion_k=60
189,Q0,AP880717-0043,27,0.13845767391573383,reciprocal_rank_fusion_k=60
189,Q0,AP891228-0054,28,0.13827275431016048,reciprocal_rank_fusion_k=60
189,Q0,AP890129-0076,29,0.13473428363996656,reciprocal_rank_fusion_k=60
189,Q0,AP890131-0045,30,0.13463068671832018,reciprocal_rank_fusion_k=60
189,Q0,AP880218-0133,31,0.13384413801080558,reciprocal_rank_fusion_k=60
189,Q0,AP890130-0070,32,0.13339118516324427,reciprocal_rank_fusion_k=60
189,Q0,AP890407-0191,33,0.131620084518379,reciprocal_rank_fusion_k=60
189,Q0,ZF207-248-177,34,0.12868895402361064,reciprocal_rank_fusion_k=60
189,Q0,AP891024-0223,35,0.12758028696708618,reciprocal_rank_fusion_k=60
189,Q0,AP881217-0012,36,0.12691802033593996,reciprocal_rank_fusion_k=60
189,Q0,AP891202-0104,37,0.12689971910040723,reciprocal_rank_fusion_k=60
189,Q0,AP881206-0184,38,0.12624849885166076,reciprocal_rank_fusion_k=60
189,Q0,AP880817-0144,39,0.12559744024141753,reciprocal_rank_fusion_k=60
189,Q0,AP880706-0229,40,0.12547091737671545,reciprocal_rank_fusion_k=60
189,Q0,AP890424-0105,41,0.12346165381950523,reciprocal_rank_fusion_k=60
189,Q0,AP890130-0071,42,0.12293039684170193,reciprocal_rank_fusion_k=60
189,Q0,AP890618-0037,43,0.1191453478189147,reciprocal_rank_fusion_k=60
189,Q0,AP891121-0178,44,0.11796718375655234,reciprocal_rank_fusion_k=60
189,Q0,WSJ910524-0065,45,0.11738351079997641,reciprocal_rank_fusion_k=60
189,Q0,AP890109-0159,46,0.11705004735021668,reciprocal_rank_fusion_k=60
189,Q0,AP881027-0068,47,0.11672501967777953,reciprocal_rank_fusion_k=60
189,Q0,AP880521-0186,48,0.11538661946601911,reciprocal_rank_fusion_k=60
189,Q0,AP881206-0197,49,0.1127551401505651,reciprocal_rank_fusion_k=60
189,Q0,AP890815-0110,50,0.11250502902230758,reciprocal_rank_fusion_k=60
189,Q0,AP890129-0024,51,0.11219488892084997,reciprocal_rank_fusion_k=60
189,Q0,AP891223-0087,52,0.11035828267911288,reciprocal_rank_fusion_k=60
189,Q0,AP890123-0207,53,0.10955959373594812,reciprocal_rank_fusion_k=60
189,Q0,AP890908-0050,54,0.10898322398066958,reciprocal_rank_fusion_k=60
189,Q0,AP890613-0029,55,0.10820875199691139,reciprocal_rank_fusion_k=60
189,Q0,AP881116-0044,56,0.10731592921929223,reciprocal_rank_fusion_k=60
189,Q0,AP880512-0210,57,0.10728626226710748,reciprocal_rank_fusion_k=60
189,Q0,AP890427-0102,58,0.10670561506792198,reciprocal_rank_fusion_k=60
189,Q0,AP880716-0029,59,0.10594983029124361,reciprocal_rank_fusion_k=60
189,Q0,AP881221-0126,60,0.10333874998247913,reciprocal_rank_fusion_k=60
189,Q0,AP890122-0077,61,0.10323146820055265,reciprocal_rank_fusion_k=60
189,Q0,AP891127-0198,62,0.10253503663348165,reciprocal_rank_fusion_k=60
189,Q0,AP881216-0070,63,0.1022603190437364,reciprocal_rank_fusion_k=60
189,Q0,AP890106-0201,64,0.10082297407187646,reciprocal_rank_fusion_k=60
189,Q0,WSJ900523-0125,65,0.1006955595138137,reciprocal_rank_fusion_k=60
189,Q0,AP890918-0084,66,0.09939953517928311,reciprocal_rank_fusion_k=60
189,Q0,AP890602-0206,67,0.09939929218121328,reciprocal_rank_fusion_k=60
189,Q0,AP890412-0209,68,0.09868331430764765,reciprocal_rank_fusion_k=60
189,Q0,WSJ880114-0133,69,0.09821834365587158,reciprocal_rank_fusion_k=60
189,Q0,WSJ880422-0145,70,0.0977085662273881,reciprocal_rank_fusion_k=60
189,Q0,AP880325-0193,71,0.09745278875610341,reciprocal_rank_fusion_k=60
189,Q0,AP890529-0106,72,0.09687821799430159,reciprocal_rank_fusion_k=60
189,Q0,AP890131-0057,73,0.09535002762816865,reciprocal_rank_fusion_k=60
189,Q0,AP890210-0001,74,0.09469382034723232,reciprocal_rank_fusion_k=60
189,Q0,AP890516-0095,75,0.09458930078353892,reciprocal_rank_fusion_k=60
189,Q0,AP890612-0067,76,0.09433386426736316,reciprocal_rank_fusion_k=60
189,Q0,AP890129-0030,77,0.0939640243217774,reciprocal_rank_fusion_k=60
189,Q0,AP880307-0126,78,0.09315031652279794,reciprocal_rank_fusion_k=60
189,Q0,AP890719-0068,79,0.09289559091081713,reciprocal_rank_fusion_k=60
189,Q0,AP881031-0070,80,0.09244883905533754,reciprocal_rank_fusion_k=60
189,Q0,AP890529-0060,81,0.09242738973327776,reciprocal_rank_fusion_k=60
189,Q0,AP890724-0025,82,0.09100321017914959,reciprocal_rank_fusion_k=60
189,Q0,AP890201-0034,83,0.09092752834539612,reciprocal_rank_fusion_k=60
189,Q0,AP891027-0040,84,0.09035422191590606,reciprocal_rank_fusion_k=60
189,Q0,AP880708-0154,85,0.08940417500653199,reciprocal_rank_fusion_k=60
189,Q0,AP890912-0158,86,0.08924158900527561,reciprocal_rank_fusion_k=60
189,Q0,AP890412-0087,87,0.08881865237614345,reciprocal_rank_fusion_k=60
189,Q0,AP881215-0086,88,0.08863340403621527,reciprocal_rank_fusion_k=60
189,Q0,AP890211-0053,89,0.08860938118147217,reciprocal_rank_fusion_k=60
189,Q0,AP890201-0004,90,0.08859099457510677,reciprocal_rank_fusion_k=60
189,Q0,AP891227-0092,91,0.08822797381282717,reciprocal_rank_fusion_k=60
189,Q0,AP890914-0065,92,0.0875367817379806,reciprocal_rank_fusion_k=60
189,Q0,AP890911-0102,93,0.08753487448731934,reciprocal_rank_fusion_k=60
189,Q0,AP880330-0046,94,0.08676884483575609,reciprocal_rank_fusion_k=60
189,Q0,AP890420-0073,95,0.08576178892308838,reciprocal_rank_fusion_k=60
189,Q0,AP890727-0139,96,0.08532867372710917,reciprocal_rank_fusion_k=60
189,Q0,AP890726-0235,97,0.08530504732073363,reciprocal_rank_fusion_k=60
189,Q0,AP890125-0137,98,0.08508354538162563,reciprocal_rank_fusion_k=60
189,Q0,AP880516-0154,99,0.08508122866082424,reciprocal_rank_fusion_k=60
189,Q0,AP890919-0060,100,0.08397113614341116,reciprocal_rank_fusion_k=60
189,Q0,AP890910-0054,101,0.08333618742369699,reciprocal_rank_fusion_k=60
189,Q0,AP891030-0025,102,0.08322481545426819,reciprocal_rank_fusion_k=60
189,Q0,AP890119-0118,103,0.08311583316667064,reciprocal_rank_fusion_k=60
189,Q0,AP880516-0201,104,0.0829710841450768,reciprocal_rank_fusion_k=60
189,Q0,AP890316-0068,105,0.08286511116528954,reciprocal_rank_fusion_k=60
189,Q0,AP890921-0019,106,0.0823142962189994,reciprocal_rank_fusion_k=60
189,Q0,AP891220-0150,107,0.08192982269208832,reciprocal_rank_fusion_k=60
189,Q0,AP880310-0241,108,0.0817912679021362,reciprocal_rank_fusion_k=60
189,Q0,AP880512-0148,109,0.08161514042600555,reciprocal_rank_fusion_k=60
189,Q0,AP890124-0185,110,0.08147348560244835,reciprocal_rank_fusion_k=60
189,Q0,AP880528-0037,111,0.0812104007847261,reciprocal_rank_fusion_k=60
189,Q0,AP890912-0069,112,0.0811324148338015,reciprocal_rank_fusion_k=60
189,Q0,AP890919-0010,113,0.08081556203652783,reciprocal_rank_fusion_k=60
189,Q0,AP890921-0066,114,0.08019164802110484,reciprocal_rank_fusion_k=60
189,Q0,AP880421-0102,115,0.07986972974070271,reciprocal_rank_fusion_k=60
189,Q0,AP880816-0116,116,0.07961398208566745,reciprocal_rank_fusion_k=60
189,Q0,WSJ880826-0180,117,0.07958900605756311,reciprocal_rank_fusion_k=60
189,Q0,AP890605-0009,118,0.0793433909778906,reciprocal_rank_fusion_k=60
189,Q0,AP891002-0026,119,0.07890591964066106,reciprocal_rank_fusion_k=60
189,Q0,AP880727-0039,120,0.07878649703819247,reciprocal_rank_fusion_k=60
189,Q0,AP890209-0053,121,0.07873300051076201,reciprocal_rank_fusion_k=60
189,Q0,AP881104-0172,122,0.07861277020710726,reciprocal_rank_fusion_k=60
189,Q0,AP880310-0143,123,0.07736931853698877,reciprocal_rank_fusion_k=60
189,Q0,WSJ910712-0142,124,0.07709355302110178,reciprocal_rank_fusion_k=60
189,Q0,AP880723-0183,125,0.07683678511320544,reciprocal_rank_fusion_k=60
189,Q0,AP881011-0090,126,0.07643531896478806,reciprocal_rank_fusion_k=60
189,Q0,AP880908-0159,127,0.07597968121000626,reciprocal_rank_fusion_k=60
189,Q0,AP890313-0060,128,0.07579090216096394,reciprocal_rank_fusion_k=60
189,Q0,AP881227-0026,129,0.07555877459515631,reciprocal_rank_fusion_k=60
189,Q0,AP881005-0172,130,0.07553790084201611,reciprocal_rank_fusion_k=60
189,Q0,WSJ911219-0073,131,0.07550739446058134,reciprocal_rank_fusion_k=60
189,Q0,AP891025-0097,132,0.07548281050627874,reciprocal_rank_fusion_k=60
189,Q0,WSJ910513-0076,133,0.07501976062696739,reciprocal_rank_fusion_k=60
189,Q0,AP890919-0178,134,0.07440498931889371,reciprocal_rank_fusion_k=60
189,Q0,AP890901-0132,135,0.07434237765280077,reciprocal_rank_fusion_k=60
189,Q0,AP880813-0177,136,0.07396168854513957,reciprocal_rank_fusion_k=60
189,Q0,AP891214-0100,137,0.07381273723878068,reciprocal_rank_fusion_k=60
189,Q0,AP891123-0105,138,0.073605997261143,reciprocal_rank_fusion_k=60
189,Q0,AP881220-0177,139,0.0733419537124942,reciprocal_rank_fusion_k=60
189,Q0,AP890130-0168,140,0.07216163659132079,reciprocal_rank_fusion_k=60
189,Q0,AP881223-0076,141,0.07203505052738668,reciprocal_rank_fusion_k=60
189,Q0,AP891223-0041,142,0.0720071886075179,reciprocal_rank_fusion_k=60
189,Q0,AP890403-0067,143,0.07189068590941627,reciprocal_rank_fusion_k=60
189,Q0,AP890209-0071,144,0.07184012397206208,reciprocal_rank_fusion_k=60
189,Q0,AP890130-0033,145,0.07099272028677332,reciprocal_rank_fusion_k=60
189,Q0,AP890110-0081,146,0.07036492943409155,reciprocal_rank_fusion_k=60
189,Q0,AP890407-0199,147,0.07018917203746816,reciprocal_rank_fusion_k=60
189,Q0,WSJ910319-0169,148,0.07009917654503926,reciprocal_rank_fusion_k=60
189,Q0,AP880404-0188,149,0.07004015509818723,reciprocal_rank_fusion_k=60
189,Q0,AP891229-0015,150,0.06967326808554662,reciprocal_rank_fusion_k=60
189,Q0,AP891003-0001,151,0.06929120580427647,reciprocal_rank_fusion_k=60
189,Q0,DOE2-45-0055,152,0.06926557933631106,reciprocal_rank_fusion_k=60
189,Q0,AP881222-0030,153,0.06921128495086921,reciprocal_rank_fusion_k=60
189,Q0,AP880316-0099,154,0.0690598179376777,reciprocal_rank_fusion_k=60
189,Q0,WSJ900627-0003,155,0.06831398010359592,reciprocal_rank_fusion_k=60
189,Q0,AP890130-0156,156,0.06739841226166704,reciprocal_rank_fusion_k=60
189,Q0,AP890619-0119,157,0.06727694794821154,reciprocal_rank_fusion_k=60
189,Q0,AP881223-0046,158,0.06653384295398002,reciprocal_rank_fusion_k=60
189,Q0,AP890125-0229,159,0.0660535879568091,reciprocal_rank_fusion_k=60
189,Q0,AP880601-0227,160,0.06542913884712716,reciprocal_rank_fusion_k=60
189,Q0,AP880322-0241,161,0.06531123706037703,reciprocal_rank_fusion_k=60
189,Q0,AP881031-0154,162,0.06502523588661942,reciprocal_rank_fusion_k=60
189,Q0,AP890716-0067,163,0.06492625567625644,reciprocal_rank_fusion_k=60
189,Q0,AP881214-0211,164,0.06487920743661164,reciprocal_rank_fusion_k=60
189,Q0,AP891217-0014,165,0.06480647581379666,reciprocal_rank_fusion_k=60
189,Q0,AP880219-0151,166,0.06480597281645757,reciprocal_rank_fusion_k=60
189,Q0,AP881104-0214,167,0.06389000463372654,reciprocal_rank_fusion_k=60
189,Q0,AP891221-0063,168,0.0636283668830625,reciprocal_rank_fusion_k=60
189,Q0,AP890710-0112,169,0.06292566727638976,reciprocal_rank_fusion_k=60
189,Q0,AP890325-0042,170,0.06288231041627475,reciprocal_rank_fusion_k=60
189,Q0,AP890124-0071,171,0.06271545682885855,reciprocal_rank_fusion_k=60
189,Q0,AP881104-0079,172,0.06239551640947117,reciprocal_rank_fusion_k=60
189,Q0,AP891124-0030,173,0.062139212796201354,reciprocal_rank_fusion_k=60
189,Q0,AP890811-0060,174,0.06205462344470625,reciprocal_rank_fusion_k=60
189,Q0,AP880802-0107,175,0.06189390895593544,reciprocal_rank_fusion_k=60
189,Q0,AP880505-0238,176,0.06178766015632829,reciprocal_rank_fusion_k=60
189,Q0,AP890721-0102,177,0.061738012773730394,reciprocal_rank_fusion_k=60
189,Q0,AP890108-0080,178,0.06153731537817049,reciprocal_rank_fusion_k=60
189,Q0,AP890405-0118,179,0.06076990835457763,reciprocal_rank_fusion_k=60
189,Q0,AP891129-0196,180,0.06036739122286385,reciprocal_rank_fusion_k=60
189,Q0,WSJ870126-0005,181,0.06035726114915783,reciprocal_rank_fusion_k=60
189,Q0,AP890501-0075,182,0.060061622612838136,reciprocal_rank_fusion_k=60
189,Q0,AP890124-0199,183,0.05998439990861304,reciprocal_rank_fusion_k=60
189,Q0,AP881222-0196,184,0.059826535581124184,reciprocal_rank_fusion_k=60
189,Q0,AP880326-0153,185,0.059825008614694794,reciprocal_rank_fusion_k=60
189,Q0,AP881217-0048,186,0.05970798717680588,reciprocal_rank_fusion_k=60
189,Q0,AP880405-0219,187,0.0591973317184715,reciprocal_rank_fusion_k=60
189,Q0,AP890812-0021,188,0.058799446569732065,reciprocal_rank_fusion_k=60
189,Q0,AP891208-0090,189,0.058565666116910685,reciprocal_rank_fusion_k=60
189,Q0,WSJ910702-0096,190,0.05837126481075667,reciprocal_rank_fusion_k=60
189,Q0,AP890123-0126,191,0.0582871316154704,reciprocal_rank_fusion_k=60
189,Q0,AP881109-0295,192,0.058265771689249714,reciprocal_rank_fusion_k=60
189,Q0,AP890710-0038,193,0.0576443493406313,reciprocal_rank_fusion_k=60
189,Q0,AP890322-0195,194,0.05731381939395675,reciprocal_rank_fusion_k=60
189,Q0,AP890223-0085,195,0.05719550992345787,reciprocal_rank_fusion_k=60
189,Q0,AP880321-0087,196,0.056979983260134516,reciprocal_rank_fusion_k=60
189,Q0,AP881222-0214,197,0.05671303096484647,reciprocal_rank_fusion_k=60
189,Q0,AP880218-0207,198,0.05666267275603861,reciprocal_rank_fusion_k=60
189,Q0,AP881118-0145,199,0.05651100186855572,reciprocal_rank_fusion_k=60
189,Q0,AP881121-0054,200,0.05623652425375605,reciprocal_rank_fusion_k=60
189,Q0,AP881220-0154,201,0.056137577726001565,reciprocal_rank_fusion_k=60
189,Q0,AP890818-0093,202,0.05612520568680373,reciprocal_rank_fusion_k=60
189,Q0,AP880723-0073,203,0.05595849680970512,reciprocal_rank_fusion_k=60
189,Q0,AP880401-0232,204,0.05592802114695905,reciprocal_rank_fusion_k=60
189,Q0,AP881121-0055,205,0.0559257115430317,reciprocal_rank_fusion_k=60
189,Q0,AP880225-0078,206,0.055716436459604925,reciprocal_rank_fusion_k=60
189,Q0,AP881204-0024,207,0.05567120649173809,reciprocal_rank_fusion_k=60
189,Q0,AP890526-0064,208,0.05565617857339282,reciprocal_rank_fusion_k=60
189,Q0,AP890324-0195,209,0.05535143983611911,reciprocal_rank_fusion_k=60
189,Q0,AP891012-0053,210,0.05534821531095754,reciprocal_rank_fusion_k=60
189,Q0,AP890914-0083,211,0.05527611250914944,reciprocal_rank_fusion_k=60
189,Q0,AP890909-0002,212,0.05527472684436034,reciprocal_rank_fusion_k=60
189,Q0,AP890320-0156,213,0.05513983514467899,reciprocal_rank_fusion_k=60
189,Q0,AP880319-0086,214,0.05508950917317771,reciprocal_rank_fusion_k=60
189,Q0,AP881023-0082,215,0.05468730083564485,reciprocal_rank_fusion_k=60
189,Q0,AP890501-0019,216,0.054396563393086496,reciprocal_rank_fusion_k=60
189,Q0,AP880319-0090,217,0.054227300143685736,reciprocal_rank_fusion_k=60
189,Q0,AP881108-0080,218,0.05417833015997882,reciprocal_rank_fusion_k=60
189,Q0,AP891204-0142,219,0.054176519034648124,reciprocal_rank_fusion_k=60
189,Q0,AP880327-0055,220,0.05402167775253423,reciprocal_rank_fusion_k=60
189,Q0,AP880715-0081,221,0.0539595247203242,reciprocal_rank_fusion_k=60
189,Q0,AP880218-0136,222,0.05378866714594369,reciprocal_rank_fusion_k=60
189,Q0,AP880802-0121,223,0.05374286497036479,reciprocal_rank_fusion_k=60
189,Q0,AP890228-0172,224,0.053240865857305454,reciprocal_rank_fusion_k=60
189,Q0,AP891223-0097,225,0.05318156886123576,reciprocal_rank_fusion_k=60
189,Q0,AP890207-0054,226,0.053004490581473,reciprocal_rank_fusion_k=60
189,Q0,AP890122-0054,227,0.052891886587204034,reciprocal_rank_fusion_k=60
189,Q0,AP891025-0105,228,0.0528010906481807,reciprocal_rank_fusion_k=60
189,Q0,AP890120-0228,229,0.052759228568364215,reciprocal_rank_fusion_k=60
189,Q0,AP891107-0199,230,0.052753493911212444,reciprocal_rank_fusion_k=60
189,Q0,AP880511-0149,231,0.0527306834016077,reciprocal_rank_fusion_k=60
189,Q0,AP881220-0089,232,0.052612907465973933,reciprocal_rank_fusion_k=60
189,Q0,AP880729-0053,233,0.052532161394819706,reciprocal_rank_fusion_k=60
189,Q0,AP880510-0079,234,0.05245869978176067,reciprocal_rank_fusion_k=60
189,Q0,AP890330-0040,235,0.052215617346213376,reciprocal_rank_fusion_k=60
189,Q0,AP890130-0174,236,0.0520036623483451,reciprocal_rank_fusion_k=60
189,Q0,AP890815-0014,237,0.05174842527713442,reciprocal_rank_fusion_k=60
189,Q0,AP880730-0038,238,0.05124575708538699,reciprocal_rank_fusion_k=60
189,Q0,AP880413-0104,239,0.051047259714303315,reciprocal_rank_fusion_k=60
189,Q0,AP880309-0204,240,0.05099039437703018,reciprocal_rank_fusion_k=60
189,Q0,AP891208-0194,241,0.05068627368205327,reciprocal_rank_fusion_k=60
189,Q0,AP890110-0161,242,0.05062154468145374,reciprocal_rank_fusion_k=60
189,Q0,AP880513-0121,243,0.050613665420467656,reciprocal_rank_fusion_k=60
189,Q0,AP881207-0069,244,0.050413069997394484,reciprocal_rank_fusion_k=60
189,Q0,AP891229-0168,245,0.05036038204059496,reciprocal_rank_fusion_k=60
189,Q0,AP880920-0142,246,0.05003822063771438,reciprocal_rank_fusion_k=60
189,Q0,AP880829-0102,247,0.04990028334552376,reciprocal_rank_fusion_k=60
189,Q0,AP880801-0071,248,0.049889268841959315,reciprocal_rank_fusion_k=60
189,Q0,AP890822-0034,249,0.049214210291617565,reciprocal_rank_fusion_k=60
189,Q0,AP890828-0068,250,0.04912446429800654,reciprocal_rank_fusion_k=60
189,Q0,AP880610-0152,251,0.04875950245145837,reciprocal_rank_fusion_k=60
189,Q0,AP880316-0227,252,0.04864395386107544,reciprocal_rank_fusion_k=60
189,Q0,AP890728-0033,253,0.04848814294103604,reciprocal_rank_fusion_k=60
189,Q0,AP890602-0055,254,0.048320719459658934,reciprocal_rank_fusion_k=60
189,Q0,AP890606-0048,255,0.04803186780909794,reciprocal_rank_fusion_k=60
189,Q0,AP890113-0026,256,0.04796722940909287,reciprocal_rank_fusion_k=60
189,Q0,AP890505-0060,257,0.047907403611827534,reciprocal_rank_fusion_k=60
189,Q0,AP880909-0076,258,0.047751037428716225,reciprocal_rank_fusion_k=60
189,Q0,WSJ900504-0129,259,0.04774839547758895,reciprocal_rank_fusion_k=60
189,Q0,AP880527-0225,260,0.047435349185089334,reciprocal_rank_fusion_k=60
189,Q0,AP891222-0206,261,0.04742777830991288,reciprocal_rank_fusion_k=60
189,Q0,AP890728-0115,262,0.047395001181679317,reciprocal_rank_fusion_k=60
189,Q0,AP890720-0061,263,0.047244411459194155,reciprocal_rank_fusion_k=60
189,Q0,AP880616-0159,264,0.04709598453327833,reciprocal_rank_fusion_k=60
189,Q0,AP890914-0125,265,0.047052719445331445,reciprocal_rank_fusion_k=60
189,Q0,AP891019-0245,266,0.04701396980659455,reciprocal_rank_fusion_k=60
189,Q0,AP891102-0141,267,0.046774335016318454,reciprocal_rank_fusion_k=60
189,Q0,AP880212-0090,268,0.04667050450532169,reciprocal_rank_fusion_k=60
189,Q0,AP881006-0178,269,0.046433423307071245,reciprocal_rank_fusion_k=60
189,Q0,AP881130-0212,270,0.046403051696362246,reciprocal_rank_fusion_k=60
189,Q0,AP890506-0037,271,0.046308851731007725,reciprocal_rank_fusion_k=60
189,Q0,AP880417-0040,272,0.046160211481583675,reciprocal_rank_fusion_k=60
189,Q0,AP890602-0127,273,0.04609583120807476,reciprocal_rank_fusion_k=60
189,Q0,AP880919-0119,274,0.04594872399356774,reciprocal_rank_fusion_k=60
189,Q0,AP880716-0071,275,0.04594075992792621,reciprocal_rank_fusion_k=60
189,Q0,AP890216-0059,276,0.04537136153685131,reciprocal_rank_fusion_k=60
189,Q0,AP880802-0229,277,0.04534583960921013,reciprocal_rank_fusion_k=60
189,Q0,AP890915-0049,278,0.04533507005053109,reciprocal_rank_fusion_k=60
189,Q0,AP890530-0036,279,0.04525949835312015,reciprocal_rank_fusion_k=60
189,Q0,AP881101-0166,280,0.044984311248531104,reciprocal_rank_fusion_k=60
189,Q0,AP890822-0120,281,0.044806550148007974,reciprocal_rank_fusion_k=60
189,Q0,AP890618-0044,282,0.04468276886205304,reciprocal_rank_fusion_k=60
189,Q0,AP890619-0054,283,0.04426845021061418,reciprocal_rank_fusion_k=60
189,Q0,AP890211-0022,284,0.04419843185013991,reciprocal_rank_fusion_k=60
189,Q0,AP890102-0052,285,0.0441677123464111,reciprocal_rank_fusion_k=60
189,Q0,AP890522-0058,286,0.04406359458382007,reciprocal_rank_fusion_k=60
189,Q0,AP890315-0264,287,0.04394765434044571,reciprocal_rank_fusion_k=60
189,Q0,AP880723-0020,288,0.043832672330176056,reciprocal_rank_fusion_k=60
189,Q0,AP890105-0055,289,0.043564717135352836,reciprocal_rank_fusion_k=60
189,Q0,AP891228-0030,290,0.0435635965547528,reciprocal_rank_fusion_k=60
189,Q0,AP881214-0078,291,0.04331562996749287,reciprocal_rank_fusion_k=60
189,Q0,AP891227-0134,292,0.04296044198279481,reciprocal_rank_fusion_k=60
189,Q0,AP891221-0188,293,0.04265742446122313,reciprocal_rank_fusion_k=60
189,Q0,AP890920-0193,294,0.042482012677820806,reciprocal_rank_fusion_k=60
189,Q0,AP890520-0065,295,0.04234923086354245,reciprocal_rank_fusion_k=60
189,Q0,AP880907-0147,296,0.04233584090956265,reciprocal_rank_fusion_k=60
189,Q0,AP891226-0117,297,0.04233286609603996,reciprocal_rank_fusion_k=60
189,Q0,AP880508-0073,298,0.042084972497548764,reciprocal_rank_fusion_k=60
189,Q0,AP890126-0068,299,0.041948953898509084,reciprocal_rank_fusion_k=60
189,Q0,AP880326-0047,300,0.041793211717044344,reciprocal_rank_fusion_k=60
189,Q0,AP890202-0203,301,0.04178520933458254,reciprocal_rank_fusion_k=60
189,Q0,AP890124-0130,302,0.041746279556457475,reciprocal_rank_fusion_k=60
189,Q0,AP890109-0227,303,0.04153612281395817,reciprocal_rank_fusion_k=60
189,Q0,AP890109-0245,304,0.041489968840578574,reciprocal_rank_fusion_k=60
189,Q0,AP890718-0219,305,0.041463166020888266,reciprocal_rank_fusion_k=60
189,Q0,AP880619-0001,306,0.0414403821140714,reciprocal_rank_fusion_k=60
189,Q0,AP880301-0205,307,0.041422652699038325,reciprocal_rank_fusion_k=60
189,Q0,AP880815-0074,308,0.04137940252335838,reciprocal_rank_fusion_k=60
189,Q0,WSJ870630-0044,309,0.041322091051967706,reciprocal_rank_fusion_k=60
189,Q0,AP890807-0005,310,0.04112495581561765,reciprocal_rank_fusion_k=60
189,Q0,AP890407-0111,311,0.041121263885146066,reciprocal_rank_fusion_k=60
189,Q0,AP881221-0214,312,0.04095267713699019,reciprocal_rank_fusion_k=60
189,Q0,AP890725-0004,313,0.040927684161030604,reciprocal_rank_fusion_k=60
189,Q0,AP890912-0053,314,0.040883345693967184,reciprocal_rank_fusion_k=60
189,Q0,AP890124-0207,315,0.04081945947636979,reciprocal_rank_fusion_k=60
189,Q0,AP880517-0216,316,0.040681688399433265,reciprocal_rank_fusion_k=60
189,Q0,AP880411-0119,317,0.040627154866291225,reciprocal_rank_fusion_k=60
189,Q0,AP890830-0006,318,0.040444086294489104,reciprocal_rank_fusion_k=60
189,Q0,AP890731-0171,319,0.040360452255346,reciprocal_rank_fusion_k=60
189,Q0,AP880219-0118,320,0.04029410689529361,reciprocal_rank_fusion_k=60
189,Q0,WSJ890810-0137,321,0.04024652036524192,reciprocal_rank_fusion_k=60
189,Q0,FR88516-0128,322,0.040223480597851746,reciprocal_rank_fusion_k=60
189,Q0,WSJ890925-0016,323,0.040098613558532475,reciprocal_rank_fusion_k=60
189,Q0,AP881122-0049,324,0.04003681744271984,reciprocal_rank_fusion_k=60
189,Q0,AP890715-0131,325,0.040035321483909446,reciprocal_rank_fusion_k=60
189,Q0,AP881215-0038,326,0.04000547841410579,reciprocal_rank_fusion_k=60
189,Q0,AP890119-0228,327,0.03994513957353526,reciprocal_rank_fusion_k=60
189,Q0,AP880218-0028,328,0.039804909965542784,reciprocal_rank_fusion_k=60
189,Q0,AP880421-0015,329,0.03949909184839839,reciprocal_rank_fusion_k=60
189,Q0,AP881020-0040,330,0.03946963061947339,reciprocal_rank_fusion_k=60
189,Q0,AP880323-0187,331,0.039467514460091536,reciprocal_rank_fusion_k=60
189,Q0,AP890525-0130,332,0.03940923773140564,reciprocal_rank_fusion_k=60
189,Q0,AP881216-0204,333,0.03930271982928405,reciprocal_rank_fusion_k=60
189,Q0,AP891130-0060,334,0.03914269284913501,reciprocal_rank_fusion_k=60
189,Q0,AP890526-0120,335,0.039018878214764685,reciprocal_rank_fusion_k=60
189,Q0,AP880715-0219,336,0.03888674693772605,reciprocal_rank_fusion_k=60
189,Q0,WSJ870223-0058,337,0.03878737713283547,reciprocal_rank_fusion_k=60
189,Q0,AP891208-0142,338,0.038568009202531596,reciprocal_rank_fusion_k=60
189,Q0,AP890405-0214,339,0.038435033173416844,reciprocal_rank_fusion_k=60
189,Q0,AP880709-0063,340,0.038352345703573605,reciprocal_rank_fusion_k=60
189,Q0,AP890510-0128,341,0.03816893522187738,reciprocal_rank_fusion_k=60
189,Q0,AP880718-0176,342,0.038151310725596604,reciprocal_rank_fusion_k=60
189,Q0,AP890602-0159,343,0.03800620266474641,reciprocal_rank_fusion_k=60
189,Q0,AP890130-0177,344,0.03796119051269884,reciprocal_rank_fusion_k=60
189,Q0,AP880519-0124,345,0.037868742069633844,reciprocal_rank_fusion_k=60
189,Q0,AP881114-0184,346,0.03773946422912361,reciprocal_rank_fusion_k=60
189,Q0,AP880701-0199,347,0.03772603499034309,reciprocal_rank_fusion_k=60
189,Q0,WSJ910903-0064,348,0.0376555938353708,reciprocal_rank_fusion_k=60
189,Q0,AP880719-0168,349,0.03759524936231876,reciprocal_rank_fusion_k=60
189,Q0,AP890802-0081,350,0.037498458725790954,reciprocal_rank_fusion_k=60
189,Q0,AP890712-0195,351,0.03746833202048169,reciprocal_rank_fusion_k=60
189,Q0,AP891010-0060,352,0.03720732501467788,reciprocal_rank_fusion_k=60
189,Q0,AP880922-0118,353,0.037082753525194696,reciprocal_rank_fusion_k=60
189,Q0,AP890427-0202,354,0.03707362674710586,reciprocal_rank_fusion_k=60
189,Q0,AP880725-0063,355,0.03706683293668492,reciprocal_rank_fusion_k=60
189,Q0,AP880508-0059,356,0.03703275686506202,reciprocal_rank_fusion_k=60
189,Q0,AP890803-0039,357,0.03702717991383102,reciprocal_rank_fusion_k=60
189,Q0,AP880903-0143,358,0.036960502085636296,reciprocal_rank_fusion_k=60
189,Q0,AP880927-0139,359,0.036669061458533866,reciprocal_rank_fusion_k=60
189,Q0,AP890425-0056,360,0.036650719450008126,reciprocal_rank_fusion_k=60
189,Q0,AP881214-0155,361,0.03662375355549745,reciprocal_rank_fusion_k=60
189,Q0,AP891004-0202,362,0.03658969709885377,reciprocal_rank_fusion_k=60
189,Q0,ZF107-987-396,363,0.03622477673780623,reciprocal_rank_fusion_k=60
189,Q0,AP880229-0100,364,0.036195126305260464,reciprocal_rank_fusion_k=60
189,Q0,AP890313-0149,365,0.03605012957927598,reciprocal_rank_fusion_k=60
189,Q0,AP880731-0037,366,0.036032660348482605,reciprocal_rank_fusion_k=60
189,Q0,AP881129-0028,367,0.03592958382466871,reciprocal_rank_fusion_k=60
189,Q0,AP880725-0070,368,0.03579679489287048,reciprocal_rank_fusion_k=60
189,Q0,AP891207-0138,369,0.03573734035143134,reciprocal_rank_fusion_k=60
189,Q0,AP881204-0040,370,0.03573429943080267,reciprocal_rank_fusion_k=60
189,Q0,AP890128-0164,371,0.035590769108778716,reciprocal_rank_fusion_k=60
189,Q0,AP880628-0213,372,0.03558808230716256,reciprocal_rank_fusion_k=60
189,Q0,AP890224-0135,373,0.035579282449802734,reciprocal_rank_fusion_k=60
189,Q0,AP880803-0065,374,0.03549527195355115,reciprocal_rank_fusion_k=60
189,Q0,AP880313-0027,375,0.035474604922466825,reciprocal_rank_fusion_k=60
189,Q0,AP890227-0139,376,0.03540149800836431,reciprocal_rank_fusion_k=60
189,Q0,AP890928-0014,377,0.03538924089549597,reciprocal_rank_fusion_k=60
189,Q0,AP880624-0042,378,0.03534409317133528,reciprocal_rank_fusion_k=60
189,Q0,AP881008-0120,379,0.035334424652517196,reciprocal_rank_fusion_k=60
189,Q0,AP880323-0217,380,0.03517713357428926,reciprocal_rank_fusion_k=60
189,Q0,AP891004-0155,381,0.034842454453292655,reciprocal_rank_fusion_k=60
189,Q0,AP880929-0094,382,0.034832875233496784,reciprocal_rank_fusion_k=60
189,Q0,AP890504-0054,383,0.03475094706907768,reciprocal_rank_fusion_k=60
189,Q0,AP880219-0083,384,0.03470748737425877,reciprocal_rank_fusion_k=60
189,Q0,AP891220-0180,385,0.034596137569629794,reciprocal_rank_fusion_k=60
189,Q0,AP890407-0185,386,0.0345656294964687,reciprocal_rank_fusion_k=60
189,Q0,AP890516-0114,387,0.03453476772342446,reciprocal_rank_fusion_k=60
189,Q0,AP880622-0205,388,0.034496213307250376,reciprocal_rank_fusion_k=60
189,Q0,AP881003-0265,389,0.03437169966390713,reciprocal_rank_fusion_k=60
189,Q0,AP890112-0167,390,0.03431683484122982,reciprocal_rank_fusion_k=60
189,Q0,AP880902-0130,391,0.03426874454773961,reciprocal_rank_fusion_k=60
189,Q0,AP890131-0072,392,0.03410410862121778,reciprocal_rank_fusion_k=60
189,Q0,AP890726-0069,393,0.034088742779607474,reciprocal_rank_fusion_k=60
189,Q0,AP880429-0109,394,0.03405290874422374,reciprocal_rank_fusion_k=60
189,Q0,AP891130-0175,395,0.03384295193291048,reciprocal_rank_fusion_k=60
189,Q0,AP881124-0040,396,0.03380681765518859,reciprocal_rank_fusion_k=60
189,Q0,AP880423-0119,397,0.033790525088613334,reciprocal_rank_fusion_k=60
189,Q0,AP880309-0307,398,0.033758673403846286,reciprocal_rank_fusion_k=60
189,Q0,AP880228-0010,399,0.03367639476344266,reciprocal_rank_fusion_k=60
189,Q0,AP890330-0116,400,0.03363217341771958,reciprocal_rank_fusion_k=60
189,Q0,AP880711-0185,401,0.03362210661119932,reciprocal_rank_fusion_k=60
189,Q0,AP880820-0095,402,0.03361407301442417,reciprocal_rank_fusion_k=60
189,Q0,AP890601-0101,403,0.03358954917905923,reciprocal_rank_fusion_k=60
189,Q0,DOE1-75-0358,404,0.03352130835071005,reciprocal_rank_fusion_k=60
189,Q0,AP880317-0006,405,0.033392678922294,reciprocal_rank_fusion_k=60
189,Q0,AP890515-0175,406,0.03337265607460356,reciprocal_rank_fusion_k=60
189,Q0,WSJ890907-0053,407,0.03335277919819871,reciprocal_rank_fusion_k=60
189,Q0,AP880317-0044,408,0.03328689227743285,reciprocal_rank_fusion_k=60
189,Q0,AP880319-0109,409,0.033272934172461535,reciprocal_rank_fusion_k=60
189,Q0,AP891128-0141,410,0.0332678878355479,reciprocal_rank_fusion_k=60
189,Q0,AP891114-0174,411,0.03320553151309478,reciprocal_rank_fusion_k=60
189,Q0,AP881121-0017,412,0.03314549105168949,reciprocal_rank_fusion_k=60
189,Q0,AP880219-0182,413,0.03289452705559375,reciprocal_rank_fusion_k=60
189,Q0,AP881031-0060,414,0.03288837721139417,reciprocal_rank_fusion_k=60
189,Q0,AP881025-0188,415,0.03287331584674695,reciprocal_rank_fusion_k=60
189,Q0,AP891101-0160,416,0.03279828704673635,reciprocal_rank_fusion_k=60
189,Q0,AP881221-0193,417,0.03273047443032588,reciprocal_rank_fusion_k=60
189,Q0,AP880926-0161,418,0.03265885202929694,reciprocal_rank_fusion_k=60
189,Q0,AP881028-0148,419,0.032617000962767165,reciprocal_rank_fusion_k=60
189,Q0,AP890413-0019,420,0.032448423726303605,reciprocal_rank_fusion_k=60
189,Q0,AP890920-0033,421,0.03238562980062485,reciprocal_rank_fusion_k=60
189,Q0,AP890119-0052,422,0.03225963811497845,reciprocal_rank_fusion_k=60
189,Q0,AP891202-0062,423,0.03225525772138412,reciprocal_rank_fusion_k=60
189,Q0,AP890630-0204,424,0.03225160510180741,reciprocal_rank_fusion_k=60
189,Q0,AP890821-0140,425,0.032165429983141744,reciprocal_rank_fusion_k=60
189,Q0,AP880824-0140,426,0.03200670004581544,reciprocal_rank_fusion_k=60
189,Q0,AP881226-0042,427,0.03200621058391392,reciprocal_rank_fusion_k=60
189,Q0,AP891204-0127,428,0.031966506346247724,reciprocal_rank_fusion_k=60
189,Q0,AP891220-0129,429,0.03187595794522529,reciprocal_rank_fusion_k=60
189,Q0,AP880505-0038,430,0.03187254377718579,reciprocal_rank_fusion_k=60
189,Q0,AP891217-0004,431,0.03180854453398835,reciprocal_rank_fusion_k=60
189,Q0,AP880718-0092,432,0.03177900589646497,reciprocal_rank_fusion_k=60
189,Q0,AP891018-0064,433,0.03175258503302755,reciprocal_rank_fusion_k=60
189,Q0,AP881224-0020,434,0.031749135251925874,reciprocal_rank_fusion_k=60
189,Q0,AP890406-0044,435,0.03157775183376619,reciprocal_rank_fusion_k=60
189,Q0,AP890129-0023,436,0.031568974854803915,reciprocal_rank_fusion_k=60
189,Q0,AP880701-0076,437,0.0315610104557904,reciprocal_rank_fusion_k=60
189,Q0,AP880507-0052,438,0.031449473993392985,reciprocal_rank_fusion_k=60
189,Q0,AP891213-0220,439,0.03139310585793486,reciprocal_rank_fusion_k=60
189,Q0,AP881027-0047,440,0.031311842613361715,reciprocal_rank_fusion_k=60
189,Q0,AP890914-0190,441,0.03116394282263223,reciprocal_rank_fusion_k=60
189,Q0,AP890329-0036,442,0.03103258575994748,reciprocal_rank_fusion_k=60
189,Q0,AP890315-0085,443,0.03103255452616257,reciprocal_rank_fusion_k=60
189,Q0,AP880622-0232,444,0.030931528153716845,reciprocal_rank_fusion_k=60
189,Q0,AP890125-0101,445,0.030917415626964744,reciprocal_rank_fusion_k=60
189,Q0,AP890801-0044,446,0.030909121804632872,reciprocal_rank_fusion_k=60
189,Q0,AP880614-0041,447,0.03090118657124569,reciprocal_rank_fusion_k=60
189,Q0,AP890726-0132,448,0.030878922497827636,reciprocal_rank_fusion_k=60
189,Q0,AP890102-0105,449,0.030773716346299846,reciprocal_rank_fusion_k=60
189,Q0,AP881118-0140,450,0.030747510196250077,reciprocal_rank_fusion_k=60
189,Q0,AP890111-0191,451,0.030726331354712293,reciprocal_rank_fusion_k=60
189,Q0,AP880506-0168,452,0.030671762250668755,reciprocal_rank_fusion_k=60
189,Q0,AP880701-0226,453,0.030654448735682377,reciprocal_rank_fusion_k=60
189,Q0,AP880509-0222,454,0.03061420134279948,reciprocal_rank_fusion_k=60
189,Q0,AP890802-0190,455,0.030588488601116372,reciprocal_rank_fusion_k=60
189,Q0,AP880524-0222,456,0.03058544199423823,reciprocal_rank_fusion_k=60
189,Q0,AP880606-0093,457,0.03058316775889731,reciprocal_rank_fusion_k=60
189,Q0,AP890711-0199,458,0.03056199314649646,reciprocal_rank_fusion_k=60
189,Q0,AP880408-0158,459,0.030543398780039123,reciprocal_rank_fusion_k=60
189,Q0,AP891025-0073,460,0.03052404170395373,reciprocal_rank_fusion_k=60
189,Q0,AP890201-0148,461,0.030476950704855968,reciprocal_rank_fusion_k=60
189,Q0,AP880922-0072,462,0.030446692790637477,reciprocal_rank_fusion_k=60
189,Q0,AP890120-0162,463,0.03044574791546893,reciprocal_rank_fusion_k=60
189,Q0,AP880812-0244,464,0.030403092951923585,reciprocal_rank_fusion_k=60
189,Q0,AP890119-0106,465,0.030393289106235673,reciprocal_rank_fusion_k=60
189,Q0,AP890614-0034,466,0.030366808754568507,reciprocal_rank_fusion_k=60
189,Q0,AP890125-0093,467,0.03031185225847914,reciprocal_rank_fusion_k=60
189,Q0,AP890318-0005,468,0.030280673755905853,reciprocal_rank_fusion_k=60
189,Q0,AP890904-0073,469,0.03027303739425198,reciprocal_rank_fusion_k=60
189,Q0,AP881026-0053,470,0.030252782702778334,reciprocal_rank_fusion_k=60
189,Q0,AP890830-0042,471,0.030207881038301392,reciprocal_rank_fusion_k=60
189,Q0,WSJ911008-0103,472,0.030198646182082945,reciprocal_rank_fusion_k=60
189,Q0,AP890907-0203,473,0.030116240747311677,reciprocal_rank_fusion_k=60
189,Q0,AP890303-0100,474,0.030075136473480164,reciprocal_rank_fusion_k=60
189,Q0,AP881017-0043,475,0.03002732165034308,reciprocal_rank_fusion_k=60
189,Q0,AP880428-0180,476,0.029807592897888466,reciprocal_rank_fusion_k=60
189,Q0,AP880929-0031,477,0.02975538620978313,reciprocal_rank_fusion_k=60
189,Q0,AP880225-0242,478,0.02975043453639814,reciprocal_rank_fusion_k=60
189,Q0,AP890821-0086,479,0.029720857032479862,reciprocal_rank_fusion_k=60
189,Q0,AP891215-0224,480,0.029676129287115095,reciprocal_rank_fusion_k=60
189,Q0,AP880624-0070,481,0.02958976675595326,reciprocal_rank_fusion_k=60
189,Q0,AP891120-0005,482,0.029565595817286787,reciprocal_rank_fusion_k=60
189,Q0,AP881024-0131,483,0.02944658126770997,reciprocal_rank_fusion_k=60
189,Q0,AP890918-0107,484,0.029347630577525874,reciprocal_rank_fusion_k=60
189,Q0,AP890324-0193,485,0.029306678632162127,reciprocal_rank_fusion_k=60
189,Q0,AP880428-0184,486,0.029277221073095265,reciprocal_rank_fusion_k=60
189,Q0,AP890227-0206,487,0.02922144832790601,reciprocal_rank_fusion_k=60
189,Q0,AP890118-0002,488,0.029209282231174066,reciprocal_rank_fusion_k=60
189,Q0,AP880927-0072,489,0.029203016784105498,reciprocal_rank_fusion_k=60
189,Q0,AP880720-0210,490,0.029196838210627088,reciprocal_rank_fusion_k=60
189,Q0,AP890825-0023,491,0.0291695026171284,reciprocal_rank_fusion_k=60
189,Q0,AP890114-0028,492,0.02912045392609913,reciprocal_rank_fusion_k=60
189,Q0,AP890708-0072,493,0.029107686198323775,reciprocal_rank_fusion_k=60
189,Q0,AP890815-0007,494,0.029037258451435843,reciprocal_rank_fusion_k=60
189,Q0,AP891121-0039,495,0.02901789584561619,reciprocal_rank_fusion_k=60
189,Q0,AP890424-0194,496,0.02896617480076774,reciprocal_rank_fusion_k=60
189,Q0,AP890706-0152,497,0.028928537036008374,reciprocal_rank_fusion_k=60
189,Q0,AP880727-0147,498,0.028912664019408785,reciprocal_rank_fusion_k=60
189,Q0,AP890514-0042,499,0.028893596869477397,reciprocal_rank_fusion_k=60
189,Q0,AP891115-0054,500,0.02874954259129453,reciprocal_rank_fusion_k=60
189,Q0,AP891211-0108,501,0.0287138136440123,reciprocal_rank_fusion_k=60
189,Q0,AP881020-0014,502,0.028694281631414714,reciprocal_rank_fusion_k=60
189,Q0,AP881117-0218,503,0.02869053900541852,reciprocal_rank_fusion_k=60
189,Q0,AP890515-0091,504,0.028680526039595033,reciprocal_rank_fusion_k=60
189,Q0,AP890626-0078,505,0.028627154207583397,reciprocal_rank_fusion_k=60
189,Q0,AP880302-0210,506,0.028594139205010215,reciprocal_rank_fusion_k=60
189,Q0,AP890123-0032,507,0.028579977826606418,reciprocal_rank_fusion_k=60
189,Q0,AP890410-0039,508,0.028530424898349487,reciprocal_rank_fusion_k=60
189,Q0,AP890607-0194,509,0.028517448784396496,reciprocal_rank_fusion_k=60
189,Q0,AP890822-0032,510,0.028506853545655454,reciprocal_rank_fusion_k=60
189,Q0,AP880420-0129,511,0.028441642776753175,reciprocal_rank_fusion_k=60
189,Q0,AP891219-0029,512,0.028357946258398038,reciprocal_rank_fusion_k=60
189,Q0,AP890405-0159,513,0.028335191776075068,reciprocal_rank_fusion_k=60
189,Q0,AP890630-0212,514,0.028329140245356717,reciprocal_rank_fusion_k=60
189,Q0,AP880615-0274,515,0.028310654994503474,reciprocal_rank_fusion_k=60
189,Q0,AP891031-0054,516,0.028270458410518146,reciprocal_rank_fusion_k=60
189,Q0,AP880819-0126,517,0.02824317966730827,reciprocal_rank_fusion_k=60
189,Q0,AP881219-0091,518,0.02822820882282695,reciprocal_rank_fusion_k=60
189,Q0,AP880407-0131,519,0.028177751649598386,reciprocal_rank_fusion_k=60
189,Q0,AP881123-0115,520,0.02816087234090411,reciprocal_rank_fusion_k=60
189,Q0,AP890105-0008,521,0.027978414722205414,reciprocal_rank_fusion_k=60
189,Q0,AP880724-0019,522,0.027932328520230292,reciprocal_rank_fusion_k=60
189,Q0,WSJ910917-0031,523,0.027930015237228656,reciprocal_rank_fusion_k=60
189,Q0,AP890901-0146,524,0.02777131311272061,reciprocal_rank_fusion_k=60
189,Q0,AP880607-0126,525,0.027584324062959697,reciprocal_rank_fusion_k=60
189,Q0,AP890206-0175,526,0.027567878501352814,reciprocal_rank_fusion_k=60
189,Q0,AP890726-0208,527,0.02748456266436922,reciprocal_rank_fusion_k=60
189,Q0,AP880618-0035,528,0.027468179010779567,reciprocal_rank_fusion_k=60
189,Q0,WSJ881117-0017,529,0.027430871827124732,reciprocal_rank_fusion_k=60
189,Q0,AP880315-0047,530,0.027423485389238795,reciprocal_rank_fusion_k=60
189,Q0,WSJ891011-0117,531,0.02728420759822617,reciprocal_rank_fusion_k=60
189,Q0,FR89517-0099,532,0.027169745622276937,reciprocal_rank_fusion_k=60
189,Q0,AP891214-0039,533,0.027131874432299825,reciprocal_rank_fusion_k=60
189,Q0,FR88514-0001,534,0.027131811225837854,reciprocal_rank_fusion_k=60
189,Q0,AP891028-0037,535,0.027105846031304136,reciprocal_rank_fusion_k=60
189,Q0,WSJ910910-0010,536,0.02705117356562748,reciprocal_rank_fusion_k=60
189,Q0,AP880515-0082,537,0.026790649178092638,reciprocal_rank_fusion_k=60
189,Q0,AP880303-0126,538,0.026700763447084813,reciprocal_rank_fusion_k=60
189,Q0,AP880705-0037,539,0.026606609230389353,reciprocal_rank_fusion_k=60
189,Q0,AP890730-0065,540,0.026570425993999735,reciprocal_rank_fusion_k=60
189,Q0,WSJ891031-0086,541,0.02655466635019492,reciprocal_rank_fusion_k=60
189,Q0,AP890323-0180,542,0.026480293167065856,reciprocal_rank_fusion_k=60
189,Q0,AP890424-0141,543,0.026413305163575294,reciprocal_rank_fusion_k=60
189,Q0,AP890704-0056,544,0.026369371219038398,reciprocal_rank_fusion_k=60
189,Q0,AP890130-0173,545,0.02633592761287796,reciprocal_rank_fusion_k=60
189,Q0,AP890406-0009,546,0.026297890839023796,reciprocal_rank_fusion_k=60
189,Q0,AP891213-0121,547,0.026297186778527458,reciprocal_rank_fusion_k=60
189,Q0,AP890712-0145,548,0.026242268657245882,reciprocal_rank_fusion_k=60
189,Q0,AP890807-0008,549,0.026237613914598237,reciprocal_rank_fusion_k=60
189,Q0,AP890623-0067,550,0.026236045200130335,reciprocal_rank_fusion_k=60
189,Q0,AP890220-0100,551,0.02622864727972817,reciprocal_rank_fusion_k=60
189,Q0,AP880510-0050,552,0.02619994998292644,reciprocal_rank_fusion_k=60
189,Q0,AP881201-0205,553,0.026162248206387392,reciprocal_rank_fusion_k=60
189,Q0,AP880509-0084,554,0.02609391052677111,reciprocal_rank_fusion_k=60
189,Q0,DOE1-85-0079,555,0.02606177239602757,reciprocal_rank_fusion_k=60
189,Q0,WSJ910325-0159,556,0.02603713912927567,reciprocal_rank_fusion_k=60
189,Q0,AP880808-0050,557,0.026034359226019703,reciprocal_rank_fusion_k=60
189,Q0,AP890121-0109,558,0.025957184468124513,reciprocal_rank_fusion_k=60
189,Q0,AP890628-0123,559,0.025912240038919985,reciprocal_rank_fusion_k=60
189,Q0,AP890409-0025,560,0.025907691651587614,reciprocal_rank_fusion_k=60
189,Q0,WSJ911204-0126,561,0.025905130410878108,reciprocal_rank_fusion_k=60
189,Q0,AP880225-0158,562,0.025881601428794875,reciprocal_rank_fusion_k=60
189,Q0,AP880923-0014,563,0.025880895076379383,reciprocal_rank_fusion_k=60
189,Q0,AP891219-0126,564,0.025814970991661176,reciprocal_rank_fusion_k=60
189,Q0,AP880422-0235,565,0.025772300900532875,reciprocal_rank_fusion_k=60
189,Q0,AP890421-0053,566,0.025703785848983807,reciprocal_rank_fusion_k=60
189,Q0,AP890406-0056,567,0.025575193706932724,reciprocal_rank_fusion_k=60
189,Q0,AP880722-0237,568,0.025563469010562653,reciprocal_rank_fusion_k=60
189,Q0,AP891215-0054,569,0.025500214818683267,reciprocal_rank_fusion_k=60
189,Q0,AP890902-0100,570,0.02548960779697066,reciprocal_rank_fusion_k=60
189,Q0,AP880704-0151,571,0.025456099747519893,reciprocal_rank_fusion_k=60
189,Q0,AP880523-0181,572,0.025446646612285122,reciprocal_rank_fusion_k=60
189,Q0,AP881217-0024,573,0.02542425018865647,reciprocal_rank_fusion_k=60
189,Q0,AP881127-0058,574,0.025421469192703102,reciprocal_rank_fusion_k=60
189,Q0,WSJ900514-0077,575,0.025410537264140057,reciprocal_rank_fusion_k=60
189,Q0,WSJ870716-0132,576,0.02540498992813989,reciprocal_rank_fusion_k=60
189,Q0,AP880331-0245,577,0.025390714543581126,reciprocal_rank_fusion_k=60
189,Q0,AP880524-0072,578,0.02538413744971143,reciprocal_rank_fusion_k=60
189,Q0,ZF207-167-528,579,0.025346862880727048,reciprocal_rank_fusion_k=60
189,Q0,AP880512-0212,580,0.02529151978818147,reciprocal_rank_fusion_k=60
189,Q0,AP880505-0158,581,0.02522921515874711,reciprocal_rank_fusion_k=60
189,Q0,AP880918-0049,582,0.025220636249252186,reciprocal_rank_fusion_k=60
189,Q0,AP880909-0005,583,0.02518795925824215,reciprocal_rank_fusion_k=60
189,Q0,AP890509-0224,584,0.025117720927174757,reciprocal_rank_fusion_k=60
189,Q0,AP880513-0141,585,0.025111941464953835,reciprocal_rank_fusion_k=60
189,Q0,AP880310-0229,586,0.025078836847910856,reciprocal_rank_fusion_k=60
189,Q0,AP890517-0047,587,0.025031479393207406,reciprocal_rank_fusion_k=60
189,Q0,AP890601-0254,588,0.024977328003525288,reciprocal_rank_fusion_k=60
189,Q0,AP891030-0034,589,0.024964707486431724,reciprocal_rank_fusion_k=60
189,Q0,AP881102-0243,590,0.024963667283538018,reciprocal_rank_fusion_k=60
189,Q0,AP880711-0095,591,0.024907338637030343,reciprocal_rank_fusion_k=60
189,Q0,AP890516-0069,592,0.02488931954667624,reciprocal_rank_fusion_k=60
189,Q0,AP890208-0173,593,0.02484032581625396,reciprocal_rank_fusion_k=60
189,Q0,AP880408-0097,594,0.024831581280080155,reciprocal_rank_fusion_k=60
189,Q0,AP880422-0113,595,0.024820728090147928,reciprocal_rank_fusion_k=60
189,Q0,AP890323-0062,596,0.024798581258663865,reciprocal_rank_fusion_k=60
189,Q0,AP881027-0100,597,0.02473581810605089,reciprocal_rank_fusion_k=60
189,Q0,WSJ880419-0129,598,0.024682569344985462,reciprocal_rank_fusion_k=60
189,Q0,AP890517-0053,599,0.024677054926141716,reciprocal_rank_fusion_k=60
189,Q0,AP890127-0108,600,0.024669733027156675,reciprocal_rank_fusion_k=60
189,Q0,AP880513-0216,601,0.024625038153472265,reciprocal_rank_fusion_k=60
189,Q0,AP881030-0058,602,0.02461106861530216,reciprocal_rank_fusion_k=60
189,Q0,FR89302-0126,603,0.024601748509373293,reciprocal_rank_fusion_k=60
189,Q0,AP890106-0111,604,0.024588501745776318,reciprocal_rank_fusion_k=60
189,Q0,AP890514-0044,605,0.02458840781706681,reciprocal_rank_fusion_k=60
189,Q0,AP881021-0199,606,0.024474716349875025,reciprocal_rank_fusion_k=60
189,Q0,AP890105-0161,607,0.024454564559621084,reciprocal_rank_fusion_k=60
189,Q0,AP891024-0140,608,0.024384739884143528,reciprocal_rank_fusion_k=60
189,Q0,AP890706-0070,609,0.024348640161511847,reciprocal_rank_fusion_k=60
189,Q0,AP890131-0010,610,0.024308755091688,reciprocal_rank_fusion_k=60
189,Q0,AP890818-0173,611,0.02427906825765647,reciprocal_rank_fusion_k=60
189,Q0,AP880229-0215,612,0.024266816227455985,reciprocal_rank_fusion_k=60
189,Q0,AP891114-0035,613,0.0242326816928245,reciprocal_rank_fusion_k=60
189,Q0,AP881230-0187,614,0.024230793496293253,reciprocal_rank_fusion_k=60
189,Q0,WSJ920310-0137,615,0.02422916547738726,reciprocal_rank_fusion_k=60
189,Q0,AP880409-0089,616,0.024161045170454438,reciprocal_rank_fusion_k=60
189,Q0,AP890718-0052,617,0.024095047445662522,reciprocal_rank_fusion_k=60
189,Q0,AP890729-0006,618,0.024086766529201133,reciprocal_rank_fusion_k=60
189,Q0,AP880417-0084,619,0.02408269476987289,reciprocal_rank_fusion_k=60
189,Q0,AP880723-0082,620,0.024062453080527933,reciprocal_rank_fusion_k=60
189,Q0,AP880229-0047,621,0.024048828276072038,reciprocal_rank_fusion_k=60
189,Q0,AP880511-0040,622,0.024048255361126297,reciprocal_rank_fusion_k=60
189,Q0,WSJ900423-0066,623,0.023982261970824568,reciprocal_rank_fusion_k=60
189,Q0,AP881018-0138,624,0.023932673217162425,reciprocal_rank_fusion_k=60
189,Q0,AP880509-0001,625,0.0238585470823253,reciprocal_rank_fusion_k=60
189,Q0,AP891108-0053,626,0.023858190671900866,reciprocal_rank_fusion_k=60
189,Q0,AP890125-0194,627,0.023854568880172386,reciprocal_rank_fusion_k=60
189,Q0,AP880429-0255,628,0.023835173697096118,reciprocal_rank_fusion_k=60
189,Q0,AP880428-0069,629,0.023832733526030537,reciprocal_rank_fusion_k=60
189,Q0,AP880610-0098,630,0.0237943278280165,reciprocal_rank_fusion_k=60
189,Q0,AP890503-0159,631,0.023739309372639,reciprocal_rank_fusion_k=60
189,Q0,WSJ870114-0005,632,0.023703231820389553,reciprocal_rank_fusion_k=60
189,Q0,AP890922-0203,633,0.02370007440722074,reciprocal_rank_fusion_k=60
189,Q0,AP890227-0020,634,0.023650244600359898,reciprocal_rank_fusion_k=60
189,Q0,AP890815-0011,635,0.023646894010540983,reciprocal_rank_fusion_k=60
189,Q0,AP880315-0084,636,0.02362587182208818,reciprocal_rank_fusion_k=60
189,Q0,AP891219-0122,637,0.023590420267270807,reciprocal_rank_fusion_k=60
189,Q0,AP891006-0082,638,0.02358650051991698,reciprocal_rank_fusion_k=60
189,Q0,AP880528-0169,639,0.023552213762311317,reciprocal_rank_fusion_k=60
189,Q0,AP890208-0111,640,0.023371821641425653,reciprocal_rank_fusion_k=60
189,Q0,AP881007-0094,641,0.0232932654048166,reciprocal_rank_fusion_k=60
189,Q0,AP891106-0128,642,0.023274437071761855,reciprocal_rank_fusion_k=60
189,Q0,AP880617-0256,643,0.02326274258734394,reciprocal_rank_fusion_k=60
189,Q0,AP890121-0110,644,0.02324571411538471,reciprocal_rank_fusion_k=60
189,Q0,WSJ900409-0142,645,0.02323514189809608,reciprocal_rank_fusion_k=60
189,Q0,AP890207-0004,646,0.02322968959098165,reciprocal_rank_fusion_k=60
189,Q0,AP890615-0201,647,0.023223358676115104,reciprocal_rank_fusion_k=60
189,Q0,AP890816-0141,648,0.023211600954338774,reciprocal_rank_fusion_k=60
189,Q0,AP890531-0139,649,0.023176339216387214,reciprocal_rank_fusion_k=60
189,Q0,AP891108-0062,650,0.02316878242766744,reciprocal_rank_fusion_k=60
189,Q0,AP890520-0085,651,0.02313051682780828,reciprocal_rank_fusion_k=60
189,Q0,AP880326-0146,652,0.023128588482120366,reciprocal_rank_fusion_k=60
189,Q0,AP880510-0228,653,0.02304413665844162,reciprocal_rank_fusion_k=60
189,Q0,AP880908-0173,654,0.02293082245735483,reciprocal_rank_fusion_k=60
189,Q0,AP880818-0145,655,0.022899306984339465,reciprocal_rank_fusion_k=60
189,Q0,AP891127-0076,656,0.022836724752675966,reciprocal_rank_fusion_k=60
189,Q0,AP890826-0012,657,0.02279631781022737,reciprocal_rank_fusion_k=60
189,Q0,AP891002-0209,658,0.022754650831479383,reciprocal_rank_fusion_k=60
189,Q0,AP880318-0191,659,0.022741185202331548,reciprocal_rank_fusion_k=60
189,Q0,AP891108-0166,660,0.02272792856718396,reciprocal_rank_fusion_k=60
189,Q0,AP880424-0007,661,0.022608455808290535,reciprocal_rank_fusion_k=60
189,Q0,AP880518-0267,662,0.022566996594872463,reciprocal_rank_fusion_k=60
189,Q0,AP881013-0098,663,0.022533454594366658,reciprocal_rank_fusion_k=60
189,Q0,AP890215-0080,664,0.022487514742209745,reciprocal_rank_fusion_k=60
189,Q0,AP890928-0001,665,0.02243844669958373,reciprocal_rank_fusion_k=60
189,Q0,AP890420-0003,666,0.022398582311382698,reciprocal_rank_fusion_k=60
189,Q0,AP881218-0003,667,0.022398486445721316,reciprocal_rank_fusion_k=60
189,Q0,AP881028-0030,668,0.022366284291291883,reciprocal_rank_fusion_k=60
189,Q0,AP890102-0032,669,0.02233184587826097,reciprocal_rank_fusion_k=60
189,Q0,AP890904-0135,670,0.022191624769013298,reciprocal_rank_fusion_k=60
189,Q0,AP880701-0211,671,0.022190293399329642,reciprocal_rank_fusion_k=60
189,Q0,AP880929-0063,672,0.022140222966286906,reciprocal_rank_fusion_k=60
189,Q0,AP890901-0157,673,0.02211543144595304,reciprocal_rank_fusion_k=60
189,Q0,AP890124-0106,674,0.02208743404342985,reciprocal_rank_fusion_k=60
189,Q0,AP890617-0041,675,0.022038319938499532,reciprocal_rank_fusion_k=60
189,Q0,AP880315-0037,676,0.021976838535698616,reciprocal_rank_fusion_k=60
189,Q0,AP880315-0099,677,0.021971991471494055,reciprocal_rank_fusion_k=60
189,Q0,AP881122-0024,678,0.02194703066951716,reciprocal_rank_fusion_k=60
189,Q0,AP881123-0211,679,0.021923812501102834,reciprocal_rank_fusion_k=60
189,Q0,AP890826-0088,680,0.021919393654671073,reciprocal_rank_fusion_k=60
189,Q0,AP890929-0197,681,0.02191027143638781,reciprocal_rank_fusion_k=60
189,Q0,AP890310-0187,682,0.02189491538563745,reciprocal_rank_fusion_k=60
189,Q0,AP881202-0033,683,0.02180050744899666,reciprocal_rank_fusion_k=60
189,Q0,AP891015-0045,684,0.021794968803133734,reciprocal_rank_fusion_k=60
189,Q0,WSJ871222-0108,685,0.02178716295852978,reciprocal_rank_fusion_k=60
189,Q0,AP890209-0057,686,0.021638721646559923,reciprocal_rank_fusion_k=60
189,Q0,AP890726-0046,687,0.02159945506294341,reciprocal_rank_fusion_k=60
189,Q0,ZF108-338-944,688,0.02159272992968674,reciprocal_rank_fusion_k=60
189,Q0,AP891024-0035,689,0.02157309651401782,reciprocal_rank_fusion_k=60
189,Q0,AP881215-0189,690,0.021555919585983716,reciprocal_rank_fusion_k=60
189,Q0,AP881121-0188,691,0.021553913467397785,reciprocal_rank_fusion_k=60
189,Q0,AP890125-0096,692,0.021548575334288295,reciprocal_rank_fusion_k=60
189,Q0,AP890626-0133,693,0.0215412656775819,reciprocal_rank_fusion_k=60
189,Q0,AP881126-0002,694,0.021533812657719274,reciprocal_rank_fusion_k=60
189,Q0,AP880404-0056,695,0.021490098012523395,reciprocal_rank_fusion_k=60
189,Q0,AP890814-0158,696,0.02138028372322714,reciprocal_rank_fusion_k=60
189,Q0,AP880509-0172,697,0.02134294570613983,reciprocal_rank_fusion_k=60
189,Q0,AP890317-0170,698,0.02133238842145542,reciprocal_rank_fusion_k=60
189,Q0,AP890831-0045,699,0.021328411689265955,reciprocal_rank_fusion_k=60
189,Q0,AP891112-0031,700,0.021306158562193707,reciprocal_rank_fusion_k=60
189,Q0,AP890124-0083,701,0.021298034975593287,reciprocal_rank_fusion_k=60
189,Q0,AP880416-0087,702,0.02128615104754691,reciprocal_rank_fusion_k=60
189,Q0,AP890607-0126,703,0.021279712664030274,reciprocal_rank_fusion_k=60
189,Q0,AP881208-0110,704,0.02123010236087296,reciprocal_rank_fusion_k=60
189,Q0,AP890127-0019,705,0.02120943048838702,reciprocal_rank_fusion_k=60
189,Q0,AP890807-0028,706,0.02120166291091766,reciprocal_rank_fusion_k=60
189,Q0,AP880920-0221,707,0.021145767154466512,reciprocal_rank_fusion_k=60
189,Q0,AP880327-0082,708,0.021139324799335456,reciprocal_rank_fusion_k=60
189,Q0,AP891101-0051,709,0.021131983084097652,reciprocal_rank_fusion_k=60
189,Q0,AP880609-0253,710,0.020983986564175758,reciprocal_rank_fusion_k=60
189,Q0,AP880714-0207,711,0.020982793654418862,reciprocal_rank_fusion_k=60
189,Q0,AP881121-0027,712,0.020921739818311948,reciprocal_rank_fusion_k=60
189,Q0,AP880829-0087,713,0.020918335041457046,reciprocal_rank_fusion_k=60
189,Q0,AP890125-0014,714,0.020885274842229788,reciprocal_rank_fusion_k=60
189,Q0,AP890324-0188,715,0.020883825894332193,reciprocal_rank_fusion_k=60
189,Q0,AP890427-0064,716,0.020876565451596007,reciprocal_rank_fusion_k=60
189,Q0,ZF109-821-087,717,0.020843924375927733,reciprocal_rank_fusion_k=60
189,Q0,AP881223-0187,718,0.020807225115516477,reciprocal_rank_fusion_k=60
189,Q0,AP890124-0196,719,0.02076492079203077,reciprocal_rank_fusion_k=60
189,Q0,AP880927-0157,720,0.02072808246502421,reciprocal_rank_fusion_k=60
189,Q0,AP881206-0091,721,0.02066820922600422,reciprocal_rank_fusion_k=60
189,Q0,AP881201-0189,722,0.02065332547824132,reciprocal_rank_fusion_k=60
189,Q0,AP890130-0041,723,0.020619594561966464,reciprocal_rank_fusion_k=60
189,Q0,AP881212-0149,724,0.020552709067513334,reciprocal_rank_fusion_k=60
189,Q0,AP880505-0208,725,0.020539678513849274,reciprocal_rank_fusion_k=60
189,Q0,AP880921-0054,726,0.020510074042576258,reciprocal_rank_fusion_k=60
189,Q0,AP891112-0032,727,0.020503632194301877,reciprocal_rank_fusion_k=60
189,Q0,AP880225-0083,728,0.020503063191469717,reciprocal_rank_fusion_k=60
189,Q0,AP880502-0145,729,0.020496371146427644,reciprocal_rank_fusion_k=60
189,Q0,AP881012-0142,730,0.02044448687651789,reciprocal_rank_fusion_k=60
189,Q0,AP881213-0001,731,0.020438064784249338,reciprocal_rank_fusion_k=60
189,Q0,AP880425-0072,732,0.020396905423187173,reciprocal_rank_fusion_k=60
189,Q0,AP880928-0095,733,0.020366645677465375,reciprocal_rank_fusion_k=60
189,Q0,AP880615-0187,734,0.020365789175395686,reciprocal_rank_fusion_k=60
189,Q0,AP890131-0212,735,0.020353439879072684,reciprocal_rank_fusion_k=60
189,Q0,AP880229-0021,736,0.02032405352550425,reciprocal_rank_fusion_k=60
189,Q0,AP890510-0074,737,0.020291341310570612,reciprocal_rank_fusion_k=60
189,Q0,AP890719-0015,738,0.020270324390294806,reciprocal_rank_fusion_k=60
189,Q0,AP891213-0069,739,0.020269806818204998,reciprocal_rank_fusion_k=60
189,Q0,AP880926-0209,740,0.020266484501509936,reciprocal_rank_fusion_k=60
189,Q0,AP890120-0084,741,0.020240670312051436,reciprocal_rank_fusion_k=60
189,Q0,AP891215-0213,742,0.020185183435909925,reciprocal_rank_fusion_k=60
189,Q0,AP880411-0051,743,0.020151296645426114,reciprocal_rank_fusion_k=60
189,Q0,AP880229-0030,744,0.020107522945069168,reciprocal_rank_fusion_k=60
189,Q0,AP891011-0082,745,0.020025935337513616,reciprocal_rank_fusion_k=60
189,Q0,AP880630-0187,746,0.02001455352084178,reciprocal_rank_fusion_k=60
189,Q0,AP880609-0252,747,0.0198868468214147,reciprocal_rank_fusion_k=60
189,Q0,AP890212-0002,748,0.019869875361766917,reciprocal_rank_fusion_k=60
189,Q0,AP890619-0093,749,0.01979899477317086,reciprocal_rank_fusion_k=60
189,Q0,AP890909-0086,750,0.01975212876242478,reciprocal_rank_fusion_k=60
189,Q0,AP890623-0064,751,0.01972921069325438,reciprocal_rank_fusion_k=60
189,Q0,AP890602-0013,752,0.019716412291226813,reciprocal_rank_fusion_k=60
189,Q0,AP890211-0136,753,0.019614366957069602,reciprocal_rank_fusion_k=60
189,Q0,AP880415-0212,754,0.019508478735177123,reciprocal_rank_fusion_k=60
189,Q0,AP890905-0106,755,0.019358140426087918,reciprocal_rank_fusion_k=60
189,Q0,AP880521-0072,756,0.019348987368539475,reciprocal_rank_fusion_k=60
189,Q0,AP891224-0001,757,0.019338161638124733,reciprocal_rank_fusion_k=60
189,Q0,AP880927-0058,758,0.01928965332625266,reciprocal_rank_fusion_k=60
189,Q0,AP881008-0141,759,0.01927523516609673,reciprocal_rank_fusion_k=60
189,Q0,AP880307-0043,760,0.01918084375540653,reciprocal_rank_fusion_k=60
189,Q0,AP890311-0140,761,0.019155421975742538,reciprocal_rank_fusion_k=60
189,Q0,AP890718-0077,762,0.019152921988857027,reciprocal_rank_fusion_k=60
189,Q0,AP891110-0066,763,0.019133693358726306,reciprocal_rank_fusion_k=60
189,Q0,AP891002-0189,764,0.019127957539085784,reciprocal_rank_fusion_k=60
189,Q0,AP880702-0140,765,0.019096215447959072,reciprocal_rank_fusion_k=60
189,Q0,AP880722-0151,766,0.01907545850551534,reciprocal_rank_fusion_k=60
189,Q0,AP880330-0248,767,0.019057329703624868,reciprocal_rank_fusion_k=60
189,Q0,AP880412-0189,768,0.019022573477819868,reciprocal_rank_fusion_k=60
189,Q0,WSJ911205-0004,769,0.0190101206631611,reciprocal_rank_fusion_k=60
189,Q0,AP890919-0153,770,0.01898880175407066,reciprocal_rank_fusion_k=60
189,Q0,AP880224-0251,771,0.018976226461345173,reciprocal_rank_fusion_k=60
189,Q0,WSJ880120-0133,772,0.01897022212467043,reciprocal_rank_fusion_k=60
189,Q0,AP890602-0192,773,0.018952431517705134,reciprocal_rank_fusion_k=60
189,Q0,AP880415-0107,774,0.018926469497298124,reciprocal_rank_fusion_k=60
189,Q0,AP880301-0073,775,0.01892357908619274,reciprocal_rank_fusion_k=60
189,Q0,AP880921-0154,776,0.018909324747286887,reciprocal_rank_fusion_k=60
189,Q0,AP880319-0151,777,0.018907046560610007,reciprocal_rank_fusion_k=60
189,Q0,AP880411-0111,778,0.018873027320210123,reciprocal_rank_fusion_k=60
189,Q0,AP890110-0001,779,0.018828387315340936,reciprocal_rank_fusion_k=60
189,Q0,AP880326-0082,780,0.018814701028614475,reciprocal_rank_fusion_k=60
189,Q0,AP880601-0250,781,0.018810100098332286,reciprocal_rank_fusion_k=60
189,Q0,AP890502-0212,782,0.018789241875310683,reciprocal_rank_fusion_k=60
189,Q0,AP881102-0071,783,0.018774730394652304,reciprocal_rank_fusion_k=60
189,Q0,AP890207-0127,784,0.01876811034535416,reciprocal_rank_fusion_k=60
189,Q0,AP890429-0062,785,0.018766910719585677,reciprocal_rank_fusion_k=60
189,Q0,AP880417-0074,786,0.018764060575410527,reciprocal_rank_fusion_k=60
189,Q0,AP890205-0037,787,0.018753005399679886,reciprocal_rank_fusion_k=60
189,Q0,AP880318-0103,788,0.018734754306975906,reciprocal_rank_fusion_k=60
189,Q0,AP880412-0060,789,0.0186066597555623,reciprocal_rank_fusion_k=60
189,Q0,AP890417-0157,790,0.018599658719096097,reciprocal_rank_fusion_k=60
189,Q0,AP890417-0224,791,0.018579309175956776,reciprocal_rank_fusion_k=60
189,Q0,AP880903-0061,792,0.018574483195796982,reciprocal_rank_fusion_k=60
189,Q0,AP891102-0099,793,0.01856119899454177,reciprocal_rank_fusion_k=60
189,Q0,DOE1-38-0592,794,0.018551897270232078,reciprocal_rank_fusion_k=60
189,Q0,AP890503-0194,795,0.01854917746441815,reciprocal_rank_fusion_k=60
189,Q0,DOE1-75-0359,796,0.01854891937339985,reciprocal_rank_fusion_k=60
189,Q0,AP881111-0010,797,0.018508750827957585,reciprocal_rank_fusion_k=60
189,Q0,AP890518-0229,798,0.018498313044042296,reciprocal_rank_fusion_k=60
189,Q0,AP891215-0034,799,0.018491257537331267,reciprocal_rank_fusion_k=60
189,Q0,AP880914-0081,800,0.018482680939095768,reciprocal_rank_fusion_k=60
189,Q0,WSJ910927-0082,801,0.01846126183060873,reciprocal_rank_fusion_k=60
189,Q0,AP890125-0179,802,0.018439927072237735,reciprocal_rank_fusion_k=60
189,Q0,AP890317-0169,803,0.01842975524613796,reciprocal_rank_fusion_k=60
189,Q0,AP891025-0018,804,0.018377795130659635,reciprocal_rank_fusion_k=60
189,Q0,AP880926-0196,805,0.0183254038795492,reciprocal_rank_fusion_k=60
189,Q0,AP891209-0077,806,0.018323841336414345,reciprocal_rank_fusion_k=60
189,Q0,AP880706-0048,807,0.01829433207506933,reciprocal_rank_fusion_k=60
189,Q0,AP890717-0063,808,0.018292258669607386,reciprocal_rank_fusion_k=60
189,Q0,AP881208-0233,809,0.018290628360768196,reciprocal_rank_fusion_k=60
189,Q0,AP890627-0029,810,0.01827751636083755,reciprocal_rank_fusion_k=60
189,Q0,AP880926-0072,811,0.018248839519881033,reciprocal_rank_fusion_k=60
189,Q0,WSJ880713-0140,812,0.018145014892891095,reciprocal_rank_fusion_k=60
189,Q0,DOE2-12-0715,813,0.01812816807954697,reciprocal_rank_fusion_k=60
189,Q0,AP881129-0137,814,0.018086448601080763,reciprocal_rank_fusion_k=60
189,Q0,WSJ910805-0097,815,0.018083629834173665,reciprocal_rank_fusion_k=60
189,Q0,AP890823-0108,816,0.01808080536622717,reciprocal_rank_fusion_k=60
189,Q0,AP880919-0079,817,0.0180621112103708,reciprocal_rank_fusion_k=60
189,Q0,AP890328-0078,818,0.018017277134125573,reciprocal_rank_fusion_k=60
189,Q0,AP891213-0123,819,0.017994770385982975,reciprocal_rank_fusion_k=60
189,Q0,WSJ910227-0036,820,0.01794253304197476,reciprocal_rank_fusion_k=60
189,Q0,AP890110-0069,821,0.017939482525509982,reciprocal_rank_fusion_k=60
189,Q0,AP880408-0086,822,0.01791421424376658,reciprocal_rank_fusion_k=60
189,Q0,AP891101-0146,823,0.01789398652633018,reciprocal_rank_fusion_k=60
189,Q0,AP890715-0036,824,0.017886831649371562,reciprocal_rank_fusion_k=60
189,Q0,AP880314-0001,825,0.017881037547859184,reciprocal_rank_fusion_k=60
189,Q0,AP890302-0178,826,0.017869179927633226,reciprocal_rank_fusion_k=60
189,Q0,AP890626-0193,827,0.017866668876462672,reciprocal_rank_fusion_k=60
189,Q0,AP890601-0238,828,0.01784490646478246,reciprocal_rank_fusion_k=60
189,Q0,AP880728-0106,829,0.017835115303696934,reciprocal_rank_fusion_k=60
189,Q0,AP891006-0158,830,0.01782500368172362,reciprocal_rank_fusion_k=60
189,Q0,AP890120-0018,831,0.017776809661295793,reciprocal_rank_fusion_k=60
189,Q0,AP890329-0178,832,0.01776621714582556,reciprocal_rank_fusion_k=60
189,Q0,AP890119-0140,833,0.017711064406995984,reciprocal_rank_fusion_k=60
189,Q0,AP890518-0108,834,0.017701323020920284,reciprocal_rank_fusion_k=60
189,Q0,AP890831-0075,835,0.017701097724878514,reciprocal_rank_fusion_k=60
189,Q0,AP880620-0155,836,0.01770034811017054,reciprocal_rank_fusion_k=60
189,Q0,AP890104-0184,837,0.01768259477281001,reciprocal_rank_fusion_k=60
189,Q0,AP890303-0139,838,0.017605875175246425,reciprocal_rank_fusion_k=60
189,Q0,AP880411-0049,839,0.017598596674310747,reciprocal_rank_fusion_k=60
189,Q0,AP890105-0198,840,0.01759774017444393,reciprocal_rank_fusion_k=60
189,Q0,WSJ910423-0241,841,0.017591100164580067,reciprocal_rank_fusion_k=60
189,Q0,AP890101-0004,842,0.017579915334995276,reciprocal_rank_fusion_k=60
189,Q0,AP880303-0143,843,0.01756921123555533,reciprocal_rank_fusion_k=60
189,Q0,AP890120-0096,844,0.017565852833440955,reciprocal_rank_fusion_k=60
189,Q0,AP891120-0151,845,0.017563297183974255,reciprocal_rank_fusion_k=60
189,Q0,AP890903-0072,846,0.017560446594189375,reciprocal_rank_fusion_k=60
189,Q0,DOE1-47-0690,847,0.01755484680758055,reciprocal_rank_fusion_k=60
189,Q0,AP890324-0001,848,0.01752996342639802,reciprocal_rank_fusion_k=60
189,Q0,AP881123-0119,849,0.017522640124660524,reciprocal_rank_fusion_k=60
189,Q0,AP890319-0043,850,0.017500963450086872,reciprocal_rank_fusion_k=60
189,Q0,AP880522-0069,851,0.01745890545102011,reciprocal_rank_fusion_k=60
189,Q0,AP880220-0115,852,0.017437122096818424,reciprocal_rank_fusion_k=60
189,Q0,AP890717-0135,853,0.01740657422968387,reciprocal_rank_fusion_k=60
189,Q0,AP890120-0181,854,0.017369527739676267,reciprocal_rank_fusion_k=60
189,Q0,FR88512-0113,855,0.017348775435320016,reciprocal_rank_fusion_k=60
189,Q0,AP881004-0195,856,0.017340184776613334,reciprocal_rank_fusion_k=60
189,Q0,AP890620-0124,857,0.017333773159174337,reciprocal_rank_fusion_k=60
189,Q0,AP880914-0182,858,0.017324195376734432,reciprocal_rank_fusion_k=60
189,Q0,AP880702-0112,859,0.01730518188028294,reciprocal_rank_fusion_k=60
189,Q0,AP891130-0054,860,0.017296594777103217,reciprocal_rank_fusion_k=60
189,Q0,AP880420-0111,861,0.017277412538487073,reciprocal_rank_fusion_k=60
189,Q0,AP880707-0159,862,0.01727606123681597,reciprocal_rank_fusion_k=60
189,Q0,AP890712-0128,863,0.01725418195659222,reciprocal_rank_fusion_k=60
189,Q0,AP880812-0097,864,0.0172481311530323,reciprocal_rank_fusion_k=60
189,Q0,AP881205-0189,865,0.017246985906959795,reciprocal_rank_fusion_k=60
189,Q0,AP881005-0059,866,0.017240077249553266,reciprocal_rank_fusion_k=60
189,Q0,WSJ890803-0139,867,0.0172355971644654,reciprocal_rank_fusion_k=60
189,Q0,AP890203-0061,868,0.017227470694678622,reciprocal_rank_fusion_k=60
189,Q0,AP891207-0040,869,0.017216002864103488,reciprocal_rank_fusion_k=60
189,Q0,AP890911-0093,870,0.017207351361467664,reciprocal_rank_fusion_k=60
189,Q0,AP880718-0166,871,0.017197669625085257,reciprocal_rank_fusion_k=60
189,Q0,AP880916-0125,872,0.017174356135485097,reciprocal_rank_fusion_k=60
189,Q0,AP891101-0125,873,0.01714520137811205,reciprocal_rank_fusion_k=60
189,Q0,AP880503-0098,874,0.017140719956672955,reciprocal_rank_fusion_k=60
189,Q0,AP891102-0137,875,0.01711811220693664,reciprocal_rank_fusion_k=60
189,Q0,AP881208-0102,876,0.017100266034943676,reciprocal_rank_fusion_k=60
189,Q0,AP890908-0108,877,0.017089070179170045,reciprocal_rank_fusion_k=60
189,Q0,AP890726-0236,878,0.017068994213117476,reciprocal_rank_fusion_k=60
189,Q0,AP890318-0148,879,0.017041679067277528,reciprocal_rank_fusion_k=60
189,Q0,AP880509-0182,880,0.017039859248626863,reciprocal_rank_fusion_k=60
189,Q0,AP890322-0147,881,0.016995771331203998,reciprocal_rank_fusion_k=60
189,Q0,AP891128-0142,882,0.01691865927395801,reciprocal_rank_fusion_k=60
189,Q0,DOE2-28-0907,883,0.016890696346404516,reciprocal_rank_fusion_k=60
189,Q0,AP891208-0163,884,0.01688125025479572,reciprocal_rank_fusion_k=60
189,Q0,AP890123-0174,885,0.01687012819383603,reciprocal_rank_fusion_k=60
189,Q0,AP890716-0046,886,0.016839549929313878,reciprocal_rank_fusion_k=60
189,Q0,AP890409-0064,887,0.016818200033257253,reciprocal_rank_fusion_k=60
189,Q0,AP881216-0188,888,0.016791799943851073,reciprocal_rank_fusion_k=60
189,Q0,AP880607-0214,889,0.01677400882340711,reciprocal_rank_fusion_k=60
189,Q0,AP881102-0145,890,0.016754725160168075,reciprocal_rank_fusion_k=60
189,Q0,AP891117-0013,891,0.01674031145409196,reciprocal_rank_fusion_k=60
189,Q0,AP891128-0152,892,0.016737398900029232,reciprocal_rank_fusion_k=60
189,Q0,AP891011-0111,893,0.01672929086913325,reciprocal_rank_fusion_k=60
189,Q0,AP890413-0094,894,0.016674620661390496,reciprocal_rank_fusion_k=60
189,Q0,AP890811-0137,895,0.01666457761231079,reciprocal_rank_fusion_k=60
189,Q0,AP890124-0197,896,0.016652585321553108,reciprocal_rank_fusion_k=60
189,Q0,AP890624-0038,897,0.01661427510283479,reciprocal_rank_fusion_k=60
189,Q0,AP880426-0065,898,0.016579890829686812,reciprocal_rank_fusion_k=60
189,Q0,AP890501-0169,899,0.016550947542227634,reciprocal_rank_fusion_k=60
189,Q0,AP891128-0139,900,0.01654995215794527,reciprocal_rank_fusion_k=60
189,Q0,AP890427-0030,901,0.016496972260636858,reciprocal_rank_fusion_k=60
189,Q0,AP890306-0183,902,0.01647504140774329,reciprocal_rank_fusion_k=60
189,Q0,AP880601-0129,903,0.01646725254774081,reciprocal_rank_fusion_k=60
189,Q0,AP890412-0082,904,0.01645811098355477,reciprocal_rank_fusion_k=60
189,Q0,AP890725-0210,905,0.016401359921862563,reciprocal_rank_fusion_k=60
189,Q0,AP880916-0171,906,0.01636871184893376,reciprocal_rank_fusion_k=60
189,Q0,AP890824-0181,907,0.016337414014986965,reciprocal_rank_fusion_k=60
189,Q0,AP890502-0051,908,0.016322715751644706,reciprocal_rank_fusion_k=60
189,Q0,AP880504-0071,909,0.01632101229503033,reciprocal_rank_fusion_k=60
189,Q0,AP881129-0069,910,0.01631535726734826,reciprocal_rank_fusion_k=60
189,Q0,AP890605-0027,911,0.016311588147117712,reciprocal_rank_fusion_k=60
189,Q0,AP890713-0001,912,0.01626485376267456,reciprocal_rank_fusion_k=60
189,Q0,AP881221-0207,913,0.016236580409654422,reciprocal_rank_fusion_k=60
189,Q0,AP890830-0165,914,0.01613284539480422,reciprocal_rank_fusion_k=60
189,Q0,AP881024-0053,915,0.016085218718191446,reciprocal_rank_fusion_k=60
189,Q0,AP890113-0004,916,0.016075756053082136,reciprocal_rank_fusion_k=60
189,Q0,AP880626-0032,917,0.01603820825108978,reciprocal_rank_fusion_k=60
189,Q0,AP890121-0015,918,0.01599225491024612,reciprocal_rank_fusion_k=60
189,Q0,AP890915-0158,919,0.01595432419665344,reciprocal_rank_fusion_k=60
189,Q0,AP891031-0082,920,0.015947038951062344,reciprocal_rank_fusion_k=60
189,Q0,WSJ910305-0006,921,0.015940661298508345,reciprocal_rank_fusion_k=60
189,Q0,AP890716-0001,922,0.015910241897927054,reciprocal_rank_fusion_k=60
189,Q0,AP891107-0173,923,0.01584440772350718,reciprocal_rank_fusion_k=60
189,Q0,AP890520-0040,924,0.015843160719051973,reciprocal_rank_fusion_k=60
189,Q0,AP890505-0058,925,0.015841173576071815,reciprocal_rank_fusion_k=60
189,Q0,AP880513-0100,926,0.01582022885297959,reciprocal_rank_fusion_k=60
189,Q0,AP890125-0152,927,0.015796409745787582,reciprocal_rank_fusion_k=60
189,Q0,AP890318-0071,928,0.015741776259221945,reciprocal_rank_fusion_k=60
189,Q0,AP880326-0116,929,0.01574085198270806,reciprocal_rank_fusion_k=60
189,Q0,AP890728-0163,930,0.015709637734679992,reciprocal_rank_fusion_k=60
189,Q0,AP880422-0228,931,0.015704552014151794,reciprocal_rank_fusion_k=60
189,Q0,AP880707-0039,932,0.015635682181038536,reciprocal_rank_fusion_k=60
189,Q0,AP880511-0095,933,0.015633664204308596,reciprocal_rank_fusion_k=60
189,Q0,AP881209-0073,934,0.015595667295060555,reciprocal_rank_fusion_k=60
189,Q0,AP881101-0178,935,0.01558855357786788,reciprocal_rank_fusion_k=60
189,Q0,AP880823-0093,936,0.015565891748024823,reciprocal_rank_fusion_k=60
189,Q0,WSJ920110-0088,937,0.015527288894620243,reciprocal_rank_fusion_k=60
189,Q0,AP880827-0143,938,0.01552439201427943,reciprocal_rank_fusion_k=60
189,Q0,AP880628-0211,939,0.015496007000911857,reciprocal_rank_fusion_k=60
189,Q0,AP881015-0047,940,0.015483272215235636,reciprocal_rank_fusion_k=60
189,Q0,AP880408-0076,941,0.015430734169752828,reciprocal_rank_fusion_k=60
189,Q0,AP891017-0151,942,0.015426619285998377,reciprocal_rank_fusion_k=60
189,Q0,AP890330-0195,943,0.015398671071701207,reciprocal_rank_fusion_k=60
189,Q0,AP890125-0055,944,0.015377113109914246,reciprocal_rank_fusion_k=60
189,Q0,AP880421-0087,945,0.015370653544698631,reciprocal_rank_fusion_k=60
189,Q0,AP890723-0040,946,0.015329487535812628,reciprocal_rank_fusion_k=60
189,Q0,AP890121-0047,947,0.015314820826569871,reciprocal_rank_fusion_k=60
189,Q0,AP890314-0168,948,0.015305414979314631,reciprocal_rank_fusion_k=60
189,Q0,AP880319-0087,949,0.015296963093064428,reciprocal_rank_fusion_k=60
189,Q0,WSJ900808-0024,950,0.015296172639249888,reciprocal_rank_fusion_k=60
189,Q0,AP890919-0011,951,0.015285358629213949,reciprocal_rank_fusion_k=60
189,Q0,AP890329-0169,952,0.015267004679178554,reciprocal_rank_fusion_k=60
189,Q0,AP890922-0003,953,0.015248227945255443,reciprocal_rank_fusion_k=60
189,Q0,AP890607-0143,954,0.015233374149802912,reciprocal_rank_fusion_k=60
189,Q0,AP890924-0029,955,0.015226107546587465,reciprocal_rank_fusion_k=60
189,Q0,AP890408-0111,956,0.015195668602349548,reciprocal_rank_fusion_k=60
189,Q0,AP880518-0252,957,0.015146230705891783,reciprocal_rank_fusion_k=60
189,Q0,AP891101-0011,958,0.015134341731540083,reciprocal_rank_fusion_k=60
189,Q0,AP890322-0246,959,0.0151232387440652,reciprocal_rank_fusion_k=60
189,Q0,AP880515-0071,960,0.015120099221379486,reciprocal_rank_fusion_k=60
189,Q0,WSJ910627-0066,961,0.015112355085240241,reciprocal_rank_fusion_k=60
189,Q0,AP890731-0054,962,0.015102232019043088,reciprocal_rank_fusion_k=60
189,Q0,AP890401-0107,963,0.0150800401793509,reciprocal_rank_fusion_k=60
189,Q0,AP880516-0083,964,0.015063635287620673,reciprocal_rank_fusion_k=60
189,Q0,AP880315-0121,965,0.015038528475384384,reciprocal_rank_fusion_k=60
189,Q0,AP880509-0070,966,0.015012066439754848,reciprocal_rank_fusion_k=60
189,Q0,AP891129-0131,967,0.015002260308396407,reciprocal_rank_fusion_k=60
189,Q0,AP890627-0014,968,0.0149831962906765,reciprocal_rank_fusion_k=60
189,Q0,AP890819-0149,969,0.014952436154674533,reciprocal_rank_fusion_k=60
189,Q0,AP890717-0105,970,0.014942612981127975,reciprocal_rank_fusion_k=60
189,Q0,AP891228-0014,971,0.014929393982171696,reciprocal_rank_fusion_k=60
189,Q0,AP880322-0067,972,0.014924658627496465,reciprocal_rank_fusion_k=60
189,Q0,AP890227-0221,973,0.014916435116759337,reciprocal_rank_fusion_k=60
189,Q0,WSJ910729-0155,974,0.014914195711413008,reciprocal_rank_fusion_k=60
189,Q0,AP890124-0136,975,0.014883098886898883,reciprocal_rank_fusion_k=60
189,Q0,AP881202-0037,976,0.01488123114645381,reciprocal_rank_fusion_k=60
189,Q0,AP880401-0284,977,0.014876942667706393,reciprocal_rank_fusion_k=60
189,Q0,WSJ920302-0061,978,0.014850090757108749,reciprocal_rank_fusion_k=60
189,Q0,AP890106-0112,979,0.014828103751859039,reciprocal_rank_fusion_k=60
189,Q0,AP891006-0204,980,0.014822480732765283,reciprocal_rank_fusion_k=60
189,Q0,AP890705-0044,981,0.014806633976076324,reciprocal_rank_fusion_k=60
189,Q0,AP890420-0038,982,0.014806152666217905,reciprocal_rank_fusion_k=60
189,Q0,WSJ890907-0005,983,0.01480545648728836,reciprocal_rank_fusion_k=60
189,Q0,AP891011-0043,984,0.014796697504539488,reciprocal_rank_fusion_k=60
189,Q0,WSJ911203-0139,985,0.014793944692914784,reciprocal_rank_fusion_k=60
189,Q0,AP880219-0158,986,0.014787211139760037,reciprocal_rank_fusion_k=60
189,Q0,AP880626-0025,987,0.014785471887818421,reciprocal_rank_fusion_k=60
189,Q0,AP880328-0046,988,0.014779680044078036,reciprocal_rank_fusion_k=60
189,Q0,AP880520-0242,989,0.014767748571368443,reciprocal_rank_fusion_k=60
189,Q0,AP880911-0080,990,0.014766963844989732,reciprocal_rank_fusion_k=60
189,Q0,AP890928-0047,991,0.014761297527494418,reciprocal_rank_fusion_k=60
189,Q0,AP880722-0070,992,0.014726896290362581,reciprocal_rank_fusion_k=60
189,Q0,AP891012-0206,993,0.014710025468338925,reciprocal_rank_fusion_k=60
189,Q0,AP891009-0081,994,0.01470953500149894,reciprocal_rank_fusion_k=60
189,Q0,AP890328-0174,995,0.014698963865082933,reciprocal_rank_fusion_k=60
189,Q0,AP880311-0064,996,0.014673759286747032,reciprocal_rank_fusion_k=60
189,Q0,AP890103-0142,997,0.014670323931578489,reciprocal_rank_fusion_k=60
189,Q0,AP880617-0149,998,0.014669400238431453,reciprocal_rank_fusion_k=60
189,Q0,AP880618-0047,999,0.014652398193765098,reciprocal_rank_fusion_k=60
189,Q0,WSJ870916-0093,1000,0.014615803091423941,reciprocal_rank_fusion_k=60
193,Q0,AP881121-0087,1,0.30953430862076475,reciprocal_rank_fusion_k=60
193,Q0,AP881121-0115,2,0.3067575061789941,reciprocal_rank_fusion_k=60
193,Q0,AP881122-0130,3,0.29779500503904716,reciprocal_rank_fusion_k=60
193,Q0,AP881122-0087,4,0.2886792109484387,reciprocal_rank_fusion_k=60
193,Q0,AP891120-0117,5,0.2862936432355768,reciprocal_rank_fusion_k=60
193,Q0,AP891120-0191,6,0.28155254007720115,reciprocal_rank_fusion_k=60
193,Q0,AP891219-0220,7,0.268702789963433,reciprocal_rank_fusion_k=60
193,Q0,AP891125-0012,8,0.2583411891217188,reciprocal_rank_fusion_k=60
193,Q0,AP880429-0045,9,0.2542915857313015,reciprocal_rank_fusion_k=60
193,Q0,AP891201-0053,10,0.2532413515136035,reciprocal_rank_fusion_k=60
193,Q0,AP881207-0196,11,0.24664987549147457,reciprocal_rank_fusion_k=60
193,Q0,AP890614-0082,12,0.2320233663465394,reciprocal_rank_fusion_k=60
193,Q0,AP881118-0011,13,0.23155149281071513,reciprocal_rank_fusion_k=60
193,Q0,AP881118-0021,14,0.22579796529966223,reciprocal_rank_fusion_k=60
193,Q0,AP880915-0113,15,0.2239138503004377,reciprocal_rank_fusion_k=60
193,Q0,AP881013-0148,16,0.22240279053254566,reciprocal_rank_fusion_k=60
193,Q0,AP890607-0098,17,0.21720104476822705,reciprocal_rank_fusion_k=60
193,Q0,AP880714-0095,18,0.2161321893857704,reciprocal_rank_fusion_k=60
193,Q0,AP881207-0251,19,0.21085681451710264,reciprocal_rank_fusion_k=60
193,Q0,WSJ880916-0189,20,0.2095814279565216,reciprocal_rank_fusion_k=60
193,Q0,AP881012-0124,21,0.20757942356728057,reciprocal_rank_fusion_k=60
193,Q0,AP881121-0161,22,0.20618336529391,reciprocal_rank_fusion_k=60
193,Q0,AP890929-0216,23,0.20508940184641866,reciprocal_rank_fusion_k=60
193,Q0,WSJ880808-0120,24,0.20123086656080003,reciprocal_rank_fusion_k=60
193,Q0,AP891119-0021,25,0.1952984946743797,reciprocal_rank_fusion_k=60
193,Q0,AP891103-0167,26,0.19471866739797697,reciprocal_rank_fusion_k=60
193,Q0,AP880527-0257,27,0.1934808735756668,reciprocal_rank_fusion_k=60
193,Q0,AP891102-0245,28,0.19250376698280008,reciprocal_rank_fusion_k=60
193,Q0,AP890828-0104,29,0.1922273274483035,reciprocal_rank_fusion_k=60
193,Q0,AP890829-0204,30,0.19216005087429944,reciprocal_rank_fusion_k=60
193,Q0,WSJ900821-0006,31,0.18518389787834372,reciprocal_rank_fusion_k=60
193,Q0,AP880714-0110,32,0.18382916550627845,reciprocal_rank_fusion_k=60
193,Q0,AP891124-0203,33,0.17878610719090385,reciprocal_rank_fusion_k=60
193,Q0,AP891221-0065,34,0.17407161642686939,reciprocal_rank_fusion_k=60
193,Q0,AP891103-0175,35,0.1740549525799052,reciprocal_rank_fusion_k=60
193,Q0,AP891106-0232,36,0.17378056935235056,reciprocal_rank_fusion_k=60
193,Q0,AP880525-0137,37,0.17329450992104212,reciprocal_rank_fusion_k=60
193,Q0,AP890731-0123,38,0.17298398191036365,reciprocal_rank_fusion_k=60
193,Q0,AP881228-0200,39,0.17122592131490605,reciprocal_rank_fusion_k=60
193,Q0,AP890519-0065,40,0.16721229714788707,reciprocal_rank_fusion_k=60
193,Q0,AP881029-0121,41,0.16578222680725238,reciprocal_rank_fusion_k=60
193,Q0,AP890203-0233,42,0.16437641967022146,reciprocal_rank_fusion_k=60
193,Q0,WSJ880526-0015,43,0.16329157180471096,reciprocal_rank_fusion_k=60
193,Q0,WSJ871124-0103,44,0.161237266020008,reciprocal_rank_fusion_k=60
193,Q0,WSJ880708-0131,45,0.159229109280164,reciprocal_rank_fusion_k=60
193,Q0,AP891120-0121,46,0.15757547884837722,reciprocal_rank_fusion_k=60
193,Q0,AP881221-0166,47,0.15656870742155715,reciprocal_rank_fusion_k=60
193,Q0,AP890630-0266,48,0.15495777539566047,reciprocal_rank_fusion_k=60
193,Q0,AP880330-0163,49,0.1530545854508107,reciprocal_rank_fusion_k=60
193,Q0,FR88607-0041,50,0.14961772836604653,reciprocal_rank_fusion_k=60
193,Q0,FR89323-0057,51,0.14485479315017274,reciprocal_rank_fusion_k=60
193,Q0,WSJ880810-0103,52,0.14272206032611126,reciprocal_rank_fusion_k=60
193,Q0,WSJ880331-0001,53,0.14231597360557613,reciprocal_rank_fusion_k=60
193,Q0,AP891106-0233,54,0.14231391405187382,reciprocal_rank_fusion_k=60
193,Q0,AP881021-0207,55,0.1403780608999682,reciprocal_rank_fusion_k=60
193,Q0,FR89123-0060,56,0.1381407263397612,reciprocal_rank_fusion_k=60
193,Q0,FR89119-0045,57,0.1380313836743851,reciprocal_rank_fusion_k=60
193,Q0,AP890710-0174,58,0.13764681370704562,reciprocal_rank_fusion_k=60
193,Q0,WSJ911121-0063,59,0.13636567780282785,reciprocal_rank_fusion_k=60
193,Q0,AP890828-0065,60,0.13579853982718715,reciprocal_rank_fusion_k=60
193,Q0,AP881202-0050,61,0.1322916996617875,reciprocal_rank_fusion_k=60
193,Q0,AP881202-0212,62,0.13177191721260934,reciprocal_rank_fusion_k=60
193,Q0,AP891215-0083,63,0.13131474127690154,reciprocal_rank_fusion_k=60
193,Q0,AP880421-0108,64,0.13123202034113002,reciprocal_rank_fusion_k=60
193,Q0,AP881028-0299,65,0.12993768572967518,reciprocal_rank_fusion_k=60
193,Q0,AP891125-0025,66,0.12980294380640447,reciprocal_rank_fusion_k=60
193,Q0,AP881013-0063,67,0.12970344737383183,reciprocal_rank_fusion_k=60
193,Q0,AP890920-0234,68,0.12960894258205746,reciprocal_rank_fusion_k=60
193,Q0,WSJ890803-0021,69,0.12939951654079562,reciprocal_rank_fusion_k=60
193,Q0,AP880606-0133,70,0.12924407526233986,reciprocal_rank_fusion_k=60
193,Q0,FR88729-0024,71,0.12856882659343113,reciprocal_rank_fusion_k=60
193,Q0,AP881123-0251,72,0.12661331995673397,reciprocal_rank_fusion_k=60
193,Q0,AP890829-0241,73,0.12644628402425742,reciprocal_rank_fusion_k=60
193,Q0,AP890801-0046,74,0.12417111466658512,reciprocal_rank_fusion_k=60
193,Q0,AP890714-0290,75,0.12355264170140227,reciprocal_rank_fusion_k=60
193,Q0,AP890522-0214,76,0.12260476168032167,reciprocal_rank_fusion_k=60
193,Q0,AP890829-0024,77,0.12130830739994139,reciprocal_rank_fusion_k=60
193,Q0,AP891116-0046,78,0.11938618443495412,reciprocal_rank_fusion_k=60
193,Q0,AP880920-0023,79,0.11918798121379029,reciprocal_rank_fusion_k=60
193,Q0,AP891006-0240,80,0.11850325791657307,reciprocal_rank_fusion_k=60
193,Q0,FR881006-0001,81,0.11765965894454687,reciprocal_rank_fusion_k=60
193,Q0,FR881118-0018,82,0.11732922028170079,reciprocal_rank_fusion_k=60
193,Q0,AP881028-0056,83,0.11691618003966499,reciprocal_rank_fusion_k=60
193,Q0,AP881118-0186,84,0.1168994815870468,reciprocal_rank_fusion_k=60
193,Q0,AP891216-0108,85,0.11593967747797115,reciprocal_rank_fusion_k=60
193,Q0,AP891125-0139,86,0.11442282916760042,reciprocal_rank_fusion_k=60
193,Q0,AP890929-0051,87,0.11376324164219709,reciprocal_rank_fusion_k=60
193,Q0,AP880511-0242,88,0.11258367286244297,reciprocal_rank_fusion_k=60
193,Q0,AP891216-0006,89,0.11098806433832051,reciprocal_rank_fusion_k=60
193,Q0,AP881216-0114,90,0.11095383654863232,reciprocal_rank_fusion_k=60
193,Q0,AP891106-0243,91,0.11073834556637117,reciprocal_rank_fusion_k=60
193,Q0,AP881031-0294,92,0.10995189859043526,reciprocal_rank_fusion_k=60
193,Q0,AP880607-0040,93,0.10928106568018026,reciprocal_rank_fusion_k=60
193,Q0,FR881024-0169,94,0.10856398366989516,reciprocal_rank_fusion_k=60
193,Q0,AP891201-0092,95,0.10614323337723927,reciprocal_rank_fusion_k=60
193,Q0,AP890518-0248,96,0.10162665124297268,reciprocal_rank_fusion_k=60
193,Q0,AP890814-0072,97,0.10037772131220973,reciprocal_rank_fusion_k=60
193,Q0,AP891106-0238,98,0.09629238325501414,reciprocal_rank_fusion_k=60
193,Q0,AP891219-0094,99,0.09428244556430689,reciprocal_rank_fusion_k=60
193,Q0,AP891104-0029,100,0.09334488843690933,reciprocal_rank_fusion_k=60
193,Q0,AP891102-0046,101,0.0924919574595168,reciprocal_rank_fusion_k=60
193,Q0,WSJ911104-0005,102,0.09187058047811426,reciprocal_rank_fusion_k=60
193,Q0,WSJ861224-0169,103,0.09107646047655456,reciprocal_rank_fusion_k=60
193,Q0,WSJ911127-0070,104,0.09094395383029953,reciprocal_rank_fusion_k=60
193,Q0,WSJ910919-0082,105,0.09091410748594035,reciprocal_rank_fusion_k=60
193,Q0,AP881031-0295,106,0.09073787353999097,reciprocal_rank_fusion_k=60
193,Q0,WSJ880119-0073,107,0.09059447061383168,reciprocal_rank_fusion_k=60
193,Q0,WSJ900427-0142,108,0.09058901987470512,reciprocal_rank_fusion_k=60
193,Q0,FR881006-0002,109,0.08987992686832298,reciprocal_rank_fusion_k=60
193,Q0,WSJ871008-0058,110,0.08954454650972102,reciprocal_rank_fusion_k=60
193,Q0,AP881126-0118,111,0.0894336707077411,reciprocal_rank_fusion_k=60
193,Q0,AP880313-0029,112,0.08924478550131097,reciprocal_rank_fusion_k=60
193,Q0,WSJ910211-0166,113,0.08849436912722439,reciprocal_rank_fusion_k=60
193,Q0,AP880628-0273,114,0.088411490281898,reciprocal_rank_fusion_k=60
193,Q0,WSJ911206-0150,115,0.08801370949533655,reciprocal_rank_fusion_k=60
193,Q0,AP891006-0039,116,0.08730965577462778,reciprocal_rank_fusion_k=60
193,Q0,AP890213-0274,117,0.08711912884532096,reciprocal_rank_fusion_k=60
193,Q0,AP880729-0028,118,0.0870006325799845,reciprocal_rank_fusion_k=60
193,Q0,AP891206-0123,119,0.08676300549223408,reciprocal_rank_fusion_k=60
193,Q0,AP881116-0165,120,0.08581179221387085,reciprocal_rank_fusion_k=60
193,Q0,WSJ870106-0080,121,0.08560114108390884,reciprocal_rank_fusion_k=60
193,Q0,AP881027-0184,122,0.08420642831711235,reciprocal_rank_fusion_k=60
193,Q0,AP881104-0098,123,0.08403561579413718,reciprocal_rank_fusion_k=60
193,Q0,AP881031-0296,124,0.084023616473145,reciprocal_rank_fusion_k=60
193,Q0,WSJ880114-0116,125,0.08388183281640928,reciprocal_rank_fusion_k=60
193,Q0,AP890214-0194,126,0.08374314292770733,reciprocal_rank_fusion_k=60
193,Q0,WSJ871119-0008,127,0.08306087902024246,reciprocal_rank_fusion_k=60
193,Q0,AP890920-0077,128,0.08292730743899134,reciprocal_rank_fusion_k=60
193,Q0,WSJ870128-0132,129,0.08155654073433354,reciprocal_rank_fusion_k=60
193,Q0,WSJ910611-0111,130,0.08108248356342147,reciprocal_rank_fusion_k=60
193,Q0,AP890523-0025,131,0.08070256909900911,reciprocal_rank_fusion_k=60
193,Q0,AP880528-0023,132,0.08065209718348505,reciprocal_rank_fusion_k=60
193,Q0,WSJ870727-0040,133,0.0805772686175698,reciprocal_rank_fusion_k=60
193,Q0,WSJ870218-0134,134,0.08041021916341892,reciprocal_rank_fusion_k=60
193,Q0,WSJ861229-0018,135,0.0802177086266803,reciprocal_rank_fusion_k=60
193,Q0,AP890814-0214,136,0.07985599488977374,reciprocal_rank_fusion_k=60
193,Q0,AP880308-0167,137,0.07980756164230005,reciprocal_rank_fusion_k=60
193,Q0,WSJ900503-0103,138,0.0795592671448251,reciprocal_rank_fusion_k=60
193,Q0,WSJ900413-0195,139,0.07864864704817202,reciprocal_rank_fusion_k=60
193,Q0,WSJ900606-0145,140,0.07841580013482355,reciprocal_rank_fusion_k=60
193,Q0,AP880819-0193,141,0.07794645222552797,reciprocal_rank_fusion_k=60
193,Q0,AP880614-0104,142,0.07724821062498743,reciprocal_rank_fusion_k=60
193,Q0,AP880811-0155,143,0.07598017250051757,reciprocal_rank_fusion_k=60
193,Q0,WSJ880105-0055,144,0.07597480851101857,reciprocal_rank_fusion_k=60
193,Q0,AP880526-0115,145,0.07491462405600931,reciprocal_rank_fusion_k=60
193,Q0,AP880922-0071,146,0.07476765273461373,reciprocal_rank_fusion_k=60
193,Q0,AP880526-0064,147,0.07449155449805352,reciprocal_rank_fusion_k=60
193,Q0,AP890912-0125,148,0.07346867976204019,reciprocal_rank_fusion_k=60
193,Q0,WSJ920207-0071,149,0.0734202059017929,reciprocal_rank_fusion_k=60
193,Q0,WSJ890927-0163,150,0.07322125718806562,reciprocal_rank_fusion_k=60
193,Q0,WSJ900910-0079,151,0.07290855863975075,reciprocal_rank_fusion_k=60
193,Q0,AP891220-0135,152,0.07278307014455031,reciprocal_rank_fusion_k=60
193,Q0,AP881028-0002,153,0.07227270854170284,reciprocal_rank_fusion_k=60
193,Q0,AP880331-0065,154,0.07143958838788031,reciprocal_rank_fusion_k=60
193,Q0,WSJ911022-0059,155,0.0714084527496114,reciprocal_rank_fusion_k=60
193,Q0,AP891002-0178,156,0.07096531112293503,reciprocal_rank_fusion_k=60
193,Q0,WSJ871021-0137,157,0.07029762104858206,reciprocal_rank_fusion_k=60
193,Q0,WSJ871008-0098,158,0.06970153944766713,reciprocal_rank_fusion_k=60
193,Q0,AP890926-0275,159,0.06931695513319612,reciprocal_rank_fusion_k=60
193,Q0,WSJ910103-0105,160,0.06900928299295743,reciprocal_rank_fusion_k=60
193,Q0,AP891122-0241,161,0.06888249601833048,reciprocal_rank_fusion_k=60
193,Q0,AP881105-0164,162,0.06882875924236118,reciprocal_rank_fusion_k=60
193,Q0,ZF108-044-492,163,0.06852641560069644,reciprocal_rank_fusion_k=60
193,Q0,WSJ911231-0103,164,0.06788989327373678,reciprocal_rank_fusion_k=60
193,Q0,AP891221-0051,165,0.06770656793469375,reciprocal_rank_fusion_k=60
193,Q0,WSJ920317-0158,166,0.06747702347732394,reciprocal_rank_fusion_k=60
193,Q0,FR89613-0048,167,0.06737937100097038,reciprocal_rank_fusion_k=60
193,Q0,AP881121-0241,168,0.06681545389307222,reciprocal_rank_fusion_k=60
193,Q0,WSJ880122-0083,169,0.06670552983141442,reciprocal_rank_fusion_k=60
193,Q0,AP881029-0021,170,0.06667555148741942,reciprocal_rank_fusion_k=60
193,Q0,AP881218-0062,171,0.0666684211921901,reciprocal_rank_fusion_k=60
193,Q0,WSJ870930-0013,172,0.06614790624541393,reciprocal_rank_fusion_k=60
193,Q0,WSJ910129-0118,173,0.06609079091594018,reciprocal_rank_fusion_k=60
193,Q0,WSJ871028-0070,174,0.06501375980313684,reciprocal_rank_fusion_k=60
193,Q0,AP891023-0111,175,0.06450682163203639,reciprocal_rank_fusion_k=60
193,Q0,AP891202-0162,176,0.06449267809399695,reciprocal_rank_fusion_k=60
193,Q0,WSJ881103-0018,177,0.06414122681238842,reciprocal_rank_fusion_k=60
193,Q0,WSJ900521-0077,178,0.06413486993597403,reciprocal_rank_fusion_k=60
193,Q0,AP891127-0254,179,0.06327618894528983,reciprocal_rank_fusion_k=60
193,Q0,WSJ910808-0012,180,0.06302256998551975,reciprocal_rank_fusion_k=60
193,Q0,WSJ910221-0164,181,0.06279468215807545,reciprocal_rank_fusion_k=60
193,Q0,WSJ871130-0069,182,0.0627284777228672,reciprocal_rank_fusion_k=60
193,Q0,AP890911-0286,183,0.062279607808462346,reciprocal_rank_fusion_k=60
193,Q0,AP880701-0102,184,0.06204157554372561,reciprocal_rank_fusion_k=60
193,Q0,WSJ910930-0105,185,0.061947714568478855,reciprocal_rank_fusion_k=60
193,Q0,WSJ910523-0168,186,0.06139414940113333,reciprocal_rank_fusion_k=60
193,Q0,WSJ880119-0081,187,0.060756519640377406,reciprocal_rank_fusion_k=60
193,Q0,AP881215-0173,188,0.06071356235541209,reciprocal_rank_fusion_k=60
193,Q0,AP890413-0013,189,0.06037145014496416,reciprocal_rank_fusion_k=60
193,Q0,AP880802-0119,190,0.06021137708539327,reciprocal_rank_fusion_k=60
193,Q0,WSJ910927-0110,191,0.0600745935291533,reciprocal_rank_fusion_k=60
193,Q0,WSJ920122-0032,192,0.060064860913571126,reciprocal_rank_fusion_k=60
193,Q0,WSJ871105-0083,193,0.05970288066039811,reciprocal_rank_fusion_k=60
193,Q0,WSJ910417-0039,194,0.0594489872393332,reciprocal_rank_fusion_k=60
193,Q0,AP890403-0104,195,0.059369966194803135,reciprocal_rank_fusion_k=60
193,Q0,ZF207-800-494,196,0.059347128303144626,reciprocal_rank_fusion_k=60
193,Q0,WSJ880212-0023,197,0.05926867365709987,reciprocal_rank_fusion_k=60
193,Q0,WSJ880406-0009,198,0.059003619712641765,reciprocal_rank_fusion_k=60
193,Q0,WSJ880229-0114,199,0.05893054132954422,reciprocal_rank_fusion_k=60
193,Q0,WSJ911008-0107,200,0.058692333590472504,reciprocal_rank_fusion_k=60
193,Q0,WSJ910701-0153,201,0.05855128016385457,reciprocal_rank_fusion_k=60
193,Q0,WSJ880811-0126,202,0.05853706084785915,reciprocal_rank_fusion_k=60
193,Q0,AP880317-0032,203,0.05842438446705623,reciprocal_rank_fusion_k=60
193,Q0,WSJ880104-0128,204,0.0583701943517922,reciprocal_rank_fusion_k=60
193,Q0,AP891012-0090,205,0.05829126807999194,reciprocal_rank_fusion_k=60
193,Q0,WSJ880610-0125,206,0.058248300047603445,reciprocal_rank_fusion_k=60
193,Q0,AP880218-0289,207,0.05815210614885928,reciprocal_rank_fusion_k=60
193,Q0,WSJ910401-0012,208,0.05781764106550214,reciprocal_rank_fusion_k=60
193,Q0,WSJ910131-0053,209,0.05774147780583856,reciprocal_rank_fusion_k=60
193,Q0,WSJ911204-0038,210,0.05740302855159871,reciprocal_rank_fusion_k=60
193,Q0,WSJ910214-0106,211,0.05662355178822365,reciprocal_rank_fusion_k=60
193,Q0,WSJ920303-0014,212,0.05632869752460347,reciprocal_rank_fusion_k=60
193,Q0,WSJ880531-0134,213,0.05632084002143909,reciprocal_rank_fusion_k=60
193,Q0,WSJ871210-0124,214,0.05622894140940458,reciprocal_rank_fusion_k=60
193,Q0,WSJ910807-0026,215,0.055819298242627165,reciprocal_rank_fusion_k=60
193,Q0,AP880427-0218,216,0.05580277073925191,reciprocal_rank_fusion_k=60
193,Q0,WSJ880909-0040,217,0.055620008494031654,reciprocal_rank_fusion_k=60
193,Q0,WSJ900813-0055,218,0.05559515479640625,reciprocal_rank_fusion_k=60
193,Q0,WSJ890809-0068,219,0.055493376989908465,reciprocal_rank_fusion_k=60
193,Q0,AP881112-0003,220,0.05547071840165891,reciprocal_rank_fusion_k=60
193,Q0,WSJ870521-0136,221,0.05540635013698379,reciprocal_rank_fusion_k=60
193,Q0,AP881228-0139,222,0.055374661069641354,reciprocal_rank_fusion_k=60
193,Q0,AP880427-0331,223,0.054943556895900574,reciprocal_rank_fusion_k=60
193,Q0,AP890214-0189,224,0.0548402571972155,reciprocal_rank_fusion_k=60
193,Q0,WSJ891003-0095,225,0.05483228345050887,reciprocal_rank_fusion_k=60
193,Q0,WSJ861216-0058,226,0.05470565218638566,reciprocal_rank_fusion_k=60
193,Q0,WSJ900913-0097,227,0.054670376631450725,reciprocal_rank_fusion_k=60
193,Q0,AP880325-0279,228,0.05440004295858163,reciprocal_rank_fusion_k=60
193,Q0,WSJ901226-0090,229,0.054306909697578246,reciprocal_rank_fusion_k=60
193,Q0,WSJ880912-0066,230,0.05382034636416834,reciprocal_rank_fusion_k=60
193,Q0,AP880611-0074,231,0.0537627611615287,reciprocal_rank_fusion_k=60
193,Q0,AP890515-0034,232,0.05355103373003579,reciprocal_rank_fusion_k=60
193,Q0,AP890316-0112,233,0.053340836050008444,reciprocal_rank_fusion_k=60
193,Q0,WSJ881027-0016,234,0.053313988969983885,reciprocal_rank_fusion_k=60
193,Q0,WSJ871109-0054,235,0.053207696693445786,reciprocal_rank_fusion_k=60
193,Q0,WSJ891012-0119,236,0.05282181766753506,reciprocal_rank_fusion_k=60
193,Q0,WSJ911216-0048,237,0.05280057311525282,reciprocal_rank_fusion_k=60
193,Q0,WSJ920228-0008,238,0.05243771545250826,reciprocal_rank_fusion_k=60
193,Q0,AP891212-0230,239,0.05238805459791898,reciprocal_rank_fusion_k=60
193,Q0,FR88203-0017,240,0.05236138612596234,reciprocal_rank_fusion_k=60
193,Q0,WSJ891016-0010,241,0.05221190601542033,reciprocal_rank_fusion_k=60
193,Q0,WSJ910628-0106,242,0.0521319387232574,reciprocal_rank_fusion_k=60
193,Q0,WSJ911226-0026,243,0.051831783279453966,reciprocal_rank_fusion_k=60
193,Q0,AP880419-0018,244,0.0514711938706213,reciprocal_rank_fusion_k=60
193,Q0,AP881009-0092,245,0.051444966148609536,reciprocal_rank_fusion_k=60
193,Q0,AP880428-0053,246,0.051217812765601264,reciprocal_rank_fusion_k=60
193,Q0,WSJ870806-0003,247,0.051146267795650235,reciprocal_rank_fusion_k=60
193,Q0,WSJ910212-0107,248,0.05099109530736768,reciprocal_rank_fusion_k=60
193,Q0,WSJ910111-0027,249,0.05095249444664908,reciprocal_rank_fusion_k=60
193,Q0,FR89113-0075,250,0.050926268204609264,reciprocal_rank_fusion_k=60
193,Q0,AP890711-0010,251,0.05091903765659256,reciprocal_rank_fusion_k=60
193,Q0,AP881006-0241,252,0.05060979861017718,reciprocal_rank_fusion_k=60
193,Q0,FR88212-0145,253,0.05051311415776592,reciprocal_rank_fusion_k=60
193,Q0,AP891220-0144,254,0.050507129124360915,reciprocal_rank_fusion_k=60
193,Q0,WSJ880420-0086,255,0.05048478010779904,reciprocal_rank_fusion_k=60
193,Q0,WSJ920228-0179,256,0.050389525115532574,reciprocal_rank_fusion_k=60
193,Q0,WSJ880615-0009,257,0.05008002121786354,reciprocal_rank_fusion_k=60
193,Q0,WSJ910314-0042,258,0.049784649725505545,reciprocal_rank_fusion_k=60
193,Q0,WSJ880317-0170,259,0.04974457118691934,reciprocal_rank_fusion_k=60
193,Q0,AP890107-0159,260,0.04927495988290265,reciprocal_rank_fusion_k=60
193,Q0,AP891020-0300,261,0.049228312686645195,reciprocal_rank_fusion_k=60
193,Q0,WSJ880902-0083,262,0.049167021595585524,reciprocal_rank_fusion_k=60
193,Q0,WSJ891023-0061,263,0.04914220563576774,reciprocal_rank_fusion_k=60
193,Q0,WSJ871013-0033,264,0.04905896772387704,reciprocal_rank_fusion_k=60
193,Q0,AP890406-0099,265,0.048776629413552784,reciprocal_rank_fusion_k=60
193,Q0,AP881020-0105,266,0.04867890509943848,reciprocal_rank_fusion_k=60
193,Q0,WSJ910305-0009,267,0.048487384313434634,reciprocal_rank_fusion_k=60
193,Q0,AP890907-0268,268,0.0483630748070509,reciprocal_rank_fusion_k=60
193,Q0,WSJ920303-0105,269,0.048307068689906,reciprocal_rank_fusion_k=60
193,Q0,WSJ900510-0129,270,0.04820887875894199,reciprocal_rank_fusion_k=60
193,Q0,WSJ870817-0033,271,0.04813021386779696,reciprocal_rank_fusion_k=60
193,Q0,WSJ880428-0055,272,0.04807445954997119,reciprocal_rank_fusion_k=60
193,Q0,WSJ861219-0020,273,0.04805788343755202,reciprocal_rank_fusion_k=60
193,Q0,WSJ910424-0139,274,0.04775305020393097,reciprocal_rank_fusion_k=60
193,Q0,AP881031-0297,275,0.04764960615140043,reciprocal_rank_fusion_k=60
193,Q0,FR881107-0073,276,0.047536929759025105,reciprocal_rank_fusion_k=60
193,Q0,WSJ880129-0118,277,0.04738466853721502,reciprocal_rank_fusion_k=60
193,Q0,AP880512-0198,278,0.047283776091093514,reciprocal_rank_fusion_k=60
193,Q0,WSJ880219-0015,279,0.04713100314963147,reciprocal_rank_fusion_k=60
193,Q0,AP881207-0286,280,0.047113468857290584,reciprocal_rank_fusion_k=60
193,Q0,WSJ880628-0103,281,0.04685595159135139,reciprocal_rank_fusion_k=60
193,Q0,AP880616-0145,282,0.04682923871330905,reciprocal_rank_fusion_k=60
193,Q0,AP881224-0073,283,0.04659245843821543,reciprocal_rank_fusion_k=60
193,Q0,WSJ880204-0109,284,0.04646169517075006,reciprocal_rank_fusion_k=60
193,Q0,WSJ870211-0118,285,0.046448899711483624,reciprocal_rank_fusion_k=60
193,Q0,WSJ920203-0095,286,0.046277595983161765,reciprocal_rank_fusion_k=60
193,Q0,WSJ870116-0026,287,0.045828221237864855,reciprocal_rank_fusion_k=60
193,Q0,WSJ880831-0106,288,0.04573567205080059,reciprocal_rank_fusion_k=60
193,Q0,WSJ870317-0115,289,0.04557253726845683,reciprocal_rank_fusion_k=60
193,Q0,WSJ880818-0022,290,0.04512683558188402,reciprocal_rank_fusion_k=60
193,Q0,WSJ900928-0074,291,0.04500316953329006,reciprocal_rank_fusion_k=60
193,Q0,AP890823-0203,292,0.04498034004948592,reciprocal_rank_fusion_k=60
193,Q0,AP890803-0304,293,0.04476009962960994,reciprocal_rank_fusion_k=60
193,Q0,WSJ910822-0064,294,0.0447355988413003,reciprocal_rank_fusion_k=60
193,Q0,WSJ910201-0173,295,0.04472852589869121,reciprocal_rank_fusion_k=60
193,Q0,AP890316-0140,296,0.044563513825477366,reciprocal_rank_fusion_k=60
193,Q0,WSJ870923-0074,297,0.04450684827558038,reciprocal_rank_fusion_k=60
193,Q0,WSJ910628-0047,298,0.044473408201152156,reciprocal_rank_fusion_k=60
193,Q0,WSJ870422-0029,299,0.044360084657070115,reciprocal_rank_fusion_k=60
193,Q0,WSJ870930-0141,300,0.0443017866059112,reciprocal_rank_fusion_k=60
193,Q0,ZF108-692-560,301,0.044290041441071716,reciprocal_rank_fusion_k=60
193,Q0,WSJ880708-0147,302,0.04419603052187864,reciprocal_rank_fusion_k=60
193,Q0,WSJ870309-0056,303,0.04418001575829474,reciprocal_rank_fusion_k=60
193,Q0,WSJ900720-0067,304,0.043991087361517765,reciprocal_rank_fusion_k=60
193,Q0,WSJ881018-0120,305,0.04392570591851382,reciprocal_rank_fusion_k=60
193,Q0,WSJ911122-0123,306,0.0435159185894672,reciprocal_rank_fusion_k=60
193,Q0,WSJ870626-0182,307,0.04335558821522921,reciprocal_rank_fusion_k=60
193,Q0,WSJ891024-0118,308,0.04323769545385701,reciprocal_rank_fusion_k=60
193,Q0,WSJ861218-0139,309,0.043129990731701984,reciprocal_rank_fusion_k=60
193,Q0,WSJ900823-0110,310,0.04304299645931115,reciprocal_rank_fusion_k=60
193,Q0,WSJ910605-0154,311,0.04272517373312781,reciprocal_rank_fusion_k=60
193,Q0,WSJ871215-0027,312,0.042679689661049715,reciprocal_rank_fusion_k=60
193,Q0,WSJ870319-0057,313,0.04263678686196061,reciprocal_rank_fusion_k=60
193,Q0,WSJ870515-0048,314,0.04258832800258358,reciprocal_rank_fusion_k=60
193,Q0,WSJ870616-0140,315,0.042504760961645495,reciprocal_rank_fusion_k=60
193,Q0,WSJ901231-0086,316,0.04212027505116172,reciprocal_rank_fusion_k=60
193,Q0,AP880302-0143,317,0.04201426869679273,reciprocal_rank_fusion_k=60
193,Q0,AP891221-0069,318,0.04200891939757786,reciprocal_rank_fusion_k=60
193,Q0,WSJ910717-0092,319,0.0419708870707845,reciprocal_rank_fusion_k=60
193,Q0,WSJ880125-0030,320,0.0419523787874927,reciprocal_rank_fusion_k=60
193,Q0,WSJ911112-0148,321,0.04186079120413034,reciprocal_rank_fusion_k=60
193,Q0,ZF109-617-721,322,0.04160142553890389,reciprocal_rank_fusion_k=60
193,Q0,WSJ911014-0016,323,0.040925570807047944,reciprocal_rank_fusion_k=60
193,Q0,FR881020-0041,324,0.04087157361177093,reciprocal_rank_fusion_k=60
193,Q0,AP881023-0060,325,0.040785290854066965,reciprocal_rank_fusion_k=60
193,Q0,AP881129-0046,326,0.04072458970635316,reciprocal_rank_fusion_k=60
193,Q0,AP881028-0254,327,0.040692699344594,reciprocal_rank_fusion_k=60
193,Q0,AP880506-0287,328,0.040545699791330804,reciprocal_rank_fusion_k=60
193,Q0,WSJ910320-0042,329,0.04044516114839725,reciprocal_rank_fusion_k=60
193,Q0,WSJ910522-0076,330,0.040429380810271344,reciprocal_rank_fusion_k=60
193,Q0,AP890213-0260,331,0.04035508812013031,reciprocal_rank_fusion_k=60
193,Q0,AP881013-0147,332,0.040340998592017716,reciprocal_rank_fusion_k=60
193,Q0,WSJ871116-0147,333,0.04028541875741279,reciprocal_rank_fusion_k=60
193,Q0,AP881121-0242,334,0.03955951120822637,reciprocal_rank_fusion_k=60
193,Q0,WSJ880209-0112,335,0.039469244333600224,reciprocal_rank_fusion_k=60
193,Q0,WSJ871123-0009,336,0.03938289988052515,reciprocal_rank_fusion_k=60
193,Q0,WSJ871223-0103,337,0.039353141512206376,reciprocal_rank_fusion_k=60
193,Q0,WSJ911119-0054,338,0.039325531331186325,reciprocal_rank_fusion_k=60
193,Q0,WSJ910131-0157,339,0.03928850753627987,reciprocal_rank_fusion_k=60
193,Q0,AP890516-0094,340,0.03910903033603002,reciprocal_rank_fusion_k=60
193,Q0,AP891106-0234,341,0.03903855408805128,reciprocal_rank_fusion_k=60
193,Q0,AP880803-0054,342,0.03896671572899688,reciprocal_rank_fusion_k=60
193,Q0,AP890720-0255,343,0.03896260693045344,reciprocal_rank_fusion_k=60
193,Q0,WSJ880928-0087,344,0.03893688584318288,reciprocal_rank_fusion_k=60
193,Q0,AP880508-0007,345,0.03876452745886823,reciprocal_rank_fusion_k=60
193,Q0,AP881129-0230,346,0.038531147680573134,reciprocal_rank_fusion_k=60
193,Q0,AP881028-0176,347,0.038490515015593585,reciprocal_rank_fusion_k=60
193,Q0,AP890210-0285,348,0.038397995350522074,reciprocal_rank_fusion_k=60
193,Q0,AP890902-0069,349,0.03807328137676735,reciprocal_rank_fusion_k=60
193,Q0,AP881017-0222,350,0.03764087204159075,reciprocal_rank_fusion_k=60
193,Q0,AP890912-0227,351,0.03760934000374115,reciprocal_rank_fusion_k=60
193,Q0,AP880818-0095,352,0.03759237125431687,reciprocal_rank_fusion_k=60
193,Q0,WSJ861224-0045,353,0.03758719934380795,reciprocal_rank_fusion_k=60
193,Q0,WSJ881031-0034,354,0.03754460551041608,reciprocal_rank_fusion_k=60
193,Q0,WSJ910110-0125,355,0.03712623228309085,reciprocal_rank_fusion_k=60
193,Q0,WSJ920129-0170,356,0.037118344797259804,reciprocal_rank_fusion_k=60
193,Q0,AP890405-0183,357,0.03710690737507469,reciprocal_rank_fusion_k=60
193,Q0,AP890720-0203,358,0.03709104517525593,reciprocal_rank_fusion_k=60
193,Q0,WSJ910313-0080,359,0.0366965196697224,reciprocal_rank_fusion_k=60
193,Q0,AP890712-0143,360,0.036660236938571115,reciprocal_rank_fusion_k=60
193,Q0,AP880418-0290,361,0.036631195146437985,reciprocal_rank_fusion_k=60
193,Q0,WSJ861210-0057,362,0.03660533168206818,reciprocal_rank_fusion_k=60
193,Q0,WSJ920103-0068,363,0.03640033436473063,reciprocal_rank_fusion_k=60
193,Q0,FR881024-0194,364,0.03620983974904698,reciprocal_rank_fusion_k=60
193,Q0,AP891208-0236,365,0.03620014787089606,reciprocal_rank_fusion_k=60
193,Q0,AP881211-0012,366,0.03592507885769767,reciprocal_rank_fusion_k=60
193,Q0,AP890602-0117,367,0.03586942588310479,reciprocal_rank_fusion_k=60
193,Q0,WSJ900702-0169,368,0.03581323847304217,reciprocal_rank_fusion_k=60
193,Q0,WSJ920108-0126,369,0.03572196764533231,reciprocal_rank_fusion_k=60
193,Q0,WSJ881115-0045,370,0.035697554553428795,reciprocal_rank_fusion_k=60
193,Q0,AP880715-0004,371,0.035645469089109705,reciprocal_rank_fusion_k=60
193,Q0,WSJ881109-0087,372,0.03559016010290041,reciprocal_rank_fusion_k=60
193,Q0,WSJ870820-0047,373,0.03536343122845092,reciprocal_rank_fusion_k=60
193,Q0,AP890305-0041,374,0.035331852447461204,reciprocal_rank_fusion_k=60
193,Q0,WSJ911210-0071,375,0.03520247637933389,reciprocal_rank_fusion_k=60
193,Q0,WSJ861209-0099,376,0.035104528417918404,reciprocal_rank_fusion_k=60
193,Q0,WSJ920207-0069,377,0.034700273529573056,reciprocal_rank_fusion_k=60
193,Q0,WSJ871210-0050,378,0.034528526448953885,reciprocal_rank_fusion_k=60
193,Q0,AP880507-0204,379,0.03446261219664466,reciprocal_rank_fusion_k=60
193,Q0,WSJ900802-0040,380,0.03437619337808354,reciprocal_rank_fusion_k=60
193,Q0,AP880820-0061,381,0.03415984684770915,reciprocal_rank_fusion_k=60
193,Q0,WSJ871118-0059,382,0.034085781998026775,reciprocal_rank_fusion_k=60
193,Q0,FR88610-0152,383,0.03406532899003332,reciprocal_rank_fusion_k=60
193,Q0,WSJ891013-0100,384,0.033967118944277834,reciprocal_rank_fusion_k=60
193,Q0,WSJ911224-0005,385,0.033802277899810995,reciprocal_rank_fusion_k=60
193,Q0,AP890712-0048,386,0.033780144235753144,reciprocal_rank_fusion_k=60
193,Q0,WSJ870108-0112,387,0.0336408613029452,reciprocal_rank_fusion_k=60
193,Q0,AP880809-0154,388,0.0336193255459294,reciprocal_rank_fusion_k=60
193,Q0,AP890711-0158,389,0.033616235012918806,reciprocal_rank_fusion_k=60
193,Q0,AP890627-0163,390,0.03359309456984871,reciprocal_rank_fusion_k=60
193,Q0,WSJ920312-0118,391,0.03355784766942677,reciprocal_rank_fusion_k=60
193,Q0,WSJ880928-0005,392,0.033460026957583384,reciprocal_rank_fusion_k=60
193,Q0,WSJ871110-0007,393,0.033094236308085286,reciprocal_rank_fusion_k=60
193,Q0,AP890622-0269,394,0.03299671186003889,reciprocal_rank_fusion_k=60
193,Q0,WSJ870709-0082,395,0.032986463135799844,reciprocal_rank_fusion_k=60
193,Q0,WSJ870924-0095,396,0.03290585210215012,reciprocal_rank_fusion_k=60
193,Q0,WSJ870527-0090,397,0.03279444007627412,reciprocal_rank_fusion_k=60
193,Q0,WSJ881109-0169,398,0.03269434582022951,reciprocal_rank_fusion_k=60
193,Q0,WSJ871216-0042,399,0.032621469244179815,reciprocal_rank_fusion_k=60
193,Q0,WSJ900611-0130,400,0.03258372335439595,reciprocal_rank_fusion_k=60
193,Q0,WSJ900430-0159,401,0.0325615117822207,reciprocal_rank_fusion_k=60
193,Q0,AP880302-0030,402,0.032520623130500206,reciprocal_rank_fusion_k=60
193,Q0,AP880321-0129,403,0.03248172845414143,reciprocal_rank_fusion_k=60
193,Q0,AP880725-0259,404,0.03218714454901275,reciprocal_rank_fusion_k=60
193,Q0,ZF107-955-938,405,0.03209098260916086,reciprocal_rank_fusion_k=60
193,Q0,DOE1-66-0110,406,0.032003964661778204,reciprocal_rank_fusion_k=60
193,Q0,WSJ880415-0055,407,0.0319484148234495,reciprocal_rank_fusion_k=60
193,Q0,WSJ871110-0110,408,0.03185726808600861,reciprocal_rank_fusion_k=60
193,Q0,AP880628-0298,409,0.03176631398211041,reciprocal_rank_fusion_k=60
193,Q0,WSJ900501-0166,410,0.031659179883865546,reciprocal_rank_fusion_k=60
193,Q0,DOE2-82-0808,411,0.03165562276266908,reciprocal_rank_fusion_k=60
193,Q0,WSJ881117-0044,412,0.031642451891224735,reciprocal_rank_fusion_k=60
193,Q0,AP890525-0255,413,0.031572863734056614,reciprocal_rank_fusion_k=60
193,Q0,AP891214-0136,414,0.03153851009496946,reciprocal_rank_fusion_k=60
193,Q0,AP880404-0242,415,0.031462850732723605,reciprocal_rank_fusion_k=60
193,Q0,FR89127-0005,416,0.03143468049779571,reciprocal_rank_fusion_k=60
193,Q0,WSJ871222-0006,417,0.03140610671942453,reciprocal_rank_fusion_k=60
193,Q0,AP881006-0245,418,0.031068836145976813,reciprocal_rank_fusion_k=60
193,Q0,DOE1-01-1015,419,0.031061219679802923,reciprocal_rank_fusion_k=60
193,Q0,AP890725-0022,420,0.031059943383937062,reciprocal_rank_fusion_k=60
193,Q0,AP890110-0309,421,0.03102325211524475,reciprocal_rank_fusion_k=60
193,Q0,WSJ900420-0178,422,0.030979852046372984,reciprocal_rank_fusion_k=60
193,Q0,WSJ900718-0134,423,0.030948677974699274,reciprocal_rank_fusion_k=60
193,Q0,WSJ870601-0070,424,0.03091707169769329,reciprocal_rank_fusion_k=60
193,Q0,AP881217-0064,425,0.030840437155877323,reciprocal_rank_fusion_k=60
193,Q0,AP890818-0006,426,0.030839931960565316,reciprocal_rank_fusion_k=60
193,Q0,WSJ871105-0116,427,0.03072921351887051,reciprocal_rank_fusion_k=60
193,Q0,WSJ871123-0122,428,0.03072693584013524,reciprocal_rank_fusion_k=60
193,Q0,WSJ861215-0025,429,0.030604322081734057,reciprocal_rank_fusion_k=60
193,Q0,WSJ910617-0166,430,0.03058632306588605,reciprocal_rank_fusion_k=60
193,Q0,WSJ870605-0017,431,0.03056467132341831,reciprocal_rank_fusion_k=60
193,Q0,AP880412-0110,432,0.03049153548900966,reciprocal_rank_fusion_k=60
193,Q0,WSJ900531-0089,433,0.030391831859479582,reciprocal_rank_fusion_k=60
193,Q0,WSJ870728-0077,434,0.03035812954917526,reciprocal_rank_fusion_k=60
193,Q0,WSJ900821-0074,435,0.030160373479283714,reciprocal_rank_fusion_k=60
193,Q0,FR88203-0062,436,0.030072077198777133,reciprocal_rank_fusion_k=60
193,Q0,WSJ900411-0084,437,0.030051368333370368,reciprocal_rank_fusion_k=60
193,Q0,WSJ880810-0090,438,0.029782203152116025,reciprocal_rank_fusion_k=60
193,Q0,WSJ910510-0088,439,0.029772811832057714,reciprocal_rank_fusion_k=60
193,Q0,AP881222-0247,440,0.02974616969777151,reciprocal_rank_fusion_k=60
193,Q0,ZF108-034-210,441,0.02971697841736352,reciprocal_rank_fusion_k=60
193,Q0,WSJ880114-0073,442,0.029683131645913276,reciprocal_rank_fusion_k=60
193,Q0,AP890720-0200,443,0.02963848337074397,reciprocal_rank_fusion_k=60
193,Q0,FR891003-0133,444,0.029631956655858785,reciprocal_rank_fusion_k=60
193,Q0,WSJ880524-0027,445,0.029578467463489914,reciprocal_rank_fusion_k=60
193,Q0,DOE1-78-0433,446,0.029569969373797387,reciprocal_rank_fusion_k=60
193,Q0,WSJ870428-0066,447,0.02955719503305581,reciprocal_rank_fusion_k=60
193,Q0,AP891104-0022,448,0.029396508907754155,reciprocal_rank_fusion_k=60
193,Q0,AP890215-0137,449,0.02933482392567684,reciprocal_rank_fusion_k=60
193,Q0,WSJ880204-0137,450,0.029100398316207168,reciprocal_rank_fusion_k=60
193,Q0,AP890119-0166,451,0.029059353366639878,reciprocal_rank_fusion_k=60
193,Q0,WSJ871112-0010,452,0.028986917428004973,reciprocal_rank_fusion_k=60
193,Q0,WSJ910125-0085,453,0.028962816655433783,reciprocal_rank_fusion_k=60
193,Q0,AP890731-0106,454,0.02887488145332446,reciprocal_rank_fusion_k=60
193,Q0,DOE2-11-1023,455,0.028811106665517727,reciprocal_rank_fusion_k=60
193,Q0,AP880903-0077,456,0.028756577977207872,reciprocal_rank_fusion_k=60
193,Q0,DOE2-84-0259,457,0.0287333234494453,reciprocal_rank_fusion_k=60
193,Q0,DOE1-11-0243,458,0.02862938921422718,reciprocal_rank_fusion_k=60
193,Q0,WSJ871224-0072,459,0.02859660050369468,reciprocal_rank_fusion_k=60
193,Q0,WSJ900713-0087,460,0.0285387867531307,reciprocal_rank_fusion_k=60
193,Q0,AP891216-0141,461,0.02851891974344684,reciprocal_rank_fusion_k=60
193,Q0,AP880510-0137,462,0.028456960718844754,reciprocal_rank_fusion_k=60
193,Q0,WSJ880804-0154,463,0.028449406694510078,reciprocal_rank_fusion_k=60
193,Q0,WSJ861211-0048,464,0.028402709285637234,reciprocal_rank_fusion_k=60
193,Q0,AP891026-0043,465,0.028299716047475765,reciprocal_rank_fusion_k=60
193,Q0,WSJ870514-0100,466,0.028275018167774897,reciprocal_rank_fusion_k=60
193,Q0,WSJ870708-0110,467,0.028240800118025905,reciprocal_rank_fusion_k=60
193,Q0,WSJ900813-0074,468,0.028174107041500012,reciprocal_rank_fusion_k=60
193,Q0,AP881120-0014,469,0.028146951528248962,reciprocal_rank_fusion_k=60
193,Q0,AP880609-0270,470,0.02811599069927414,reciprocal_rank_fusion_k=60
193,Q0,AP890101-0019,471,0.028056176767384346,reciprocal_rank_fusion_k=60
193,Q0,AP891209-0073,472,0.02805158476398262,reciprocal_rank_fusion_k=60
193,Q0,WSJ880211-0045,473,0.02804222524834593,reciprocal_rank_fusion_k=60
193,Q0,AP881107-0005,474,0.02791521485089023,reciprocal_rank_fusion_k=60
193,Q0,WSJ890823-0110,475,0.027899916773189506,reciprocal_rank_fusion_k=60
193,Q0,WSJ910830-0075,476,0.027889252392290616,reciprocal_rank_fusion_k=60
193,Q0,AP880703-0048,477,0.027864131395692347,reciprocal_rank_fusion_k=60
193,Q0,WSJ900712-0019,478,0.027755868190730625,reciprocal_rank_fusion_k=60
193,Q0,AP890524-0185,479,0.027751602848375242,reciprocal_rank_fusion_k=60
193,Q0,WSJ911113-0063,480,0.02763946503914573,reciprocal_rank_fusion_k=60
193,Q0,AP880309-0207,481,0.027587551887199628,reciprocal_rank_fusion_k=60
193,Q0,AP891118-0038,482,0.027561974114179676,reciprocal_rank_fusion_k=60
193,Q0,FR89306-0097,483,0.027515908574413883,reciprocal_rank_fusion_k=60
193,Q0,WSJ870513-0058,484,0.027382226655664435,reciprocal_rank_fusion_k=60
193,Q0,ZF109-519-203,485,0.027283022344698548,reciprocal_rank_fusion_k=60
193,Q0,WSJ910426-0067,486,0.027086983912624943,reciprocal_rank_fusion_k=60
193,Q0,WSJ911010-0066,487,0.026951328199358617,reciprocal_rank_fusion_k=60
193,Q0,AP881108-0059,488,0.026941517625241582,reciprocal_rank_fusion_k=60
193,Q0,AP880315-0012,489,0.026934723402444353,reciprocal_rank_fusion_k=60
193,Q0,FR881020-0040,490,0.026912258985184657,reciprocal_rank_fusion_k=60
193,Q0,WSJ870512-0061,491,0.026894011586819786,reciprocal_rank_fusion_k=60
193,Q0,WSJ910610-0143,492,0.02688279314626702,reciprocal_rank_fusion_k=60
193,Q0,WSJ900607-0117,493,0.026554688888630888,reciprocal_rank_fusion_k=60
193,Q0,ZF108-234-664,494,0.02642502383741245,reciprocal_rank_fusion_k=60
193,Q0,WSJ910920-0080,495,0.02639610871480236,reciprocal_rank_fusion_k=60
193,Q0,ZF108-637-702,496,0.026293640096399045,reciprocal_rank_fusion_k=60
193,Q0,AP880624-0229,497,0.026139262151143254,reciprocal_rank_fusion_k=60
193,Q0,WSJ880425-0032,498,0.026125594168430306,reciprocal_rank_fusion_k=60
193,Q0,AP891219-0087,499,0.026125576144797907,reciprocal_rank_fusion_k=60
193,Q0,WSJ911203-0019,500,0.026085479609234512,reciprocal_rank_fusion_k=60
193,Q0,WSJ870729-0041,501,0.0260514966745892,reciprocal_rank_fusion_k=60
193,Q0,AP890802-0165,502,0.026020562490855395,reciprocal_rank_fusion_k=60
193,Q0,WSJ910506-0093,503,0.025892838135814902,reciprocal_rank_fusion_k=60
193,Q0,FR88825-0049,504,0.02584525969003848,reciprocal_rank_fusion_k=60
193,Q0,WSJ910702-0131,505,0.02579786414589857,reciprocal_rank_fusion_k=60
193,Q0,WSJ910117-0079,506,0.025775372022687388,reciprocal_rank_fusion_k=60
193,Q0,AP881226-0043,507,0.02577535279409379,reciprocal_rank_fusion_k=60
193,Q0,AP891207-0174,508,0.025596077034508787,reciprocal_rank_fusion_k=60
193,Q0,WSJ871118-0012,509,0.025564429346353536,reciprocal_rank_fusion_k=60
193,Q0,AP880518-0366,510,0.025542412229155907,reciprocal_rank_fusion_k=60
193,Q0,AP881129-0106,511,0.025536885196082364,reciprocal_rank_fusion_k=60
193,Q0,FR89821-0058,512,0.025411751572465353,reciprocal_rank_fusion_k=60
193,Q0,WSJ911114-0166,513,0.025384102513389687,reciprocal_rank_fusion_k=60
193,Q0,AP891225-0025,514,0.025351221813438202,reciprocal_rank_fusion_k=60
193,Q0,AP880615-0134,515,0.025276820220076546,reciprocal_rank_fusion_k=60
193,Q0,AP890424-0168,516,0.025140811419867088,reciprocal_rank_fusion_k=60
193,Q0,WSJ870220-0100,517,0.025074743349648935,reciprocal_rank_fusion_k=60
193,Q0,WSJ920312-0083,518,0.025069548775521686,reciprocal_rank_fusion_k=60
193,Q0,WSJ880128-0043,519,0.02505721618199642,reciprocal_rank_fusion_k=60
193,Q0,AP881007-0056,520,0.02496331606056133,reciprocal_rank_fusion_k=60
193,Q0,WSJ910115-0132,521,0.024900862572761574,reciprocal_rank_fusion_k=60
193,Q0,WSJ871231-0079,522,0.024712071708682462,reciprocal_rank_fusion_k=60
193,Q0,WSJ880630-0079,523,0.02470655830040341,reciprocal_rank_fusion_k=60
193,Q0,AP880621-0287,524,0.024705476254998224,reciprocal_rank_fusion_k=60
193,Q0,AP890831-0218,525,0.02456549726545709,reciprocal_rank_fusion_k=60
193,Q0,WSJ871019-0075,526,0.024545652720041587,reciprocal_rank_fusion_k=60
193,Q0,WSJ870512-0019,527,0.024434355424341612,reciprocal_rank_fusion_k=60
193,Q0,AP880615-0061,528,0.024341757077487782,reciprocal_rank_fusion_k=60
193,Q0,WSJ910121-0013,529,0.024284847455197597,reciprocal_rank_fusion_k=60
193,Q0,WSJ900607-0083,530,0.024139326033570115,reciprocal_rank_fusion_k=60
193,Q0,WSJ910430-0036,531,0.024108331904944044,reciprocal_rank_fusion_k=60
193,Q0,AP890228-0172,532,0.024091261700808348,reciprocal_rank_fusion_k=60
193,Q0,WSJ910627-0011,533,0.024062685502546227,reciprocal_rank_fusion_k=60
193,Q0,AP890222-0189,534,0.023978613134562423,reciprocal_rank_fusion_k=60
193,Q0,WSJ870317-0096,535,0.023975578785325163,reciprocal_rank_fusion_k=60
193,Q0,ZF108-065-312,536,0.023957738883825,reciprocal_rank_fusion_k=60
193,Q0,AP880421-0025,537,0.02394495467935779,reciprocal_rank_fusion_k=60
193,Q0,AP890602-0184,538,0.023893044919801192,reciprocal_rank_fusion_k=60
193,Q0,AP881108-0251,539,0.023836328101732685,reciprocal_rank_fusion_k=60
193,Q0,AP891020-0048,540,0.02381203288470204,reciprocal_rank_fusion_k=60
193,Q0,AP890214-0251,541,0.023713877759230152,reciprocal_rank_fusion_k=60
193,Q0,AP891106-0231,542,0.02360376406593456,reciprocal_rank_fusion_k=60
193,Q0,WSJ910423-0156,543,0.023569271965424892,reciprocal_rank_fusion_k=60
193,Q0,WSJ880621-0105,544,0.023568373984111254,reciprocal_rank_fusion_k=60
193,Q0,AP880523-0062,545,0.023529934591253084,reciprocal_rank_fusion_k=60
193,Q0,WSJ900716-0144,546,0.023491171098446055,reciprocal_rank_fusion_k=60
193,Q0,WSJ880226-0088,547,0.0234907614283143,reciprocal_rank_fusion_k=60
193,Q0,WSJ920207-0018,548,0.023453735832727106,reciprocal_rank_fusion_k=60
193,Q0,WSJ920305-0107,549,0.023370878136497502,reciprocal_rank_fusion_k=60
193,Q0,AP880303-0356,550,0.023340016876586236,reciprocal_rank_fusion_k=60
193,Q0,AP890209-0165,551,0.023095261426548334,reciprocal_rank_fusion_k=60
193,Q0,AP890525-0165,552,0.023018180215218058,reciprocal_rank_fusion_k=60
193,Q0,AP880518-0236,553,0.022874545253896046,reciprocal_rank_fusion_k=60
193,Q0,WSJ870303-0155,554,0.022853556275128088,reciprocal_rank_fusion_k=60
193,Q0,FR89119-0111,555,0.022851403000798652,reciprocal_rank_fusion_k=60
193,Q0,FR88610-0153,556,0.022784008434223416,reciprocal_rank_fusion_k=60
193,Q0,WSJ900403-0062,557,0.02277592445623223,reciprocal_rank_fusion_k=60
193,Q0,AP890602-0276,558,0.022775477825009424,reciprocal_rank_fusion_k=60
193,Q0,WSJ890810-0071,559,0.0227750710288686,reciprocal_rank_fusion_k=60
193,Q0,WSJ900831-0073,560,0.0227092276514973,reciprocal_rank_fusion_k=60
193,Q0,AP890509-0223,561,0.022696104271313702,reciprocal_rank_fusion_k=60
193,Q0,AP891208-0043,562,0.022694347095449784,reciprocal_rank_fusion_k=60
193,Q0,AP890515-0182,563,0.02266652006176782,reciprocal_rank_fusion_k=60
193,Q0,AP890911-0239,564,0.022656959812986346,reciprocal_rank_fusion_k=60
193,Q0,WSJ900605-0104,565,0.022530179077823422,reciprocal_rank_fusion_k=60
193,Q0,AP891026-0254,566,0.022527397665655337,reciprocal_rank_fusion_k=60
193,Q0,WSJ900503-0092,567,0.02251916074863075,reciprocal_rank_fusion_k=60
193,Q0,WSJ910409-0044,568,0.022490121691297545,reciprocal_rank_fusion_k=60
193,Q0,AP890317-0232,569,0.022480646048390087,reciprocal_rank_fusion_k=60
193,Q0,AP881221-0133,570,0.022444874370323924,reciprocal_rank_fusion_k=60
193,Q0,AP890531-0251,571,0.022432211798021937,reciprocal_rank_fusion_k=60
193,Q0,WSJ880527-0016,572,0.022408453584474367,reciprocal_rank_fusion_k=60
193,Q0,AP891103-0166,573,0.022382310476749545,reciprocal_rank_fusion_k=60
193,Q0,WSJ910905-0062,574,0.02237522667935661,reciprocal_rank_fusion_k=60
193,Q0,AP890104-0012,575,0.022341675539979212,reciprocal_rank_fusion_k=60
193,Q0,WSJ880415-0071,576,0.022224936792186876,reciprocal_rank_fusion_k=60
193,Q0,WSJ920220-0103,577,0.022218847148580176,reciprocal_rank_fusion_k=60
193,Q0,AP881129-0019,578,0.02217310425671509,reciprocal_rank_fusion_k=60
193,Q0,WSJ910726-0002,579,0.022045498682859245,reciprocal_rank_fusion_k=60
193,Q0,WSJ920116-0101,580,0.02201881800477677,reciprocal_rank_fusion_k=60
193,Q0,WSJ870615-0108,581,0.021957673659366028,reciprocal_rank_fusion_k=60
193,Q0,WSJ910410-0102,582,0.021952145626465837,reciprocal_rank_fusion_k=60
193,Q0,AP880927-0304,583,0.021886477991487283,reciprocal_rank_fusion_k=60
193,Q0,WSJ910621-0034,584,0.021796329307402277,reciprocal_rank_fusion_k=60
193,Q0,AP880517-0011,585,0.021727910266539967,reciprocal_rank_fusion_k=60
193,Q0,FR88912-0059,586,0.021677964874737495,reciprocal_rank_fusion_k=60
193,Q0,WSJ920205-0108,587,0.0216332900911008,reciprocal_rank_fusion_k=60
193,Q0,WSJ861215-0125,588,0.02158246233578965,reciprocal_rank_fusion_k=60
193,Q0,AP890525-0035,589,0.02158068660719133,reciprocal_rank_fusion_k=60
193,Q0,WSJ900810-0119,590,0.021571797656948444,reciprocal_rank_fusion_k=60
193,Q0,AP890706-0277,591,0.021526164819667338,reciprocal_rank_fusion_k=60
193,Q0,WSJ910618-0052,592,0.02148439828780003,reciprocal_rank_fusion_k=60
193,Q0,WSJ920108-0019,593,0.021417907315055867,reciprocal_rank_fusion_k=60
193,Q0,AP891216-0160,594,0.02133283124259885,reciprocal_rank_fusion_k=60
193,Q0,AP880519-0130,595,0.021325606154758908,reciprocal_rank_fusion_k=60
193,Q0,AP881123-0115,596,0.021188533930428997,reciprocal_rank_fusion_k=60
193,Q0,WSJ890804-0087,597,0.021181345715150377,reciprocal_rank_fusion_k=60
193,Q0,AP890427-0161,598,0.02114405603393198,reciprocal_rank_fusion_k=60
193,Q0,FR88517-0005,599,0.021122425190029295,reciprocal_rank_fusion_k=60
193,Q0,AP890612-0248,600,0.021036146932324976,reciprocal_rank_fusion_k=60
193,Q0,AP880725-0265,601,0.020966219875268866,reciprocal_rank_fusion_k=60
193,Q0,ZF108-679-228,602,0.020963972046958677,reciprocal_rank_fusion_k=60
193,Q0,AP880218-0029,603,0.02096166771185349,reciprocal_rank_fusion_k=60
193,Q0,WSJ880831-0143,604,0.020943290578529415,reciprocal_rank_fusion_k=60
193,Q0,FR89505-0012,605,0.02084729415059307,reciprocal_rank_fusion_k=60
193,Q0,AP891019-0314,606,0.020812230994535927,reciprocal_rank_fusion_k=60
193,Q0,AP881117-0161,607,0.020769329963642995,reciprocal_rank_fusion_k=60
193,Q0,WSJ920317-0032,608,0.020761900499324415,reciprocal_rank_fusion_k=60
193,Q0,FR88211-0286,609,0.020754900915045987,reciprocal_rank_fusion_k=60
193,Q0,WSJ871208-0016,610,0.020734348601673107,reciprocal_rank_fusion_k=60
193,Q0,FR891127-0010,611,0.020720281771047677,reciprocal_rank_fusion_k=60
193,Q0,WSJ881005-0103,612,0.020718474961446978,reciprocal_rank_fusion_k=60
193,Q0,WSJ891004-0104,613,0.0206769363454316,reciprocal_rank_fusion_k=60
193,Q0,AP890613-0036,614,0.02058151619301193,reciprocal_rank_fusion_k=60
193,Q0,AP891216-0076,615,0.020561265301077995,reciprocal_rank_fusion_k=60
193,Q0,AP881031-0056,616,0.020525531149694187,reciprocal_rank_fusion_k=60
193,Q0,WSJ880506-0003,617,0.020515742499497693,reciprocal_rank_fusion_k=60
193,Q0,WSJ870720-0111,618,0.02048684735979853,reciprocal_rank_fusion_k=60
193,Q0,WSJ911023-0163,619,0.020424261479324496,reciprocal_rank_fusion_k=60
193,Q0,AP880330-0262,620,0.02040992373233643,reciprocal_rank_fusion_k=60
193,Q0,FR89112-0027,621,0.020365053149549294,reciprocal_rank_fusion_k=60
193,Q0,FR881020-0011,622,0.020355644555304975,reciprocal_rank_fusion_k=60
193,Q0,WSJ880210-0066,623,0.020352972979367875,reciprocal_rank_fusion_k=60
193,Q0,AP880614-0107,624,0.02028051100643204,reciprocal_rank_fusion_k=60
193,Q0,AP891102-0248,625,0.02018073896045414,reciprocal_rank_fusion_k=60
193,Q0,AP890724-0143,626,0.02012576040383299,reciprocal_rank_fusion_k=60
193,Q0,WSJ910214-0017,627,0.02012298615534399,reciprocal_rank_fusion_k=60
193,Q0,AP890607-0218,628,0.02010769263247727,reciprocal_rank_fusion_k=60
193,Q0,WSJ861224-0025,629,0.020106220124645698,reciprocal_rank_fusion_k=60
193,Q0,WSJ870812-0090,630,0.020099137084611172,reciprocal_rank_fusion_k=60
193,Q0,AP890219-0003,631,0.02009743990562075,reciprocal_rank_fusion_k=60
193,Q0,AP881017-0075,632,0.020096491537365924,reciprocal_rank_fusion_k=60
193,Q0,WSJ920303-0072,633,0.02001856962620318,reciprocal_rank_fusion_k=60
193,Q0,AP880526-0043,634,0.019991270065504937,reciprocal_rank_fusion_k=60
193,Q0,FR89516-0135,635,0.01994742702647781,reciprocal_rank_fusion_k=60
193,Q0,AP890222-0236,636,0.019935758934498657,reciprocal_rank_fusion_k=60
193,Q0,AP890307-0055,637,0.019884024268446873,reciprocal_rank_fusion_k=60
193,Q0,WSJ911016-0139,638,0.019864507739120515,reciprocal_rank_fusion_k=60
193,Q0,FR89313-0041,639,0.019836638825709015,reciprocal_rank_fusion_k=60
193,Q0,WSJ880920-0102,640,0.01981974826127028,reciprocal_rank_fusion_k=60
193,Q0,WSJ910424-0185,641,0.019772433362028805,reciprocal_rank_fusion_k=60
193,Q0,FR88517-0125,642,0.01976476219105648,reciprocal_rank_fusion_k=60
193,Q0,AP890417-0103,643,0.01976458114846136,reciprocal_rank_fusion_k=60
193,Q0,WSJ911210-0001,644,0.019763697802245163,reciprocal_rank_fusion_k=60
193,Q0,WSJ870917-0008,645,0.019704599786465753,reciprocal_rank_fusion_k=60
193,Q0,WSJ900925-0156,646,0.019530340284210808,reciprocal_rank_fusion_k=60
193,Q0,WSJ880531-0031,647,0.0195200190674426,reciprocal_rank_fusion_k=60
193,Q0,WSJ911107-0117,648,0.019465978849365562,reciprocal_rank_fusion_k=60
193,Q0,WSJ880609-0113,649,0.01946385242128563,reciprocal_rank_fusion_k=60
193,Q0,AP890307-0114,650,0.01943033848980876,reciprocal_rank_fusion_k=60
193,Q0,WSJ891005-0044,651,0.01940248818355234,reciprocal_rank_fusion_k=60
193,Q0,AP890317-0130,652,0.01933283345204605,reciprocal_rank_fusion_k=60
193,Q0,AP891111-0004,653,0.019321523231105926,reciprocal_rank_fusion_k=60
193,Q0,FR89925-0031,654,0.0192462492329511,reciprocal_rank_fusion_k=60
193,Q0,WSJ870805-0061,655,0.01922668117874999,reciprocal_rank_fusion_k=60
193,Q0,WSJ900627-0108,656,0.01920264967491043,reciprocal_rank_fusion_k=60
193,Q0,AP891220-0281,657,0.01918884266417588,reciprocal_rank_fusion_k=60
193,Q0,WSJ900709-0039,658,0.019185849845364106,reciprocal_rank_fusion_k=60
193,Q0,AP890208-0181,659,0.01914895854267812,reciprocal_rank_fusion_k=60
193,Q0,WSJ900613-0135,660,0.019092428682583873,reciprocal_rank_fusion_k=60
193,Q0,AP880507-0044,661,0.01901651435558891,reciprocal_rank_fusion_k=60
193,Q0,AP891215-0029,662,0.01901316148842406,reciprocal_rank_fusion_k=60
193,Q0,AP881105-0028,663,0.018982244221480746,reciprocal_rank_fusion_k=60
193,Q0,FR891026-0131,664,0.01888144398757779,reciprocal_rank_fusion_k=60
193,Q0,WSJ880707-0109,665,0.018872800334583262,reciprocal_rank_fusion_k=60
193,Q0,WSJ900531-0065,666,0.018838014053585976,reciprocal_rank_fusion_k=60
193,Q0,AP891107-0104,667,0.018816634643204173,reciprocal_rank_fusion_k=60
193,Q0,WSJ900515-0042,668,0.018740612606805162,reciprocal_rank_fusion_k=60
193,Q0,AP881031-0287,669,0.0186792001316639,reciprocal_rank_fusion_k=60
193,Q0,WSJ900508-0118,670,0.01864718609937208,reciprocal_rank_fusion_k=60
193,Q0,AP891118-0131,671,0.018630328742612275,reciprocal_rank_fusion_k=60
193,Q0,AP890721-0025,672,0.01860632008158319,reciprocal_rank_fusion_k=60
193,Q0,WSJ871221-0019,673,0.018603187809295985,reciprocal_rank_fusion_k=60
193,Q0,AP890907-0017,674,0.01860154596104641,reciprocal_rank_fusion_k=60
193,Q0,WSJ871130-0050,675,0.018577957378852625,reciprocal_rank_fusion_k=60
193,Q0,AP891120-0116,676,0.01855952755175158,reciprocal_rank_fusion_k=60
193,Q0,WSJ920113-0029,677,0.018491963640371593,reciprocal_rank_fusion_k=60
193,Q0,WSJ910215-0169,678,0.01846437119905778,reciprocal_rank_fusion_k=60
193,Q0,WSJ880919-0038,679,0.018421079713347603,reciprocal_rank_fusion_k=60
193,Q0,AP881121-0232,680,0.01840908326874802,reciprocal_rank_fusion_k=60
193,Q0,WSJ871019-0068,681,0.01839944481221813,reciprocal_rank_fusion_k=60
193,Q0,WSJ870127-0024,682,0.018392331045322837,reciprocal_rank_fusion_k=60
193,Q0,AP881209-0188,683,0.01833372381002661,reciprocal_rank_fusion_k=60
193,Q0,AP890119-0260,684,0.01825725714744734,reciprocal_rank_fusion_k=60
193,Q0,AP891025-0247,685,0.01823478682586252,reciprocal_rank_fusion_k=60
193,Q0,AP880614-0185,686,0.018230557583940973,reciprocal_rank_fusion_k=60
193,Q0,FR89605-0033,687,0.018225163299976362,reciprocal_rank_fusion_k=60
193,Q0,AP880721-0291,688,0.01820668409360336,reciprocal_rank_fusion_k=60
193,Q0,AP881125-0241,689,0.01819199204187193,reciprocal_rank_fusion_k=60
193,Q0,AP880711-0236,690,0.018163304676181834,reciprocal_rank_fusion_k=60
193,Q0,WSJ880519-0082,691,0.0181603508361362,reciprocal_rank_fusion_k=60
193,Q0,AP880429-0231,692,0.018152054632198534,reciprocal_rank_fusion_k=60
193,Q0,AP891113-0056,693,0.01810034217280215,reciprocal_rank_fusion_k=60
193,Q0,AP880927-0182,694,0.018052071602491226,reciprocal_rank_fusion_k=60
193,Q0,ZF108-547-176,695,0.018043298433775345,reciprocal_rank_fusion_k=60
193,Q0,AP890120-0018,696,0.018019272186029014,reciprocal_rank_fusion_k=60
193,Q0,AP890917-0083,697,0.018000477555481516,reciprocal_rank_fusion_k=60
193,Q0,WSJ911204-0037,698,0.017964998941455562,reciprocal_rank_fusion_k=60
193,Q0,AP880330-0263,699,0.01793675492042589,reciprocal_rank_fusion_k=60
193,Q0,AP891216-0084,700,0.017920485549787386,reciprocal_rank_fusion_k=60
193,Q0,AP891016-0233,701,0.01791418719553658,reciprocal_rank_fusion_k=60
193,Q0,WSJ880517-0118,702,0.0178740429897343,reciprocal_rank_fusion_k=60
193,Q0,AP881028-0206,703,0.017845038569361395,reciprocal_rank_fusion_k=60
193,Q0,WSJ900511-0166,704,0.017830199038478593,reciprocal_rank_fusion_k=60
193,Q0,AP890706-0241,705,0.017823063736806408,reciprocal_rank_fusion_k=60
193,Q0,ZF108-496-872,706,0.01781662588616375,reciprocal_rank_fusion_k=60
193,Q0,WSJ870227-0017,707,0.01779545023459932,reciprocal_rank_fusion_k=60
193,Q0,WSJ900425-0178,708,0.017787680359011446,reciprocal_rank_fusion_k=60
193,Q0,ZF108-276-916,709,0.017772846887542524,reciprocal_rank_fusion_k=60
193,Q0,WSJ880817-0049,710,0.017710192881843705,reciprocal_rank_fusion_k=60
193,Q0,AP890516-0039,711,0.017708342817083028,reciprocal_rank_fusion_k=60
193,Q0,AP880816-0303,712,0.017571796466659503,reciprocal_rank_fusion_k=60
193,Q0,AP881218-0035,713,0.01755714946315274,reciprocal_rank_fusion_k=60
193,Q0,WSJ911230-0025,714,0.017549200144126354,reciprocal_rank_fusion_k=60
193,Q0,WSJ870602-0004,715,0.01753421720921009,reciprocal_rank_fusion_k=60
193,Q0,WSJ880201-0127,716,0.01753273451583957,reciprocal_rank_fusion_k=60
193,Q0,AP891117-0110,717,0.017434369993350247,reciprocal_rank_fusion_k=60
193,Q0,WSJ871207-0098,718,0.017415398407531386,reciprocal_rank_fusion_k=60
193,Q0,AP891030-0109,719,0.01739465733154743,reciprocal_rank_fusion_k=60
193,Q0,WSJ910821-0041,720,0.017293724640865354,reciprocal_rank_fusion_k=60
193,Q0,WSJ900625-0132,721,0.017285007849549668,reciprocal_rank_fusion_k=60
193,Q0,AP891029-0077,722,0.01727984815431012,reciprocal_rank_fusion_k=60
193,Q0,AP880322-0022,723,0.01727488124043974,reciprocal_rank_fusion_k=60
193,Q0,AP881116-0166,724,0.017254648050479365,reciprocal_rank_fusion_k=60
193,Q0,AP880408-0012,725,0.017248528285535473,reciprocal_rank_fusion_k=60
193,Q0,ZF207-411-324,726,0.017150380412879813,reciprocal_rank_fusion_k=60
193,Q0,DOE1-39-0925,727,0.01707975297407283,reciprocal_rank_fusion_k=60
193,Q0,WSJ880120-0135,728,0.017059138636086685,reciprocal_rank_fusion_k=60
193,Q0,WSJ900518-0131,729,0.0170315801090937,reciprocal_rank_fusion_k=60
193,Q0,WSJ900813-0153,730,0.017029001580691365,reciprocal_rank_fusion_k=60
193,Q0,WSJ911202-0058,731,0.016996353732393867,reciprocal_rank_fusion_k=60
193,Q0,AP880519-0207,732,0.016958486234556168,reciprocal_rank_fusion_k=60
193,Q0,WSJ890911-0017,733,0.016898185411258544,reciprocal_rank_fusion_k=60
193,Q0,AP890713-0153,734,0.016890049986476207,reciprocal_rank_fusion_k=60
193,Q0,AP881005-0171,735,0.016849707329650354,reciprocal_rank_fusion_k=60
193,Q0,WSJ861217-0044,736,0.016825037003496107,reciprocal_rank_fusion_k=60
193,Q0,AP891213-0196,737,0.01680419134199324,reciprocal_rank_fusion_k=60
193,Q0,AP890221-0310,738,0.016798713957011126,reciprocal_rank_fusion_k=60
193,Q0,AP890810-0019,739,0.016783585475889273,reciprocal_rank_fusion_k=60
193,Q0,AP881228-0179,740,0.016779348262877053,reciprocal_rank_fusion_k=60
193,Q0,AP891205-0005,741,0.016769383629322433,reciprocal_rank_fusion_k=60
193,Q0,AP880418-0251,742,0.016762660424079534,reciprocal_rank_fusion_k=60
193,Q0,WSJ870720-0058,743,0.01675617691118419,reciprocal_rank_fusion_k=60
193,Q0,FR89104-0058,744,0.016743812651942337,reciprocal_rank_fusion_k=60
193,Q0,WSJ880216-0102,745,0.016732534858582497,reciprocal_rank_fusion_k=60
193,Q0,AP880401-0343,746,0.01667228213060661,reciprocal_rank_fusion_k=60
193,Q0,FR89303-0030,747,0.016665118852334848,reciprocal_rank_fusion_k=60
193,Q0,WSJ880212-0027,748,0.01663091313841121,reciprocal_rank_fusion_k=60
193,Q0,WSJ910709-0055,749,0.0165864471377166,reciprocal_rank_fusion_k=60
193,Q0,WSJ900920-0055,750,0.01658097225819263,reciprocal_rank_fusion_k=60
193,Q0,FR88607-0109,751,0.016514519410904566,reciprocal_rank_fusion_k=60
193,Q0,FR881020-0042,752,0.01649491121470706,reciprocal_rank_fusion_k=60
193,Q0,AP880616-0023,753,0.016450041871896234,reciprocal_rank_fusion_k=60
193,Q0,WSJ871127-0051,754,0.01634221196397245,reciprocal_rank_fusion_k=60
193,Q0,AP880422-0123,755,0.01634096510933626,reciprocal_rank_fusion_k=60
193,Q0,WSJ891031-0126,756,0.01632867181118107,reciprocal_rank_fusion_k=60
193,Q0,FR88225-0043,757,0.016316458687398425,reciprocal_rank_fusion_k=60
193,Q0,AP890403-0102,758,0.016310641923981933,reciprocal_rank_fusion_k=60
193,Q0,AP880527-0186,759,0.01629439730495596,reciprocal_rank_fusion_k=60
193,Q0,FR88516-0128,760,0.016256098375031464,reciprocal_rank_fusion_k=60
193,Q0,WSJ910909-0046,761,0.016163657541276386,reciprocal_rank_fusion_k=60
193,Q0,WSJ870212-0143,762,0.01614592563291749,reciprocal_rank_fusion_k=60
193,Q0,WSJ870901-0031,763,0.016100355857028865,reciprocal_rank_fusion_k=60
193,Q0,AP890517-0036,764,0.01609901054450436,reciprocal_rank_fusion_k=60
193,Q0,WSJ911017-0145,765,0.016096371827916765,reciprocal_rank_fusion_k=60
193,Q0,AP890314-0156,766,0.016057226172503554,reciprocal_rank_fusion_k=60
193,Q0,AP881029-0140,767,0.016030679706752204,reciprocal_rank_fusion_k=60
193,Q0,AP891124-0228,768,0.01598492768286036,reciprocal_rank_fusion_k=60
193,Q0,WSJ871105-0088,769,0.015984304413980133,reciprocal_rank_fusion_k=60
193,Q0,AP880719-0263,770,0.015983297593598914,reciprocal_rank_fusion_k=60
193,Q0,AP890928-0293,771,0.015913961418509037,reciprocal_rank_fusion_k=60
193,Q0,WSJ880623-0083,772,0.015903997760988924,reciprocal_rank_fusion_k=60
193,Q0,WSJ910621-0010,773,0.01590081659210705,reciprocal_rank_fusion_k=60
193,Q0,AP881021-0041,774,0.015861466445222024,reciprocal_rank_fusion_k=60
193,Q0,WSJ900510-0082,775,0.015854298967107223,reciprocal_rank_fusion_k=60
193,Q0,WSJ870629-0153,776,0.01583320656448723,reciprocal_rank_fusion_k=60
193,Q0,FR89530-0038,777,0.01569103723782432,reciprocal_rank_fusion_k=60
193,Q0,AP890607-0041,778,0.015676456195755153,reciprocal_rank_fusion_k=60
193,Q0,AP891027-0032,779,0.01566020687127869,reciprocal_rank_fusion_k=60
193,Q0,AP880607-0232,780,0.015649186717989663,reciprocal_rank_fusion_k=60
193,Q0,WSJ870901-0005,781,0.015645312975500765,reciprocal_rank_fusion_k=60
193,Q0,ZF107-986-030,782,0.015639910231670946,reciprocal_rank_fusion_k=60
193,Q0,FR88607-0110,783,0.015635733933625367,reciprocal_rank_fusion_k=60
193,Q0,FR88514-0001,784,0.01561193142321312,reciprocal_rank_fusion_k=60
193,Q0,AP890403-0101,785,0.015567665966540488,reciprocal_rank_fusion_k=60
193,Q0,WSJ870817-0071,786,0.01549667618460689,reciprocal_rank_fusion_k=60
193,Q0,WSJ891020-0102,787,0.015495764912824417,reciprocal_rank_fusion_k=60
193,Q0,WSJ890912-0051,788,0.01546454071842263,reciprocal_rank_fusion_k=60
193,Q0,WSJ870810-0097,789,0.015461796729351333,reciprocal_rank_fusion_k=60
193,Q0,AP880504-0351,790,0.015442826846766095,reciprocal_rank_fusion_k=60
193,Q0,AP880326-0121,791,0.015437152735307259,reciprocal_rank_fusion_k=60
193,Q0,WSJ881018-0122,792,0.015346567081292437,reciprocal_rank_fusion_k=60
193,Q0,WSJ910605-0030,793,0.015289174031464204,reciprocal_rank_fusion_k=60
193,Q0,AP880628-0301,794,0.015253926664572834,reciprocal_rank_fusion_k=60
193,Q0,DOE1-61-0499,795,0.015228656199040631,reciprocal_rank_fusion_k=60
193,Q0,AP880712-0258,796,0.015222019674341817,reciprocal_rank_fusion_k=60
193,Q0,AP890201-0062,797,0.015217882451352156,reciprocal_rank_fusion_k=60
193,Q0,WSJ910211-0088,798,0.01521777979633633,reciprocal_rank_fusion_k=60
193,Q0,WSJ871027-0122,799,0.0152037143783907,reciprocal_rank_fusion_k=60
193,Q0,AP890406-0213,800,0.015182862413039268,reciprocal_rank_fusion_k=60
193,Q0,AP880330-0292,801,0.0151696119751991,reciprocal_rank_fusion_k=60
193,Q0,AP891204-0032,802,0.015087112450099834,reciprocal_rank_fusion_k=60
193,Q0,AP880310-0056,803,0.01507370938036674,reciprocal_rank_fusion_k=60
193,Q0,WSJ870317-0019,804,0.015059914391318072,reciprocal_rank_fusion_k=60
193,Q0,WSJ910514-0105,805,0.01503717279466219,reciprocal_rank_fusion_k=60
193,Q0,WSJ911114-0157,806,0.015035546569761065,reciprocal_rank_fusion_k=60
193,Q0,FR88808-0043,807,0.01501975831002683,reciprocal_rank_fusion_k=60
193,Q0,WSJ900822-0067,808,0.015002023135148965,reciprocal_rank_fusion_k=60
193,Q0,AP880720-0166,809,0.01497632632446346,reciprocal_rank_fusion_k=60
193,Q0,AP880607-0276,810,0.014904533722327236,reciprocal_rank_fusion_k=60
193,Q0,AP891225-0024,811,0.01490119208716023,reciprocal_rank_fusion_k=60
193,Q0,AP890728-0275,812,0.01488856060866452,reciprocal_rank_fusion_k=60
193,Q0,WSJ911107-0162,813,0.01487382935834202,reciprocal_rank_fusion_k=60
193,Q0,FR88830-0023,814,0.014840477016913134,reciprocal_rank_fusion_k=60
193,Q0,AP880504-0322,815,0.014797997978433473,reciprocal_rank_fusion_k=60
193,Q0,FR881019-0053,816,0.01477373078474809,reciprocal_rank_fusion_k=60
193,Q0,AP890312-0033,817,0.014773634304509982,reciprocal_rank_fusion_k=60
193,Q0,WSJ890801-0090,818,0.01475097299002738,reciprocal_rank_fusion_k=60
193,Q0,WSJ910805-0054,819,0.014735014356455292,reciprocal_rank_fusion_k=60
193,Q0,WSJ870924-0082,820,0.014709161199692499,reciprocal_rank_fusion_k=60
193,Q0,AP891222-0026,821,0.014689353026080711,reciprocal_rank_fusion_k=60
193,Q0,AP891023-0022,822,0.014684736698801512,reciprocal_rank_fusion_k=60
193,Q0,WSJ920121-0043,823,0.014656373764984082,reciprocal_rank_fusion_k=60
193,Q0,WSJ871008-0115,824,0.014650978743148442,reciprocal_rank_fusion_k=60
193,Q0,WSJ861202-0016,825,0.014649292121627525,reciprocal_rank_fusion_k=60
193,Q0,AP890531-0252,826,0.014615153217987896,reciprocal_rank_fusion_k=60
193,Q0,WSJ870309-0119,827,0.014594632948914653,reciprocal_rank_fusion_k=60
193,Q0,AP891214-0170,828,0.0145407253564195,reciprocal_rank_fusion_k=60
193,Q0,ZF207-486-544,829,0.014504951453428594,reciprocal_rank_fusion_k=60
193,Q0,AP880426-0148,830,0.014477630966862188,reciprocal_rank_fusion_k=60
193,Q0,AP891025-0148,831,0.014461741883394968,reciprocal_rank_fusion_k=60
193,Q0,AP890425-0031,832,0.01440611383602028,reciprocal_rank_fusion_k=60
193,Q0,AP890223-0233,833,0.014386627424978123,reciprocal_rank_fusion_k=60
193,Q0,WSJ900718-0053,834,0.01437901843621869,reciprocal_rank_fusion_k=60
193,Q0,AP890316-0110,835,0.014367864424600226,reciprocal_rank_fusion_k=60
193,Q0,WSJ870512-0026,836,0.014361690070141781,reciprocal_rank_fusion_k=60
193,Q0,WSJ870831-0090,837,0.014334322133391308,reciprocal_rank_fusion_k=60
193,Q0,WSJ920108-0032,838,0.01432992757377292,reciprocal_rank_fusion_k=60
193,Q0,AP880705-0011,839,0.014325612016052772,reciprocal_rank_fusion_k=60
193,Q0,WSJ910617-0130,840,0.014310898706752796,reciprocal_rank_fusion_k=60
193,Q0,WSJ911216-0037,841,0.014305410755424061,reciprocal_rank_fusion_k=60
193,Q0,WSJ910802-0069,842,0.014271636417911793,reciprocal_rank_fusion_k=60
193,Q0,AP890412-0125,843,0.0142550108741944,reciprocal_rank_fusion_k=60
193,Q0,WSJ920128-0048,844,0.014236791657072973,reciprocal_rank_fusion_k=60
193,Q0,DOE2-45-0595,845,0.014236165694858078,reciprocal_rank_fusion_k=60
193,Q0,AP890719-0283,846,0.014229103439672595,reciprocal_rank_fusion_k=60
193,Q0,WSJ911126-0089,847,0.01421629169817086,reciprocal_rank_fusion_k=60
193,Q0,AP881231-0001,848,0.01421624252188242,reciprocal_rank_fusion_k=60
193,Q0,FR881101-0044,849,0.014177476554749045,reciprocal_rank_fusion_k=60
193,Q0,WSJ890726-0054,850,0.014070106825699017,reciprocal_rank_fusion_k=60
193,Q0,ZF108-210-708,851,0.014026239210554075,reciprocal_rank_fusion_k=60
193,Q0,ZF208-100-539,852,0.014000780865985715,reciprocal_rank_fusion_k=60
193,Q0,WSJ870908-0083,853,0.01397785107862475,reciprocal_rank_fusion_k=60
193,Q0,AP891207-0207,854,0.013977215197003748,reciprocal_rank_fusion_k=60
193,Q0,FR89224-0150,855,0.013906300494197476,reciprocal_rank_fusion_k=60
193,Q0,AP880614-0103,856,0.01386835124952643,reciprocal_rank_fusion_k=60
193,Q0,WSJ880511-0161,857,0.013863067483294696,reciprocal_rank_fusion_k=60
193,Q0,WSJ880719-0008,858,0.01383725344417903,reciprocal_rank_fusion_k=60
193,Q0,WSJ910409-0056,859,0.01383607763215038,reciprocal_rank_fusion_k=60
193,Q0,WSJ890912-0119,860,0.013821215435825443,reciprocal_rank_fusion_k=60
193,Q0,AP890713-0059,861,0.013808623862864805,reciprocal_rank_fusion_k=60
193,Q0,WSJ880318-0154,862,0.013757185713515889,reciprocal_rank_fusion_k=60
193,Q0,WSJ900529-0008,863,0.01371797445459569,reciprocal_rank_fusion_k=60
193,Q0,WSJ910225-0010,864,0.013659943838074416,reciprocal_rank_fusion_k=60
193,Q0,ZF207-240-048,865,0.013628937018047746,reciprocal_rank_fusion_k=60
193,Q0,WSJ910115-0056,866,0.01360865981824082,reciprocal_rank_fusion_k=60
193,Q0,WSJ900702-0036,867,0.013555082779077753,reciprocal_rank_fusion_k=60
193,Q0,WSJ871127-0106,868,0.01355062967638078,reciprocal_rank_fusion_k=60
193,Q0,AP891121-0137,869,0.013520951212049477,reciprocal_rank_fusion_k=60
193,Q0,AP891211-0095,870,0.013494119096050406,reciprocal_rank_fusion_k=60
193,Q0,WSJ880615-0108,871,0.013450781892513235,reciprocal_rank_fusion_k=60
193,Q0,AP880725-0260,872,0.013427468400511648,reciprocal_rank_fusion_k=60
193,Q0,AP880526-0164,873,0.013387880088513325,reciprocal_rank_fusion_k=60
193,Q0,AP880815-0228,874,0.013361793020862718,reciprocal_rank_fusion_k=60
193,Q0,FR88829-0023,875,0.013361319717504204,reciprocal_rank_fusion_k=60
193,Q0,AP880825-0206,876,0.013357355299923736,reciprocal_rank_fusion_k=60
193,Q0,WSJ871215-0098,877,0.013340020710367453,reciprocal_rank_fusion_k=60
193,Q0,WSJ900809-0132,878,0.01333649496755709,reciprocal_rank_fusion_k=60
193,Q0,AP880507-0201,879,0.013326352927673193,reciprocal_rank_fusion_k=60
193,Q0,WSJ880404-0038,880,0.013319068946880511,reciprocal_rank_fusion_k=60
193,Q0,AP880218-0167,881,0.013279957014022594,reciprocal_rank_fusion_k=60
193,Q0,AP891114-0138,882,0.013276598645262237,reciprocal_rank_fusion_k=60
193,Q0,FR88511-0168,883,0.01325869779730074,reciprocal_rank_fusion_k=60
193,Q0,AP890513-0078,884,0.013255064912255048,reciprocal_rank_fusion_k=60
193,Q0,WSJ861217-0033,885,0.013253627604054564,reciprocal_rank_fusion_k=60
193,Q0,AP890603-0145,886,0.013231804477451427,reciprocal_rank_fusion_k=60
193,Q0,WSJ911030-0056,887,0.013198213425586984,reciprocal_rank_fusion_k=60
193,Q0,FR89502-0035,888,0.013191020892813227,reciprocal_rank_fusion_k=60
193,Q0,AP881110-0110,889,0.013182713689627968,reciprocal_rank_fusion_k=60
193,Q0,AP891105-0095,890,0.013162971613995959,reciprocal_rank_fusion_k=60
193,Q0,DOE1-84-1087,891,0.01314771313592024,reciprocal_rank_fusion_k=60
193,Q0,AP890411-0013,892,0.013126568976519579,reciprocal_rank_fusion_k=60
193,Q0,ZF109-415-818,893,0.013113073766672248,reciprocal_rank_fusion_k=60
193,Q0,AP891221-0224,894,0.013101870438324607,reciprocal_rank_fusion_k=60
193,Q0,WSJ870618-0048,895,0.013100252031936864,reciprocal_rank_fusion_k=60
193,Q0,WSJ880303-0098,896,0.013096373764573184,reciprocal_rank_fusion_k=60
193,Q0,WSJ880202-0100,897,0.013077819533908134,reciprocal_rank_fusion_k=60
193,Q0,WSJ910212-0001,898,0.013007575755426404,reciprocal_rank_fusion_k=60
193,Q0,WSJ920211-0080,899,0.01300525363400826,reciprocal_rank_fusion_k=60
193,Q0,WSJ871124-0160,900,0.012987703991190046,reciprocal_rank_fusion_k=60
193,Q0,WSJ900724-0005,901,0.01292567612157407,reciprocal_rank_fusion_k=60
193,Q0,WSJ870108-0104,902,0.012919311243567605,reciprocal_rank_fusion_k=60
193,Q0,AP890313-0186,903,0.012910496775704884,reciprocal_rank_fusion_k=60
193,Q0,FR881027-0014,904,0.012896319828442427,reciprocal_rank_fusion_k=60
193,Q0,WSJ890816-0082,905,0.012893835525746005,reciprocal_rank_fusion_k=60
193,Q0,WSJ891016-0042,906,0.012893130147214013,reciprocal_rank_fusion_k=60
193,Q0,WSJ920117-0078,907,0.012879638666062116,reciprocal_rank_fusion_k=60
193,Q0,WSJ910313-0083,908,0.012870038418150232,reciprocal_rank_fusion_k=60
193,Q0,WSJ910423-0260,909,0.012841530017567564,reciprocal_rank_fusion_k=60
193,Q0,AP890823-0023,910,0.012819311983883976,reciprocal_rank_fusion_k=60
193,Q0,WSJ900430-0119,911,0.012798430552973371,reciprocal_rank_fusion_k=60
193,Q0,AP890301-0268,912,0.012788613572942528,reciprocal_rank_fusion_k=60
193,Q0,WSJ880407-0077,913,0.01278102678778011,reciprocal_rank_fusion_k=60
193,Q0,WSJ920210-0103,914,0.012777722954716353,reciprocal_rank_fusion_k=60
193,Q0,WSJ880420-0058,915,0.012732788765281,reciprocal_rank_fusion_k=60
193,Q0,WSJ911217-0041,916,0.012722139655801747,reciprocal_rank_fusion_k=60
193,Q0,WSJ910207-0133,917,0.01271726899297501,reciprocal_rank_fusion_k=60
193,Q0,AP880919-0085,918,0.012707317612234894,reciprocal_rank_fusion_k=60
193,Q0,AP881229-0039,919,0.012691516450822097,reciprocal_rank_fusion_k=60
193,Q0,AP890424-0260,920,0.012659568231764607,reciprocal_rank_fusion_k=60
193,Q0,AP880914-0016,921,0.01265933711154871,reciprocal_rank_fusion_k=60
193,Q0,AP880917-0180,922,0.012637631940293721,reciprocal_rank_fusion_k=60
193,Q0,WSJ870130-0044,923,0.012612293860951147,reciprocal_rank_fusion_k=60
193,Q0,WSJ880728-0121,924,0.012601604332795648,reciprocal_rank_fusion_k=60
193,Q0,AP880620-0065,925,0.01259412343765236,reciprocal_rank_fusion_k=60
193,Q0,WSJ911216-0106,926,0.012574871721039663,reciprocal_rank_fusion_k=60
193,Q0,AP881129-0035,927,0.012551503507192967,reciprocal_rank_fusion_k=60
193,Q0,FR89126-0167,928,0.012533744637761714,reciprocal_rank_fusion_k=60
193,Q0,AP880301-0224,929,0.012531876605116302,reciprocal_rank_fusion_k=60
193,Q0,WSJ881005-0155,930,0.012507788384944629,reciprocal_rank_fusion_k=60
193,Q0,AP880313-0050,931,0.012483212297107318,reciprocal_rank_fusion_k=60
193,Q0,AP891102-0143,932,0.012459229010619022,reciprocal_rank_fusion_k=60
193,Q0,AP890324-0218,933,0.01242537371081122,reciprocal_rank_fusion_k=60
193,Q0,AP880428-0243,934,0.012414973726511224,reciprocal_rank_fusion_k=60
193,Q0,WSJ910118-0131,935,0.01241209349148459,reciprocal_rank_fusion_k=60
193,Q0,AP880903-0036,936,0.012392354667193328,reciprocal_rank_fusion_k=60
193,Q0,FR88812-0024,937,0.012334611586404429,reciprocal_rank_fusion_k=60
193,Q0,AP881026-0115,938,0.012299398975803184,reciprocal_rank_fusion_k=60
193,Q0,WSJ870611-0007,939,0.012253784397926293,reciprocal_rank_fusion_k=60
193,Q0,WSJ890911-0144,940,0.012239214793006976,reciprocal_rank_fusion_k=60
193,Q0,WSJ900924-0020,941,0.012174686051641573,reciprocal_rank_fusion_k=60
193,Q0,WSJ870615-0060,942,0.012164043590992248,reciprocal_rank_fusion_k=60
193,Q0,AP880506-0284,943,0.012144392138369306,reciprocal_rank_fusion_k=60
193,Q0,AP890317-0153,944,0.012131283944540288,reciprocal_rank_fusion_k=60
193,Q0,FR881024-0107,945,0.012116735553201866,reciprocal_rank_fusion_k=60
193,Q0,AP891208-0014,946,0.012098687418397548,reciprocal_rank_fusion_k=60
193,Q0,WSJ900723-0031,947,0.01206112140177328,reciprocal_rank_fusion_k=60
193,Q0,FR881024-0095,948,0.012058846357908107,reciprocal_rank_fusion_k=60
193,Q0,AP890314-0229,949,0.012052666966517245,reciprocal_rank_fusion_k=60
193,Q0,AP890406-0212,950,0.012049887048181742,reciprocal_rank_fusion_k=60
193,Q0,WSJ870422-0115,951,0.012047100868545432,reciprocal_rank_fusion_k=60
193,Q0,WSJ881004-0160,952,0.012040031910102365,reciprocal_rank_fusion_k=60
193,Q0,AP890216-0052,953,0.011969385097655693,reciprocal_rank_fusion_k=60
193,Q0,AP890421-0005,954,0.011935593401911304,reciprocal_rank_fusion_k=60
193,Q0,AP880524-0290,955,0.011930902542938403,reciprocal_rank_fusion_k=60
193,Q0,AP891031-0226,956,0.011927666184087837,reciprocal_rank_fusion_k=60
193,Q0,FR89815-0089,957,0.011922136760646454,reciprocal_rank_fusion_k=60
193,Q0,AP881110-0160,958,0.01190287903920931,reciprocal_rank_fusion_k=60
193,Q0,AP890901-0178,959,0.01189650018708529,reciprocal_rank_fusion_k=60
193,Q0,AP881128-0087,960,0.011894170163807059,reciprocal_rank_fusion_k=60
193,Q0,AP880803-0199,961,0.011866916787329542,reciprocal_rank_fusion_k=60
193,Q0,AP880820-0003,962,0.01186048637758151,reciprocal_rank_fusion_k=60
193,Q0,AP880609-0097,963,0.011830738813641254,reciprocal_rank_fusion_k=60
193,Q0,AP890922-0066,964,0.011830707769677446,reciprocal_rank_fusion_k=60
193,Q0,WSJ880129-0035,965,0.011808931533519702,reciprocal_rank_fusion_k=60
193,Q0,WSJ900705-0021,966,0.011799198682328614,reciprocal_rank_fusion_k=60
193,Q0,FR881021-0115,967,0.011791805097961298,reciprocal_rank_fusion_k=60
193,Q0,AP880413-0013,968,0.011752186386346269,reciprocal_rank_fusion_k=60
193,Q0,AP890912-0152,969,0.011731711557230861,reciprocal_rank_fusion_k=60
193,Q0,FR89926-0018,970,0.011700312425736308,reciprocal_rank_fusion_k=60
193,Q0,AP880613-0305,971,0.011676856324547735,reciprocal_rank_fusion_k=60
193,Q0,WSJ910214-0114,972,0.011667882876900229,reciprocal_rank_fusion_k=60
193,Q0,AP880715-0266,973,0.011658308518097767,reciprocal_rank_fusion_k=60
193,Q0,AP890324-0103,974,0.011647685043885409,reciprocal_rank_fusion_k=60
193,Q0,WSJ911218-0092,975,0.01156891112127289,reciprocal_rank_fusion_k=60
193,Q0,WSJ920107-0016,976,0.01154175929796056,reciprocal_rank_fusion_k=60
193,Q0,AP880215-0088,977,0.011487935337695227,reciprocal_rank_fusion_k=60
193,Q0,AP890314-0196,978,0.011483596058254211,reciprocal_rank_fusion_k=60
193,Q0,AP881031-0008,979,0.01147724246341118,reciprocal_rank_fusion_k=60
193,Q0,AP881027-0213,980,0.01147628110652608,reciprocal_rank_fusion_k=60
193,Q0,WSJ900620-0063,981,0.011456637331289122,reciprocal_rank_fusion_k=60
193,Q0,WSJ880325-0184,982,0.011412577838412093,reciprocal_rank_fusion_k=60
193,Q0,AP880810-0294,983,0.011403698427939358,reciprocal_rank_fusion_k=60
193,Q0,AP881007-0091,984,0.011389948645235147,reciprocal_rank_fusion_k=60
193,Q0,WSJ870402-0134,985,0.011344641620160465,reciprocal_rank_fusion_k=60
193,Q0,WSJ870624-0087,986,0.011321647516205334,reciprocal_rank_fusion_k=60
193,Q0,ZF108-182-804,987,0.011316136594277403,reciprocal_rank_fusion_k=60
193,Q0,WSJ880308-0103,988,0.01125961301315847,reciprocal_rank_fusion_k=60
193,Q0,FR881129-0052,989,0.011252497223869284,reciprocal_rank_fusion_k=60
193,Q0,WSJ920124-0034,990,0.011250832436617024,reciprocal_rank_fusion_k=60
193,Q0,AP880808-0187,991,0.01124809798782138,reciprocal_rank_fusion_k=60
193,Q0,AP890908-0249,992,0.011223874611228092,reciprocal_rank_fusion_k=60
193,Q0,WSJ900628-0064,993,0.011216493520294118,reciprocal_rank_fusion_k=60
193,Q0,AP890412-0078,994,0.01120999592801993,reciprocal_rank_fusion_k=60
193,Q0,FR88708-0027,995,0.011199415767718912,reciprocal_rank_fusion_k=60
193,Q0,WSJ900801-0073,996,0.011176615354335218,reciprocal_rank_fusion_k=60
193,Q0,WSJ910627-0164,997,0.011166712876371498,reciprocal_rank_fusion_k=60
193,Q0,WSJ900731-0048,998,0.011157929632515025,reciprocal_rank_fusion_k=60
193,Q0,AP881006-0173,999,0.011126109673563837,reciprocal_rank_fusion_k=60
193,Q0,AP880229-0184,1000,0.01112032679503385,reciprocal_rank_fusion_k=60
200,Q0,AP891228-0170,1,0.24775249790990503,reciprocal_rank_fusion_k=60
200,Q0,WSJ870309-0102,2,0.22614169975508694,reciprocal_rank_fusion_k=60
200,Q0,AP880923-0027,3,0.22543031810827213,reciprocal_rank_fusion_k=60
200,Q0,WSJ880408-0153,4,0.22223129842947198,reciprocal_rank_fusion_k=60
200,Q0,WSJ880106-0047,5,0.21238636545269238,reciprocal_rank_fusion_k=60
200,Q0,AP880408-0282,6,0.21128119407145354,reciprocal_rank_fusion_k=60
200,Q0,AP880909-0221,7,0.20516130627170714,reciprocal_rank_fusion_k=60
200,Q0,AP880910-0092,8,0.20255976522801575,reciprocal_rank_fusion_k=60
200,Q0,AP880908-0030,9,0.19741170664464713,reciprocal_rank_fusion_k=60
200,Q0,WSJ900516-0147,10,0.1930412329356884,reciprocal_rank_fusion_k=60
200,Q0,WSJ870707-0056,11,0.19236772805430075,reciprocal_rank_fusion_k=60
200,Q0,WSJ900713-0152,12,0.1867728746018203,reciprocal_rank_fusion_k=60
200,Q0,AP880907-0275,13,0.18433855582490358,reciprocal_rank_fusion_k=60
200,Q0,AP880909-0258,14,0.17832934880110726,reciprocal_rank_fusion_k=60
200,Q0,AP881004-0189,15,0.1777511456658345,reciprocal_rank_fusion_k=60
200,Q0,AP890503-0306,16,0.17642466113052413,reciprocal_rank_fusion_k=60
200,Q0,WSJ900827-0092,17,0.17557758300530002,reciprocal_rank_fusion_k=60
200,Q0,AP880919-0114,18,0.17509775209776743,reciprocal_rank_fusion_k=60
200,Q0,AP880916-0203,19,0.1654753657813971,reciprocal_rank_fusion_k=60
200,Q0,WSJ880114-0171,20,0.16237664339475127,reciprocal_rank_fusion_k=60
200,Q0,ZF207-449-130,21,0.16167475637456857,reciprocal_rank_fusion_k=60
200,Q0,WSJ870715-0053,22,0.15998902197802856,reciprocal_rank_fusion_k=60
200,Q0,AP881005-0081,23,0.1587166745017259,reciprocal_rank_fusion_k=60
200,Q0,WSJ880426-0065,24,0.157464680472672,reciprocal_rank_fusion_k=60
200,Q0,WSJ910619-0100,25,0.15463044808375306,reciprocal_rank_fusion_k=60
200,Q0,AP880915-0058,26,0.1541752493357862,reciprocal_rank_fusion_k=60
200,Q0,WSJ880323-0071,27,0.15413710838101216,reciprocal_rank_fusion_k=60
200,Q0,AP880909-0027,28,0.1535114714963791,reciprocal_rank_fusion_k=60
200,Q0,AP881212-0280,29,0.15312348310784796,reciprocal_rank_fusion_k=60
200,Q0,WSJ900919-0097,30,0.15203326430213182,reciprocal_rank_fusion_k=60
200,Q0,AP880930-0234,31,0.15002522228617488,reciprocal_rank_fusion_k=60
200,Q0,DOE1-26-0087,32,0.14932553628413328,reciprocal_rank_fusion_k=60
200,Q0,WSJ861218-0212,33,0.14542369673837932,reciprocal_rank_fusion_k=60
200,Q0,WSJ871211-0161,34,0.14443541308470748,reciprocal_rank_fusion_k=60
200,Q0,AP880929-0260,35,0.14440515433769383,reciprocal_rank_fusion_k=60
200,Q0,WSJ870220-0032,36,0.14302706163358844,reciprocal_rank_fusion_k=60
200,Q0,AP881004-0038,37,0.14297594594890997,reciprocal_rank_fusion_k=60
200,Q0,AP880916-0041,38,0.14295402222954057,reciprocal_rank_fusion_k=60
200,Q0,DOE2-40-0828,39,0.1423241283047797,reciprocal_rank_fusion_k=60
200,Q0,WSJ900731-0090,40,0.13869805127415905,reciprocal_rank_fusion_k=60
200,Q0,AP880929-0024,41,0.13858325212625558,reciprocal_rank_fusion_k=60
200,Q0,WSJ920309-0170,42,0.13518386898923138,reciprocal_rank_fusion_k=60
200,Q0,WSJ911218-0116,43,0.13438620081747565,reciprocal_rank_fusion_k=60
200,Q0,WSJ880912-0157,44,0.13204545263737527,reciprocal_rank_fusion_k=60
200,Q0,ZF207-402-806,45,0.1309589894048417,reciprocal_rank_fusion_k=60
200,Q0,WSJ870917-0079,46,0.12914830903957045,reciprocal_rank_fusion_k=60
200,Q0,WSJ880426-0145,47,0.126613132488757,reciprocal_rank_fusion_k=60
200,Q0,WSJ871221-0073,48,0.12651296341942847,reciprocal_rank_fusion_k=60
200,Q0,AP880928-0294,49,0.1257765700951521,reciprocal_rank_fusion_k=60
200,Q0,AP880928-0275,50,0.1253473102896068,reciprocal_rank_fusion_k=60
200,Q0,WSJ870105-0102,51,0.1250892252111147,reciprocal_rank_fusion_k=60
200,Q0,AP880526-0196,52,0.12317909019431025,reciprocal_rank_fusion_k=60
200,Q0,AP881005-0022,53,0.12312137943064391,reciprocal_rank_fusion_k=60
200,Q0,WSJ870826-0025,54,0.12249611932961607,reciprocal_rank_fusion_k=60
200,Q0,WSJ880926-0139,55,0.11441590676044028,reciprocal_rank_fusion_k=60
200,Q0,WSJ890822-0145,56,0.11292493893667858,reciprocal_rank_fusion_k=60
200,Q0,WSJ871209-0013,57,0.11183528437896387,reciprocal_rank_fusion_k=60
200,Q0,DOE2-70-0394,58,0.11137516358770133,reciprocal_rank_fusion_k=60
200,Q0,FR89228-0058,59,0.11041140133654813,reciprocal_rank_fusion_k=60
200,Q0,DOE1-71-0406,60,0.11030531711085548,reciprocal_rank_fusion_k=60
200,Q0,WSJ880720-0087,61,0.1085420837969236,reciprocal_rank_fusion_k=60
200,Q0,WSJ900912-0121,62,0.10781832730479758,reciprocal_rank_fusion_k=60
200,Q0,AP880225-0143,63,0.10695791847425226,reciprocal_rank_fusion_k=60
200,Q0,DOE1-87-1156,64,0.10691576942291083,reciprocal_rank_fusion_k=60
200,Q0,WSJ910521-0082,65,0.10502902174076639,reciprocal_rank_fusion_k=60
200,Q0,WSJ870309-0053,66,0.10479328859843348,reciprocal_rank_fusion_k=60
200,Q0,WSJ870324-0140,67,0.10355961174492855,reciprocal_rank_fusion_k=60
200,Q0,WSJ870810-0059,68,0.1034215238544751,reciprocal_rank_fusion_k=60
200,Q0,AP880301-0172,69,0.10327364659323865,reciprocal_rank_fusion_k=60
200,Q0,WSJ870528-0162,70,0.10321521982742728,reciprocal_rank_fusion_k=60
200,Q0,FR88701-0062,71,0.10313503830110435,reciprocal_rank_fusion_k=60
200,Q0,WSJ880308-0105,72,0.10242805998257917,reciprocal_rank_fusion_k=60
200,Q0,AP890329-0237,73,0.10191704372548722,reciprocal_rank_fusion_k=60
200,Q0,WSJ910430-0067,74,0.09997980969554882,reciprocal_rank_fusion_k=60
200,Q0,DOE2-78-0337,75,0.09971619102697613,reciprocal_rank_fusion_k=60
200,Q0,WSJ910107-0132,76,0.09951589395442201,reciprocal_rank_fusion_k=60
200,Q0,FR88120-0028,77,0.09935679467485685,reciprocal_rank_fusion_k=60
200,Q0,WSJ881005-0076,78,0.09930312864396837,reciprocal_rank_fusion_k=60
200,Q0,WSJ870804-0098,79,0.09717893406849186,reciprocal_rank_fusion_k=60
200,Q0,AP880910-0014,80,0.09716831080017488,reciprocal_rank_fusion_k=60
200,Q0,FR88225-0132,81,0.09657869414054192,reciprocal_rank_fusion_k=60
200,Q0,WSJ880912-0173,82,0.09542895581487372,reciprocal_rank_fusion_k=60
200,Q0,FR89713-0059,83,0.09470902187240696,reciprocal_rank_fusion_k=60
200,Q0,FR881108-0046,84,0.09431593848851183,reciprocal_rank_fusion_k=60
200,Q0,WSJ870116-0165,85,0.094289844521608,reciprocal_rank_fusion_k=60
200,Q0,WSJ890925-0134,86,0.09421721845937704,reciprocal_rank_fusion_k=60
200,Q0,FR88602-0043,87,0.09191183952401732,reciprocal_rank_fusion_k=60
200,Q0,FR88722-0052,88,0.09189153505156815,reciprocal_rank_fusion_k=60
200,Q0,AP880527-0292,89,0.09170585508130895,reciprocal_rank_fusion_k=60
200,Q0,FR88603-0047,90,0.0905817831700428,reciprocal_rank_fusion_k=60
200,Q0,WSJ890912-0080,91,0.09053139725114175,reciprocal_rank_fusion_k=60
200,Q0,DOE2-17-0198,92,0.09045979565623136,reciprocal_rank_fusion_k=60
200,Q0,FR891109-0034,93,0.09029061601056552,reciprocal_rank_fusion_k=60
200,Q0,FR881027-0043,94,0.09004804554077907,reciprocal_rank_fusion_k=60
200,Q0,FR89327-0041,95,0.0896761716147103,reciprocal_rank_fusion_k=60
200,Q0,WSJ910815-0121,96,0.08840697015631652,reciprocal_rank_fusion_k=60
200,Q0,FR89127-0064,97,0.08817360671551393,reciprocal_rank_fusion_k=60
200,Q0,WSJ871029-0180,98,0.08795837592655037,reciprocal_rank_fusion_k=60
200,Q0,WSJ900424-0137,99,0.08784545677573194,reciprocal_rank_fusion_k=60
200,Q0,WSJ880204-0103,100,0.08764325736928577,reciprocal_rank_fusion_k=60
200,Q0,WSJ871221-0044,101,0.08756137359118972,reciprocal_rank_fusion_k=60
200,Q0,FR89609-0046,102,0.08643086310136415,reciprocal_rank_fusion_k=60
200,Q0,FR88923-0060,103,0.08628535520154289,reciprocal_rank_fusion_k=60
200,Q0,FR88707-0038,104,0.08582387632842316,reciprocal_rank_fusion_k=60
200,Q0,FR88513-0072,105,0.08561341610083995,reciprocal_rank_fusion_k=60
200,Q0,WSJ910214-0096,106,0.08510499318523508,reciprocal_rank_fusion_k=60
200,Q0,WSJ870807-0119,107,0.08485928724764473,reciprocal_rank_fusion_k=60
200,Q0,WSJ880929-0158,108,0.08451063383561996,reciprocal_rank_fusion_k=60
200,Q0,FR88922-0031,109,0.08439698390084838,reciprocal_rank_fusion_k=60
200,Q0,AP890408-0097,110,0.08430165455429346,reciprocal_rank_fusion_k=60
200,Q0,FR891002-0047,111,0.08410844306937029,reciprocal_rank_fusion_k=60
200,Q0,AP880225-0109,112,0.0835719779857229,reciprocal_rank_fusion_k=60
200,Q0,FR88708-0038,113,0.08218318319470745,reciprocal_rank_fusion_k=60
200,Q0,FR89620-0032,114,0.08189452314367326,reciprocal_rank_fusion_k=60
200,Q0,FR89927-0042,115,0.08126661590252378,reciprocal_rank_fusion_k=60
200,Q0,FR89322-0031,116,0.08020165571108952,reciprocal_rank_fusion_k=60
200,Q0,WSJ900720-0160,117,0.07999966093110582,reciprocal_rank_fusion_k=60
200,Q0,WSJ900529-0031,118,0.07965474898116644,reciprocal_rank_fusion_k=60
200,Q0,WSJ880316-0080,119,0.07947231410419085,reciprocal_rank_fusion_k=60
200,Q0,FR89406-0042,120,0.07944385125402358,reciprocal_rank_fusion_k=60
200,Q0,WSJ881020-0181,121,0.07942978940355148,reciprocal_rank_fusion_k=60
200,Q0,ZF207-726-250,122,0.07925933096324701,reciprocal_rank_fusion_k=60
200,Q0,WSJ870717-0140,123,0.07918076256742701,reciprocal_rank_fusion_k=60
200,Q0,FR891109-0032,124,0.07917732262712497,reciprocal_rank_fusion_k=60
200,Q0,WSJ900514-0161,125,0.07825345338701511,reciprocal_rank_fusion_k=60
200,Q0,FR88610-0035,126,0.07811250202738859,reciprocal_rank_fusion_k=60
200,Q0,FR881130-0037,127,0.07782050091226402,reciprocal_rank_fusion_k=60
200,Q0,DOE2-35-0480,128,0.07770243394159604,reciprocal_rank_fusion_k=60
200,Q0,FR88801-0057,129,0.07748770858516778,reciprocal_rank_fusion_k=60
200,Q0,FR88715-0049,130,0.07745933473695751,reciprocal_rank_fusion_k=60
200,Q0,FR89517-0044,131,0.07712135450771321,reciprocal_rank_fusion_k=60
200,Q0,WSJ881110-0096,132,0.07698423212820388,reciprocal_rank_fusion_k=60
200,Q0,WSJ880329-0013,133,0.07670978132385026,reciprocal_rank_fusion_k=60
200,Q0,AP880226-0097,134,0.07662855202854325,reciprocal_rank_fusion_k=60
200,Q0,WSJ870807-0044,135,0.07629788173988757,reciprocal_rank_fusion_k=60
200,Q0,ZF207-773-434,136,0.0762841372172962,reciprocal_rank_fusion_k=60
200,Q0,WSJ871231-0106,137,0.07614840459384804,reciprocal_rank_fusion_k=60
200,Q0,FR891108-0053,138,0.07598964946037487,reciprocal_rank_fusion_k=60
200,Q0,AP890202-0256,139,0.07590065893311641,reciprocal_rank_fusion_k=60
200,Q0,WSJ910422-0080,140,0.0757929899177599,reciprocal_rank_fusion_k=60
200,Q0,FR89602-0048,141,0.07570609117980381,reciprocal_rank_fusion_k=60
200,Q0,FR891019-0030,142,0.07562578451674938,reciprocal_rank_fusion_k=60
200,Q0,FR88920-0045,143,0.07548336236727349,reciprocal_rank_fusion_k=60
200,Q0,FR89615-0046,144,0.0753685788619609,reciprocal_rank_fusion_k=60
200,Q0,FR881209-0073,145,0.07525851846380333,reciprocal_rank_fusion_k=60
200,Q0,WSJ900921-0157,146,0.07434676410800652,reciprocal_rank_fusion_k=60
200,Q0,FR881109-0047,147,0.07383598044511656,reciprocal_rank_fusion_k=60
200,Q0,FR88920-0043,148,0.07376486030783318,reciprocal_rank_fusion_k=60
200,Q0,AP881222-0280,149,0.07369219208820214,reciprocal_rank_fusion_k=60
200,Q0,FR88722-0053,150,0.07364844179077293,reciprocal_rank_fusion_k=60
200,Q0,FR88816-0039,151,0.07335554926546742,reciprocal_rank_fusion_k=60
200,Q0,AP880225-0057,152,0.0732706023787493,reciprocal_rank_fusion_k=60
200,Q0,FR89509-0054,153,0.07286774880705676,reciprocal_rank_fusion_k=60
200,Q0,FR89818-0050,154,0.07277704618344767,reciprocal_rank_fusion_k=60
200,Q0,FR89918-0031,155,0.07270692682363457,reciprocal_rank_fusion_k=60
200,Q0,FR88205-0057,156,0.07260174032708995,reciprocal_rank_fusion_k=60
200,Q0,WSJ870409-0084,157,0.07247066043535097,reciprocal_rank_fusion_k=60
200,Q0,FR881118-0039,158,0.07214076633165484,reciprocal_rank_fusion_k=60
200,Q0,FR89321-0060,159,0.07172838789507843,reciprocal_rank_fusion_k=60
200,Q0,FR89517-0045,160,0.07126217493866853,reciprocal_rank_fusion_k=60
200,Q0,FR881128-0039,161,0.07119733478191767,reciprocal_rank_fusion_k=60
200,Q0,FR88218-0043,162,0.07101361947948474,reciprocal_rank_fusion_k=60
200,Q0,FR891128-0041,163,0.07077865765238815,reciprocal_rank_fusion_k=60
200,Q0,WSJ880915-0027,164,0.0707594841856546,reciprocal_rank_fusion_k=60
200,Q0,FR89517-0046,165,0.07071374612685775,reciprocal_rank_fusion_k=60
200,Q0,FR89321-0059,166,0.07067905364714175,reciprocal_rank_fusion_k=60
200,Q0,WSJ861204-0038,167,0.070636995036738,reciprocal_rank_fusion_k=60
200,Q0,FR88225-0042,168,0.07055305812285365,reciprocal_rank_fusion_k=60
200,Q0,FR88511-0052,169,0.07004474503182423,reciprocal_rank_fusion_k=60
200,Q0,FR88105-0049,170,0.0694848587438773,reciprocal_rank_fusion_k=60
200,Q0,FR89308-0063,171,0.06935225815191634,reciprocal_rank_fusion_k=60
200,Q0,FR881130-0036,172,0.06934229393904455,reciprocal_rank_fusion_k=60
200,Q0,FR89710-0036,173,0.068998540276443,reciprocal_rank_fusion_k=60
200,Q0,FR89313-0057,174,0.06898129025331243,reciprocal_rank_fusion_k=60
200,Q0,FR89815-0061,175,0.06871711937572822,reciprocal_rank_fusion_k=60
200,Q0,FR89706-0053,176,0.06837266424711846,reciprocal_rank_fusion_k=60
200,Q0,FR891016-0043,177,0.06803649581344504,reciprocal_rank_fusion_k=60
200,Q0,FR88518-0052,178,0.06717584074800606,reciprocal_rank_fusion_k=60
200,Q0,FR881019-0072,179,0.06715149014417524,reciprocal_rank_fusion_k=60
200,Q0,WSJ900905-0103,180,0.0670042132503753,reciprocal_rank_fusion_k=60
200,Q0,FR88216-0042,181,0.06667439404929101,reciprocal_rank_fusion_k=60
200,Q0,FR881027-0042,182,0.06655214594564302,reciprocal_rank_fusion_k=60
200,Q0,WSJ870416-0112,183,0.06650625287263752,reciprocal_rank_fusion_k=60
200,Q0,FR88211-0042,184,0.06642095178462643,reciprocal_rank_fusion_k=60
200,Q0,FR89602-0051,185,0.06631497603554054,reciprocal_rank_fusion_k=60
200,Q0,FR881206-0030,186,0.06618133938246033,reciprocal_rank_fusion_k=60
200,Q0,FR88727-0039,187,0.06559812531115079,reciprocal_rank_fusion_k=60
200,Q0,AP890407-0231,188,0.06546318357535957,reciprocal_rank_fusion_k=60
200,Q0,WSJ900918-0125,189,0.06542913571439835,reciprocal_rank_fusion_k=60
200,Q0,FR88603-0045,190,0.0651491487306997,reciprocal_rank_fusion_k=60
200,Q0,FR88812-0035,191,0.06508420804207778,reciprocal_rank_fusion_k=60
200,Q0,FR88602-0044,192,0.06504895517676547,reciprocal_rank_fusion_k=60
200,Q0,FR89717-0039,193,0.06479956527568224,reciprocal_rank_fusion_k=60
200,Q0,FR88902-0057,194,0.06465328788856996,reciprocal_rank_fusion_k=60
200,Q0,AP891010-0283,195,0.06454490777290486,reciprocal_rank_fusion_k=60
200,Q0,WSJ880316-0125,196,0.06444846233255995,reciprocal_rank_fusion_k=60
200,Q0,FR881122-0048,197,0.06423530379788538,reciprocal_rank_fusion_k=60
200,Q0,WSJ900726-0086,198,0.06417644241279458,reciprocal_rank_fusion_k=60
200,Q0,FR881202-0058,199,0.06406278185983287,reciprocal_rank_fusion_k=60
200,Q0,FR88129-0044,200,0.06405176898658675,reciprocal_rank_fusion_k=60
200,Q0,FR89208-0038,201,0.0640212446995366,reciprocal_rank_fusion_k=60
200,Q0,FR88801-0058,202,0.06392904402133862,reciprocal_rank_fusion_k=60
200,Q0,AP880225-0249,203,0.06378026848095461,reciprocal_rank_fusion_k=60
200,Q0,FR891019-0029,204,0.06369755054486739,reciprocal_rank_fusion_k=60
200,Q0,AP890621-0232,205,0.06366061560938163,reciprocal_rank_fusion_k=60
200,Q0,FR89602-0050,206,0.06359041699713283,reciprocal_rank_fusion_k=60
200,Q0,FR89822-0038,207,0.06334127819856424,reciprocal_rank_fusion_k=60
200,Q0,FR88727-0040,208,0.0633259090484886,reciprocal_rank_fusion_k=60
200,Q0,FR89313-0056,209,0.06332276408901466,reciprocal_rank_fusion_k=60
200,Q0,FR89927-0040,210,0.06310635168689982,reciprocal_rank_fusion_k=60
200,Q0,WSJ881031-0196,211,0.06264521202368141,reciprocal_rank_fusion_k=60
200,Q0,WSJ910806-0053,212,0.06257747083386657,reciprocal_rank_fusion_k=60
200,Q0,FR88728-0037,213,0.06246065868944693,reciprocal_rank_fusion_k=60
200,Q0,FR89720-0046,214,0.06245775650048978,reciprocal_rank_fusion_k=60
200,Q0,WSJ870624-0007,215,0.062254639426040696,reciprocal_rank_fusion_k=60
200,Q0,FR88513-0074,216,0.06225409035777311,reciprocal_rank_fusion_k=60
200,Q0,FR891012-0050,217,0.062111633913027466,reciprocal_rank_fusion_k=60
200,Q0,FR89124-0056,218,0.06154831349257369,reciprocal_rank_fusion_k=60
200,Q0,FR89421-0038,219,0.06150299016372109,reciprocal_rank_fusion_k=60
200,Q0,FR881027-0044,220,0.06145197868789746,reciprocal_rank_fusion_k=60
200,Q0,AP880912-0238,221,0.06141185084095279,reciprocal_rank_fusion_k=60
200,Q0,FR89105-0076,222,0.06132320891081083,reciprocal_rank_fusion_k=60
200,Q0,FR89609-0048,223,0.061040947936997283,reciprocal_rank_fusion_k=60
200,Q0,FR881206-0029,224,0.0610004665396076,reciprocal_rank_fusion_k=60
200,Q0,FR891006-0047,225,0.060888364933724806,reciprocal_rank_fusion_k=60
200,Q0,DOE2-79-0490,226,0.060625774863975836,reciprocal_rank_fusion_k=60
200,Q0,FR88818-0009,227,0.06053509203253683,reciprocal_rank_fusion_k=60
200,Q0,FR891117-0049,228,0.06052712846063871,reciprocal_rank_fusion_k=60
200,Q0,FR89306-0050,229,0.0603223957698484,reciprocal_rank_fusion_k=60
200,Q0,WSJ870427-0092,230,0.06028327243269036,reciprocal_rank_fusion_k=60
200,Q0,FR89331-0059,231,0.06004709947978065,reciprocal_rank_fusion_k=60
200,Q0,FR89526-0032,232,0.06000649868598334,reciprocal_rank_fusion_k=60
200,Q0,FR881207-0043,233,0.05998592353072268,reciprocal_rank_fusion_k=60
200,Q0,FR88513-0073,234,0.05986999394751917,reciprocal_rank_fusion_k=60
200,Q0,FR881019-0071,235,0.059752237690903584,reciprocal_rank_fusion_k=60
200,Q0,FR88920-0044,236,0.059494439223431506,reciprocal_rank_fusion_k=60
200,Q0,FR89308-0061,237,0.059413224503802826,reciprocal_rank_fusion_k=60
200,Q0,DOE2-35-0150,238,0.05930732353815042,reciprocal_rank_fusion_k=60
200,Q0,FR881027-0046,239,0.05869459764809114,reciprocal_rank_fusion_k=60
200,Q0,FR88725-0039,240,0.05856964352702596,reciprocal_rank_fusion_k=60
200,Q0,FR88812-0033,241,0.05841877214529237,reciprocal_rank_fusion_k=60
200,Q0,FR89816-0055,242,0.05838239752334398,reciprocal_rank_fusion_k=60
200,Q0,FR89331-0057,243,0.05818399921321846,reciprocal_rank_fusion_k=60
200,Q0,FR881107-0105,244,0.05801337208332964,reciprocal_rank_fusion_k=60
200,Q0,FR891025-0028,245,0.0579876866825724,reciprocal_rank_fusion_k=60
200,Q0,WSJ880914-0140,246,0.057669083339669684,reciprocal_rank_fusion_k=60
200,Q0,FR89717-0040,247,0.05760782509640447,reciprocal_rank_fusion_k=60
200,Q0,FR881109-0046,248,0.057535532800838306,reciprocal_rank_fusion_k=60
200,Q0,WSJ871106-0113,249,0.057497229395794026,reciprocal_rank_fusion_k=60
200,Q0,FR89726-0050,250,0.05742236210918149,reciprocal_rank_fusion_k=60
200,Q0,FR89323-0049,251,0.057388907067986605,reciprocal_rank_fusion_k=60
200,Q0,FR88131-0033,252,0.057375151799108674,reciprocal_rank_fusion_k=60
200,Q0,FR881201-0056,253,0.057134958997193876,reciprocal_rank_fusion_k=60
200,Q0,FR89525-0038,254,0.057133756912180075,reciprocal_rank_fusion_k=60
200,Q0,FR891109-0031,255,0.057058644748308074,reciprocal_rank_fusion_k=60
200,Q0,FR891122-0053,256,0.05702864850742051,reciprocal_rank_fusion_k=60
200,Q0,WSJ911014-0110,257,0.056900525482667164,reciprocal_rank_fusion_k=60
200,Q0,FR88928-0057,258,0.05688824589624255,reciprocal_rank_fusion_k=60
200,Q0,FR89308-0064,259,0.05687731894540413,reciprocal_rank_fusion_k=60
200,Q0,FR89720-0044,260,0.05668448417542137,reciprocal_rank_fusion_k=60
200,Q0,FR891006-0046,261,0.056613236271496246,reciprocal_rank_fusion_k=60
200,Q0,FR89717-0038,262,0.056580424297572485,reciprocal_rank_fusion_k=60
200,Q0,FR89308-0062,263,0.056465028989287784,reciprocal_rank_fusion_k=60
200,Q0,FR891006-0048,264,0.05635124776541438,reciprocal_rank_fusion_k=60
200,Q0,FR89630-0046,265,0.05634242480616596,reciprocal_rank_fusion_k=60
200,Q0,FR88915-0054,266,0.056231028425910594,reciprocal_rank_fusion_k=60
200,Q0,DOE1-71-0409,267,0.056085459334946686,reciprocal_rank_fusion_k=60
200,Q0,WSJ920219-0068,268,0.05605549674646817,reciprocal_rank_fusion_k=60
200,Q0,FR88915-0055,269,0.05595493244772168,reciprocal_rank_fusion_k=60
200,Q0,FR88105-0044,270,0.05591756843248991,reciprocal_rank_fusion_k=60
200,Q0,AP880426-0284,271,0.05585536115365174,reciprocal_rank_fusion_k=60
200,Q0,FR881206-0031,272,0.055824446103612396,reciprocal_rank_fusion_k=60
200,Q0,WSJ880229-0123,273,0.055762098339261094,reciprocal_rank_fusion_k=60
200,Q0,WSJ890814-0101,274,0.055643210398654205,reciprocal_rank_fusion_k=60
200,Q0,FR88129-0043,275,0.05552733925195502,reciprocal_rank_fusion_k=60
200,Q0,FR89330-0044,276,0.055362567930762066,reciprocal_rank_fusion_k=60
200,Q0,FR88912-0020,277,0.055108981516260244,reciprocal_rank_fusion_k=60
200,Q0,AP891101-0265,278,0.054652346119725324,reciprocal_rank_fusion_k=60
200,Q0,FR88802-0036,279,0.054619886240152224,reciprocal_rank_fusion_k=60
200,Q0,FR88205-0058,280,0.05459032644938831,reciprocal_rank_fusion_k=60
200,Q0,FR891106-0060,281,0.05436579593108825,reciprocal_rank_fusion_k=60
200,Q0,FR88510-0044,282,0.0541592218178685,reciprocal_rank_fusion_k=60
200,Q0,AP880302-0051,283,0.05399910481226663,reciprocal_rank_fusion_k=60
200,Q0,FR89131-0070,284,0.05375023221922158,reciprocal_rank_fusion_k=60
200,Q0,FR881129-0050,285,0.05370263088652809,reciprocal_rank_fusion_k=60
200,Q0,FR891012-0049,286,0.053699620235176944,reciprocal_rank_fusion_k=60
200,Q0,FR89712-0281,287,0.053687115264382794,reciprocal_rank_fusion_k=60
200,Q0,FR89119-0043,288,0.05361794908388238,reciprocal_rank_fusion_k=60
200,Q0,FR88923-0059,289,0.05343918330071836,reciprocal_rank_fusion_k=60
200,Q0,WSJ911017-0182,290,0.053144824050238876,reciprocal_rank_fusion_k=60
200,Q0,FR88510-0045,291,0.05308065961892569,reciprocal_rank_fusion_k=60
200,Q0,FR88915-0056,292,0.053076872110047114,reciprocal_rank_fusion_k=60
200,Q0,FR89531-0033,293,0.05304112111359677,reciprocal_rank_fusion_k=60
200,Q0,FR891122-0056,294,0.05296223269324283,reciprocal_rank_fusion_k=60
200,Q0,FR88101-0042,295,0.05288552426419296,reciprocal_rank_fusion_k=60
200,Q0,FR89613-0047,296,0.05273394345286624,reciprocal_rank_fusion_k=60
200,Q0,FR881107-0039,297,0.05263639696713808,reciprocal_rank_fusion_k=60
200,Q0,FR88218-0044,298,0.05256460736365051,reciprocal_rank_fusion_k=60
200,Q0,FR89811-0037,299,0.052404271279564,reciprocal_rank_fusion_k=60
200,Q0,WSJ911025-0073,300,0.05239175686873508,reciprocal_rank_fusion_k=60
200,Q0,WSJ870420-0010,301,0.05236966778827573,reciprocal_rank_fusion_k=60
200,Q0,FR881024-0031,302,0.052266687064080115,reciprocal_rank_fusion_k=60
200,Q0,FR88518-0053,303,0.05202492754751884,reciprocal_rank_fusion_k=60
200,Q0,FR88908-0041,304,0.05192883255520652,reciprocal_rank_fusion_k=60
200,Q0,FR88826-0040,305,0.051886192568053775,reciprocal_rank_fusion_k=60
200,Q0,WSJ911205-0094,306,0.051807755718255015,reciprocal_rank_fusion_k=60
200,Q0,FR89926-0050,307,0.0518039276113439,reciprocal_rank_fusion_k=60
200,Q0,FR89802-0058,308,0.05170007134248116,reciprocal_rank_fusion_k=60
200,Q0,FR891025-0030,309,0.051669393331455704,reciprocal_rank_fusion_k=60
200,Q0,FR89811-0036,310,0.05144858673437577,reciprocal_rank_fusion_k=60
200,Q0,AP880912-0023,311,0.05141841688268272,reciprocal_rank_fusion_k=60
200,Q0,FR881107-0036,312,0.05140148805396601,reciprocal_rank_fusion_k=60
200,Q0,FR88504-0046,313,0.051253789480044075,reciprocal_rank_fusion_k=60
200,Q0,ZF207-961-980,314,0.05124127516520907,reciprocal_rank_fusion_k=60
200,Q0,FR89421-0039,315,0.051190258171609826,reciprocal_rank_fusion_k=60
200,Q0,FR881208-0033,316,0.050933309601805254,reciprocal_rank_fusion_k=60
200,Q0,FR88105-0043,317,0.05089995442008514,reciprocal_rank_fusion_k=60
200,Q0,WSJ911216-0044,318,0.05088199433782512,reciprocal_rank_fusion_k=60
200,Q0,FR881107-0037,319,0.05080779089206823,reciprocal_rank_fusion_k=60
200,Q0,FR89406-0041,320,0.05075186922477677,reciprocal_rank_fusion_k=60
200,Q0,DOE1-56-1140,321,0.05070911892469837,reciprocal_rank_fusion_k=60
200,Q0,WSJ870319-0127,322,0.05044005586574527,reciprocal_rank_fusion_k=60
200,Q0,FR88923-0062,323,0.0503150817090776,reciprocal_rank_fusion_k=60
200,Q0,WSJ920303-0109,324,0.05021807999345848,reciprocal_rank_fusion_k=60
200,Q0,FR881129-0049,325,0.05021046494184326,reciprocal_rank_fusion_k=60
200,Q0,FR88816-0041,326,0.05010964722848677,reciprocal_rank_fusion_k=60
200,Q0,FR89511-0035,327,0.050010888725769885,reciprocal_rank_fusion_k=60
200,Q0,FR88809-0052,328,0.04998695180014914,reciprocal_rank_fusion_k=60
200,Q0,FR89406-0040,329,0.04985401382646505,reciprocal_rank_fusion_k=60
200,Q0,FR89815-0059,330,0.04983835284455826,reciprocal_rank_fusion_k=60
200,Q0,FR881108-0048,331,0.04970515863848036,reciprocal_rank_fusion_k=60
200,Q0,WSJ870731-0131,332,0.04969484474283061,reciprocal_rank_fusion_k=60
200,Q0,FR89424-0023,333,0.049255846389260304,reciprocal_rank_fusion_k=60
200,Q0,FR89524-0037,334,0.04914358519579494,reciprocal_rank_fusion_k=60
200,Q0,FR88908-0040,335,0.04913406881867846,reciprocal_rank_fusion_k=60
200,Q0,WSJ910315-0080,336,0.04912066210534066,reciprocal_rank_fusion_k=60
200,Q0,FR88601-0073,337,0.0490719065011681,reciprocal_rank_fusion_k=60
200,Q0,FR89927-0041,338,0.04904088053902153,reciprocal_rank_fusion_k=60
200,Q0,FR891114-0040,339,0.04889721070245403,reciprocal_rank_fusion_k=60
200,Q0,DOE2-45-1026,340,0.04873527996534395,reciprocal_rank_fusion_k=60
200,Q0,FR89720-0048,341,0.048538025551974985,reciprocal_rank_fusion_k=60
200,Q0,FR89427-0036,342,0.04841062943481311,reciprocal_rank_fusion_k=60
200,Q0,FR89510-0040,343,0.048406862835428006,reciprocal_rank_fusion_k=60
200,Q0,FR88707-0039,344,0.04830003354221001,reciprocal_rank_fusion_k=60
200,Q0,FR89512-0059,345,0.04820015819245123,reciprocal_rank_fusion_k=60
200,Q0,FR88128-0059,346,0.04813416975627217,reciprocal_rank_fusion_k=60
200,Q0,FR89217-0046,347,0.04802879310988499,reciprocal_rank_fusion_k=60
200,Q0,WSJ880219-0187,348,0.04802157303262458,reciprocal_rank_fusion_k=60
200,Q0,FR881125-0041,349,0.04801563023472828,reciprocal_rank_fusion_k=60
200,Q0,WSJ880201-0151,350,0.04775527604382818,reciprocal_rank_fusion_k=60
200,Q0,WSJ880922-0114,351,0.04765855519697041,reciprocal_rank_fusion_k=60
200,Q0,FR89509-0047,352,0.04762461956729828,reciprocal_rank_fusion_k=60
200,Q0,FR89209-0037,353,0.047573845506971815,reciprocal_rank_fusion_k=60
200,Q0,FR89811-0038,354,0.04746132624496727,reciprocal_rank_fusion_k=60
200,Q0,FR89926-0049,355,0.04737966383547228,reciprocal_rank_fusion_k=60
200,Q0,FR89822-0037,356,0.0472778568681914,reciprocal_rank_fusion_k=60
200,Q0,FR88901-0044,357,0.04723705253205947,reciprocal_rank_fusion_k=60
200,Q0,FR881208-0034,358,0.047200789523333835,reciprocal_rank_fusion_k=60
200,Q0,FR88503-0037,359,0.04709183771827643,reciprocal_rank_fusion_k=60
200,Q0,WSJ881010-0054,360,0.04693732271472621,reciprocal_rank_fusion_k=60
200,Q0,FR88721-0047,361,0.046918957609555736,reciprocal_rank_fusion_k=60
200,Q0,WSJ911129-0074,362,0.04682388056204765,reciprocal_rank_fusion_k=60
200,Q0,FR89131-0072,363,0.04679467148737284,reciprocal_rank_fusion_k=60
200,Q0,FR89217-0045,364,0.04667204112811734,reciprocal_rank_fusion_k=60
200,Q0,FR89327-0042,365,0.04658408080427315,reciprocal_rank_fusion_k=60
200,Q0,FR89216-0033,366,0.04647963667692716,reciprocal_rank_fusion_k=60
200,Q0,FR881129-0051,367,0.04614820653195385,reciprocal_rank_fusion_k=60
200,Q0,FR881107-0038,368,0.04598235585664022,reciprocal_rank_fusion_k=60
200,Q0,FR88726-0061,369,0.04586503669603967,reciprocal_rank_fusion_k=60
200,Q0,WSJ871022-0156,370,0.045856053509639214,reciprocal_rank_fusion_k=60
200,Q0,FR881129-0048,371,0.045613026023976544,reciprocal_rank_fusion_k=60
200,Q0,WSJ880525-0169,372,0.04559044249654958,reciprocal_rank_fusion_k=60
200,Q0,WSJ880401-0133,373,0.04532267556086054,reciprocal_rank_fusion_k=60
200,Q0,AP880229-0010,374,0.04505200020177329,reciprocal_rank_fusion_k=60
200,Q0,FR891122-0057,375,0.044954482700176365,reciprocal_rank_fusion_k=60
200,Q0,WSJ880907-0103,376,0.0449457231041995,reciprocal_rank_fusion_k=60
200,Q0,FR88112-0014,377,0.04489193857843473,reciprocal_rank_fusion_k=60
200,Q0,WSJ910906-0173,378,0.044739007495476074,reciprocal_rank_fusion_k=60
200,Q0,WSJ900709-0017,379,0.044579065713569316,reciprocal_rank_fusion_k=60
200,Q0,FR881101-0043,380,0.04427954727871813,reciprocal_rank_fusion_k=60
200,Q0,AP880503-0250,381,0.04424816126422176,reciprocal_rank_fusion_k=60
200,Q0,FR89710-0035,382,0.044127662492051856,reciprocal_rank_fusion_k=60
200,Q0,WSJ880502-0138,383,0.04386935279939862,reciprocal_rank_fusion_k=60
200,Q0,WSJ900718-0035,384,0.04374814561940348,reciprocal_rank_fusion_k=60
200,Q0,WSJ920116-0135,385,0.04367227440683268,reciprocal_rank_fusion_k=60
200,Q0,FR88101-0049,386,0.04364381712680261,reciprocal_rank_fusion_k=60
200,Q0,FR881125-0001,387,0.04363897633492689,reciprocal_rank_fusion_k=60
200,Q0,FR88721-0048,388,0.04350869586486936,reciprocal_rank_fusion_k=60
200,Q0,WSJ870316-0178,389,0.04346677243603831,reciprocal_rank_fusion_k=60
200,Q0,AP880911-0050,390,0.04338017016853199,reciprocal_rank_fusion_k=60
200,Q0,DOE2-51-0425,391,0.04323001239662777,reciprocal_rank_fusion_k=60
200,Q0,FR891004-0053,392,0.043167058504953316,reciprocal_rank_fusion_k=60
200,Q0,FR88511-0053,393,0.042930333304372535,reciprocal_rank_fusion_k=60
200,Q0,WSJ910624-0151,394,0.042865351681779865,reciprocal_rank_fusion_k=60
200,Q0,FR881025-0048,395,0.042843496511226986,reciprocal_rank_fusion_k=60
200,Q0,FR89619-0036,396,0.04284148834238906,reciprocal_rank_fusion_k=60
200,Q0,DOE1-13-0688,397,0.04269250813266394,reciprocal_rank_fusion_k=60
200,Q0,FR881122-0047,398,0.042640918236880855,reciprocal_rank_fusion_k=60
200,Q0,WSJ900913-0059,399,0.042491488762449015,reciprocal_rank_fusion_k=60
200,Q0,FR881118-0022,400,0.042279859228607976,reciprocal_rank_fusion_k=60
200,Q0,FR89331-0058,401,0.042053520845553694,reciprocal_rank_fusion_k=60
200,Q0,FR881207-0045,402,0.04198568718058827,reciprocal_rank_fusion_k=60
200,Q0,FR89515-0056,403,0.041922755398831224,reciprocal_rank_fusion_k=60
200,Q0,FR891205-0044,404,0.04185615187416666,reciprocal_rank_fusion_k=60
200,Q0,FR881202-0059,405,0.041821147240911745,reciprocal_rank_fusion_k=60
200,Q0,WSJ910725-0113,406,0.041793032887043134,reciprocal_rank_fusion_k=60
200,Q0,FR88811-0174,407,0.04154165903413667,reciprocal_rank_fusion_k=60
200,Q0,FR89517-0048,408,0.04151374720387064,reciprocal_rank_fusion_k=60
200,Q0,FR88826-0041,409,0.04150248737878447,reciprocal_rank_fusion_k=60
200,Q0,WSJ911122-0139,410,0.04146098817243444,reciprocal_rank_fusion_k=60
200,Q0,FR891004-0054,411,0.041374639529021366,reciprocal_rank_fusion_k=60
200,Q0,FR89517-0047,412,0.041301482651833664,reciprocal_rank_fusion_k=60
200,Q0,FR88225-0133,413,0.0412888927672477,reciprocal_rank_fusion_k=60
200,Q0,FR88128-0058,414,0.04128272453100107,reciprocal_rank_fusion_k=60
200,Q0,FR89322-0032,415,0.04123596859261349,reciprocal_rank_fusion_k=60
200,Q0,FR88105-0048,416,0.04120807487591838,reciprocal_rank_fusion_k=60
200,Q0,FR89414-0039,417,0.04118812939800723,reciprocal_rank_fusion_k=60
200,Q0,WSJ871110-0071,418,0.04114285878277314,reciprocal_rank_fusion_k=60
200,Q0,FR89421-0040,419,0.04103837314220583,reciprocal_rank_fusion_k=60
200,Q0,WSJ901221-0172,420,0.0407414548708457,reciprocal_rank_fusion_k=60
200,Q0,FR88719-0059,421,0.0407119855744799,reciprocal_rank_fusion_k=60
200,Q0,WSJ911106-0013,422,0.040643930829550874,reciprocal_rank_fusion_k=60
200,Q0,FR88607-0109,423,0.040471515062934296,reciprocal_rank_fusion_k=60
200,Q0,FR891109-0033,424,0.04036629315643721,reciprocal_rank_fusion_k=60
200,Q0,FR891010-0053,425,0.0403510322279694,reciprocal_rank_fusion_k=60
200,Q0,FR88518-0054,426,0.04014066268623652,reciprocal_rank_fusion_k=60
200,Q0,FR88205-0060,427,0.039983664707727455,reciprocal_rank_fusion_k=60
200,Q0,WSJ871204-0063,428,0.03966180416223214,reciprocal_rank_fusion_k=60
200,Q0,FR88105-0046,429,0.03961756230486996,reciprocal_rank_fusion_k=60
200,Q0,FR88902-0056,430,0.03943555302016307,reciprocal_rank_fusion_k=60
200,Q0,FR89124-0058,431,0.03941460358826093,reciprocal_rank_fusion_k=60
200,Q0,AP880311-0234,432,0.03906573137612407,reciprocal_rank_fusion_k=60
200,Q0,AP891018-0261,433,0.039014633136387186,reciprocal_rank_fusion_k=60
200,Q0,WSJ881020-0154,434,0.03893198406578153,reciprocal_rank_fusion_k=60
200,Q0,FR89720-0047,435,0.038827104659012755,reciprocal_rank_fusion_k=60
200,Q0,FR881207-0047,436,0.03877176024861858,reciprocal_rank_fusion_k=60
200,Q0,FR89815-0060,437,0.038639909923444495,reciprocal_rank_fusion_k=60
200,Q0,FR88101-0043,438,0.0386393991892296,reciprocal_rank_fusion_k=60
200,Q0,WSJ880526-0042,439,0.038593091176035675,reciprocal_rank_fusion_k=60
200,Q0,FR89531-0032,440,0.0385829940221407,reciprocal_rank_fusion_k=60
200,Q0,FR89119-0111,441,0.038459563923536846,reciprocal_rank_fusion_k=60
200,Q0,FR89626-0049,442,0.03839791637128515,reciprocal_rank_fusion_k=60
200,Q0,FR89804-0039,443,0.03831343856585887,reciprocal_rank_fusion_k=60
200,Q0,FR88101-0044,444,0.038211550458790065,reciprocal_rank_fusion_k=60
200,Q0,FR89630-0045,445,0.038194504955534524,reciprocal_rank_fusion_k=60
200,Q0,WSJ870904-0163,446,0.03817921372362947,reciprocal_rank_fusion_k=60
200,Q0,FR89103-0105,447,0.03816590393459482,reciprocal_rank_fusion_k=60
200,Q0,DOE2-10-0487,448,0.03791746710174467,reciprocal_rank_fusion_k=60
200,Q0,AP880323-0288,449,0.03771891126589603,reciprocal_rank_fusion_k=60
200,Q0,ZF207-325-546,450,0.03765791541013077,reciprocal_rank_fusion_k=60
200,Q0,FR88101-0046,451,0.03754742234703714,reciprocal_rank_fusion_k=60
200,Q0,FR89216-0032,452,0.03737363320949594,reciprocal_rank_fusion_k=60
200,Q0,FR891010-0052,453,0.037353607635354884,reciprocal_rank_fusion_k=60
200,Q0,AP880602-0316,454,0.03725050036244909,reciprocal_rank_fusion_k=60
200,Q0,FR881117-0044,455,0.03711323652136244,reciprocal_rank_fusion_k=60
200,Q0,FR88825-0047,456,0.03707117555186566,reciprocal_rank_fusion_k=60
200,Q0,FR88101-0045,457,0.03699576546848692,reciprocal_rank_fusion_k=60
200,Q0,FR88907-0070,458,0.036939728645844015,reciprocal_rank_fusion_k=60
200,Q0,FR881125-0042,459,0.03693961469255289,reciprocal_rank_fusion_k=60
200,Q0,WSJ880912-0088,460,0.036815254754296,reciprocal_rank_fusion_k=60
200,Q0,FR88603-0046,461,0.03671445916151656,reciprocal_rank_fusion_k=60
200,Q0,FR881202-0057,462,0.036666911981897914,reciprocal_rank_fusion_k=60
200,Q0,FR89427-0034,463,0.03660533242016376,reciprocal_rank_fusion_k=60
200,Q0,DOE2-61-0519,464,0.036594568648589,reciprocal_rank_fusion_k=60
200,Q0,FR89217-0047,465,0.036492837010597745,reciprocal_rank_fusion_k=60
200,Q0,FR89330-0046,466,0.03632742402163367,reciprocal_rank_fusion_k=60
200,Q0,FR89427-0035,467,0.03631079120640168,reciprocal_rank_fusion_k=60
200,Q0,AP881006-0103,468,0.03628276361183982,reciprocal_rank_fusion_k=60
200,Q0,FR881207-0042,469,0.036261742698971734,reciprocal_rank_fusion_k=60
200,Q0,DOE2-74-1161,470,0.03622872586953426,reciprocal_rank_fusion_k=60
200,Q0,AP880926-0227,471,0.03618744396258174,reciprocal_rank_fusion_k=60
200,Q0,WSJ900723-0093,472,0.036023772980331666,reciprocal_rank_fusion_k=60
200,Q0,WSJ910411-0130,473,0.03583912175163478,reciprocal_rank_fusion_k=60
200,Q0,FR88105-0047,474,0.03583361345776542,reciprocal_rank_fusion_k=60
200,Q0,FR881207-0044,475,0.035802550201947204,reciprocal_rank_fusion_k=60
200,Q0,AP880929-0255,476,0.035780571368886696,reciprocal_rank_fusion_k=60
200,Q0,FR88129-0045,477,0.03576822322590673,reciprocal_rank_fusion_k=60
200,Q0,FR891122-0054,478,0.035607200552511487,reciprocal_rank_fusion_k=60
200,Q0,WSJ911230-0020,479,0.03554065674033239,reciprocal_rank_fusion_k=60
200,Q0,WSJ871112-0147,480,0.03552596990295398,reciprocal_rank_fusion_k=60
200,Q0,FR89615-0047,481,0.03552382706293259,reciprocal_rank_fusion_k=60
200,Q0,FR891031-0034,482,0.03538223878487351,reciprocal_rank_fusion_k=60
200,Q0,FR88923-0058,483,0.03530001158241225,reciprocal_rank_fusion_k=60
200,Q0,AP890630-0234,484,0.03514739438667039,reciprocal_rank_fusion_k=60
200,Q0,AP891130-0262,485,0.03504188738072837,reciprocal_rank_fusion_k=60
200,Q0,FR89601-0044,486,0.03502057079707907,reciprocal_rank_fusion_k=60
200,Q0,FR89301-0055,487,0.03499755728571081,reciprocal_rank_fusion_k=60
200,Q0,WSJ870626-0013,488,0.03496855456816405,reciprocal_rank_fusion_k=60
200,Q0,WSJ910920-0123,489,0.03492704112948336,reciprocal_rank_fusion_k=60
200,Q0,AP880226-0168,490,0.03479197079320599,reciprocal_rank_fusion_k=60
200,Q0,AP880312-0208,491,0.03467955182713676,reciprocal_rank_fusion_k=60
200,Q0,FR89331-0056,492,0.03453474476447698,reciprocal_rank_fusion_k=60
200,Q0,FR89301-0056,493,0.03447196607036782,reciprocal_rank_fusion_k=60
200,Q0,FR89126-0042,494,0.034439030141848216,reciprocal_rank_fusion_k=60
200,Q0,FR88101-0040,495,0.0343972006796822,reciprocal_rank_fusion_k=60
200,Q0,ZF207-700-236,496,0.03435737682150758,reciprocal_rank_fusion_k=60
200,Q0,AP880630-0026,497,0.034315893059567774,reciprocal_rank_fusion_k=60
200,Q0,WSJ920106-0037,498,0.0342806322662127,reciprocal_rank_fusion_k=60
200,Q0,FR881208-0032,499,0.034135291355143774,reciprocal_rank_fusion_k=60
200,Q0,WSJ890726-0083,500,0.03402530864319762,reciprocal_rank_fusion_k=60
200,Q0,WSJ880824-0087,501,0.03400448583289496,reciprocal_rank_fusion_k=60
200,Q0,WSJ880516-0012,502,0.03400180051768333,reciprocal_rank_fusion_k=60
200,Q0,FR89720-0045,503,0.033747277801850724,reciprocal_rank_fusion_k=60
200,Q0,WSJ871109-0039,504,0.03371068019931703,reciprocal_rank_fusion_k=60
200,Q0,WSJ920306-0080,505,0.033649626567542654,reciprocal_rank_fusion_k=60
200,Q0,FR89726-0049,506,0.03360908339665464,reciprocal_rank_fusion_k=60
200,Q0,WSJ910812-0119,507,0.03359065503766803,reciprocal_rank_fusion_k=60
200,Q0,WSJ880712-0090,508,0.03353623666081301,reciprocal_rank_fusion_k=60
200,Q0,FR891025-0029,509,0.033303557215191675,reciprocal_rank_fusion_k=60
200,Q0,FR89106-0036,510,0.03310091444278031,reciprocal_rank_fusion_k=60
200,Q0,WSJ891102-0007,511,0.0330478549253122,reciprocal_rank_fusion_k=60
200,Q0,DOE2-23-0630,512,0.033032788352511874,reciprocal_rank_fusion_k=60
200,Q0,FR881110-0075,513,0.032949420591369724,reciprocal_rank_fusion_k=60
200,Q0,DOE2-31-0650,514,0.03292222665394428,reciprocal_rank_fusion_k=60
200,Q0,FR891106-0061,515,0.032895026349759555,reciprocal_rank_fusion_k=60
200,Q0,FR89131-0071,516,0.03279535004435296,reciprocal_rank_fusion_k=60
200,Q0,FR89602-0049,517,0.03278919150584115,reciprocal_rank_fusion_k=60
200,Q0,FR891113-0047,518,0.03273521915427159,reciprocal_rank_fusion_k=60
200,Q0,FR89330-0045,519,0.03272613746170787,reciprocal_rank_fusion_k=60
200,Q0,WSJ910920-0009,520,0.03272272544008168,reciprocal_rank_fusion_k=60
200,Q0,FR88101-0041,521,0.03271988789655832,reciprocal_rank_fusion_k=60
200,Q0,FR89331-0164,522,0.032663498387601984,reciprocal_rank_fusion_k=60
200,Q0,FR881121-0059,523,0.03242560544371795,reciprocal_rank_fusion_k=60
200,Q0,FR88906-0037,524,0.032412821362090574,reciprocal_rank_fusion_k=60
200,Q0,WSJ901224-0139,525,0.03232915523357439,reciprocal_rank_fusion_k=60
200,Q0,WSJ900727-0147,526,0.03231281354714018,reciprocal_rank_fusion_k=60
200,Q0,WSJ881111-0039,527,0.03218369308712563,reciprocal_rank_fusion_k=60
200,Q0,WSJ861224-0182,528,0.03213308876449326,reciprocal_rank_fusion_k=60
200,Q0,FR881027-0045,529,0.03211483832611613,reciprocal_rank_fusion_k=60
200,Q0,WSJ870504-0151,530,0.032052211708413436,reciprocal_rank_fusion_k=60
200,Q0,WSJ880304-0098,531,0.03201421125775565,reciprocal_rank_fusion_k=60
200,Q0,WSJ890915-0155,532,0.0319117324295816,reciprocal_rank_fusion_k=60
200,Q0,WSJ910424-0095,533,0.031849940375970075,reciprocal_rank_fusion_k=60
200,Q0,AP880912-0232,534,0.031831090609224275,reciprocal_rank_fusion_k=60
200,Q0,FR881207-0046,535,0.03177751385269543,reciprocal_rank_fusion_k=60
200,Q0,WSJ880218-0034,536,0.031772931915619994,reciprocal_rank_fusion_k=60
200,Q0,FR89706-0073,537,0.03172325777138082,reciprocal_rank_fusion_k=60
200,Q0,FR88607-0051,538,0.03160807011794885,reciprocal_rank_fusion_k=60
200,Q0,FR88101-0047,539,0.031520591402472466,reciprocal_rank_fusion_k=60
200,Q0,AP880809-0224,540,0.03147507904874869,reciprocal_rank_fusion_k=60
200,Q0,FR88503-0038,541,0.03131958925824572,reciprocal_rank_fusion_k=60
200,Q0,WSJ911202-0008,542,0.031280663728357354,reciprocal_rank_fusion_k=60
200,Q0,FR881128-0040,543,0.031186775866359397,reciprocal_rank_fusion_k=60
200,Q0,FR88831-0058,544,0.031183928900599258,reciprocal_rank_fusion_k=60
200,Q0,FR88516-0128,545,0.031031884092005708,reciprocal_rank_fusion_k=60
200,Q0,FR88923-0100,546,0.031016097907951977,reciprocal_rank_fusion_k=60
200,Q0,FR881110-0076,547,0.030915507771061067,reciprocal_rank_fusion_k=60
200,Q0,FR89818-0047,548,0.03090873222308624,reciprocal_rank_fusion_k=60
200,Q0,DOE2-47-0881,549,0.03063294702484471,reciprocal_rank_fusion_k=60
200,Q0,ZF207-155-822,550,0.030614176541174716,reciprocal_rank_fusion_k=60
200,Q0,WSJ870325-0158,551,0.030427290482760664,reciprocal_rank_fusion_k=60
200,Q0,FR891031-0035,552,0.030426467889222666,reciprocal_rank_fusion_k=60
200,Q0,FR891122-0055,553,0.030401154450790818,reciprocal_rank_fusion_k=60
200,Q0,FR88518-0055,554,0.030400813062480835,reciprocal_rank_fusion_k=60
200,Q0,FR881202-0053,555,0.03026616508337095,reciprocal_rank_fusion_k=60
200,Q0,FR89503-0089,556,0.030196135090301314,reciprocal_rank_fusion_k=60
200,Q0,FR89124-0057,557,0.029849104501859573,reciprocal_rank_fusion_k=60
200,Q0,DOE1-19-0202,558,0.029775201117848166,reciprocal_rank_fusion_k=60
200,Q0,FR89201-0120,559,0.029752240272428534,reciprocal_rank_fusion_k=60
200,Q0,DOE1-23-0319,560,0.029670609679118602,reciprocal_rank_fusion_k=60
200,Q0,WSJ870703-0156,561,0.02960956480093368,reciprocal_rank_fusion_k=60
200,Q0,WSJ880614-0135,562,0.02930512619472286,reciprocal_rank_fusion_k=60
200,Q0,FR89609-0047,563,0.029208606240808822,reciprocal_rank_fusion_k=60
200,Q0,WSJ870223-0084,564,0.029135037635084963,reciprocal_rank_fusion_k=60
200,Q0,FR88129-0032,565,0.029108425429857202,reciprocal_rank_fusion_k=60
200,Q0,DOE2-61-1209,566,0.02903630789943647,reciprocal_rank_fusion_k=60
200,Q0,WSJ881024-0168,567,0.029029782049385132,reciprocal_rank_fusion_k=60
200,Q0,WSJ880811-0163,568,0.028961850675998043,reciprocal_rank_fusion_k=60
200,Q0,WSJ871110-0158,569,0.028915199741806268,reciprocal_rank_fusion_k=60
200,Q0,AP880315-0241,570,0.028860713135375964,reciprocal_rank_fusion_k=60
200,Q0,WSJ871106-0152,571,0.028815107367524663,reciprocal_rank_fusion_k=60
200,Q0,FR88201-0042,572,0.028791394696450142,reciprocal_rank_fusion_k=60
200,Q0,FR89112-0046,573,0.02867130247285851,reciprocal_rank_fusion_k=60
200,Q0,FR89630-0047,574,0.028616392475396334,reciprocal_rank_fusion_k=60
200,Q0,FR881107-0040,575,0.028458405220789407,reciprocal_rank_fusion_k=60
200,Q0,FR88205-0059,576,0.028410176159346736,reciprocal_rank_fusion_k=60
200,Q0,WSJ871106-0090,577,0.028201616862206375,reciprocal_rank_fusion_k=60
200,Q0,FR88101-0050,578,0.028045822744181728,reciprocal_rank_fusion_k=60
200,Q0,FR89531-0034,579,0.028032687123723237,reciprocal_rank_fusion_k=60
200,Q0,FR89103-0106,580,0.027897772822171183,reciprocal_rank_fusion_k=60
200,Q0,WSJ920218-0020,581,0.02788170391891291,reciprocal_rank_fusion_k=60
200,Q0,FR88825-0044,582,0.02786437858381948,reciprocal_rank_fusion_k=60
200,Q0,AP890825-0238,583,0.027795192345480956,reciprocal_rank_fusion_k=60
200,Q0,AP891127-0136,584,0.027696198481900337,reciprocal_rank_fusion_k=60
200,Q0,AP891128-0187,585,0.02768479638560359,reciprocal_rank_fusion_k=60
200,Q0,FR88915-0057,586,0.027641404894849238,reciprocal_rank_fusion_k=60
200,Q0,FR881122-0023,587,0.027613427073509653,reciprocal_rank_fusion_k=60
200,Q0,WSJ870601-0020,588,0.02751886353643878,reciprocal_rank_fusion_k=60
200,Q0,WSJ890915-0025,589,0.027469757294701972,reciprocal_rank_fusion_k=60
200,Q0,FR89719-0125,590,0.0273451357650232,reciprocal_rank_fusion_k=60
200,Q0,AP880909-0200,591,0.027162795793909095,reciprocal_rank_fusion_k=60
200,Q0,FR88205-0046,592,0.027113072325052938,reciprocal_rank_fusion_k=60
200,Q0,DOE1-15-1103,593,0.02707285611241229,reciprocal_rank_fusion_k=60
200,Q0,WSJ870206-0062,594,0.0270188722043742,reciprocal_rank_fusion_k=60
200,Q0,WSJ900810-0155,595,0.02695760515275719,reciprocal_rank_fusion_k=60
200,Q0,AP880926-0235,596,0.026953042891976954,reciprocal_rank_fusion_k=60
200,Q0,DOE2-39-0900,597,0.026790144812784907,reciprocal_rank_fusion_k=60
200,Q0,AP890106-0028,598,0.026689649758793284,reciprocal_rank_fusion_k=60
200,Q0,ZF207-123-408,599,0.026500360990282468,reciprocal_rank_fusion_k=60
200,Q0,WSJ870102-0146,600,0.026490559513661076,reciprocal_rank_fusion_k=60
200,Q0,WSJ910510-0025,601,0.026473284646799586,reciprocal_rank_fusion_k=60
200,Q0,FR88101-0048,602,0.026460337369468657,reciprocal_rank_fusion_k=60
200,Q0,WSJ880304-0025,603,0.026444855412979282,reciprocal_rank_fusion_k=60
200,Q0,FR89607-0095,604,0.026443760197345356,reciprocal_rank_fusion_k=60
200,Q0,WSJ910125-0164,605,0.026336548643874896,reciprocal_rank_fusion_k=60
200,Q0,AP880226-0015,606,0.02623580029103722,reciprocal_rank_fusion_k=60
200,Q0,WSJ870901-0080,607,0.026227112785984847,reciprocal_rank_fusion_k=60
200,Q0,FR88211-0275,608,0.026205187389640144,reciprocal_rank_fusion_k=60
200,Q0,FR891113-0048,609,0.026170226472520205,reciprocal_rank_fusion_k=60
200,Q0,WSJ880518-0010,610,0.026133868263232947,reciprocal_rank_fusion_k=60
200,Q0,FR881118-0040,611,0.026111093123859515,reciprocal_rank_fusion_k=60
200,Q0,WSJ880610-0139,612,0.025971601748428646,reciprocal_rank_fusion_k=60
200,Q0,WSJ900515-0104,613,0.025907761061914055,reciprocal_rank_fusion_k=60
200,Q0,AP881005-0256,614,0.025870011084841053,reciprocal_rank_fusion_k=60
200,Q0,WSJ880223-0039,615,0.025804093121110094,reciprocal_rank_fusion_k=60
200,Q0,FR88927-0060,616,0.025748923670564212,reciprocal_rank_fusion_k=60
200,Q0,WSJ880516-0088,617,0.02568881363764949,reciprocal_rank_fusion_k=60
200,Q0,WSJ880104-0017,618,0.025656747590457732,reciprocal_rank_fusion_k=60
200,Q0,AP880505-0345,619,0.025516249720556435,reciprocal_rank_fusion_k=60
200,Q0,WSJ880810-0157,620,0.025512212849941696,reciprocal_rank_fusion_k=60
200,Q0,FR88812-0034,621,0.025395181453796954,reciprocal_rank_fusion_k=60
200,Q0,FR88707-0040,622,0.0252908033618939,reciprocal_rank_fusion_k=60
200,Q0,AP880303-0152,623,0.02528189813684024,reciprocal_rank_fusion_k=60
200,Q0,WSJ910513-0131,624,0.02525035069133398,reciprocal_rank_fusion_k=60
200,Q0,WSJ910619-0129,625,0.025160394418324638,reciprocal_rank_fusion_k=60
200,Q0,AP880816-0229,626,0.024873744484331977,reciprocal_rank_fusion_k=60
200,Q0,WSJ880516-0148,627,0.024779782369800572,reciprocal_rank_fusion_k=60
200,Q0,WSJ910624-0107,628,0.024720513930996158,reciprocal_rank_fusion_k=60
200,Q0,FR88506-0045,629,0.024657015641980987,reciprocal_rank_fusion_k=60
200,Q0,WSJ880504-0082,630,0.024260142567581747,reciprocal_rank_fusion_k=60
200,Q0,FR89503-0098,631,0.02424412312719616,reciprocal_rank_fusion_k=60
200,Q0,WSJ870220-0111,632,0.024213020920490432,reciprocal_rank_fusion_k=60
200,Q0,WSJ900912-0056,633,0.02411911072316326,reciprocal_rank_fusion_k=60
200,Q0,AP890228-0011,634,0.02402186312132375,reciprocal_rank_fusion_k=60
200,Q0,FR88719-0056,635,0.024008136528672244,reciprocal_rank_fusion_k=60
200,Q0,AP880302-0277,636,0.023963847144407767,reciprocal_rank_fusion_k=60
200,Q0,DOE1-24-0048,637,0.02386285131829963,reciprocal_rank_fusion_k=60
200,Q0,WSJ880324-0062,638,0.023823292224575323,reciprocal_rank_fusion_k=60
200,Q0,AP891004-0303,639,0.023792601993152265,reciprocal_rank_fusion_k=60
200,Q0,FR88105-0045,640,0.02375483584035771,reciprocal_rank_fusion_k=60
200,Q0,AP881012-0145,641,0.023531527090260542,reciprocal_rank_fusion_k=60
200,Q0,FR89314-0110,642,0.023430770499179118,reciprocal_rank_fusion_k=60
200,Q0,WSJ870825-0140,643,0.023372913802655694,reciprocal_rank_fusion_k=60
200,Q0,FR881026-0043,644,0.023272238439824854,reciprocal_rank_fusion_k=60
200,Q0,FR89127-0065,645,0.023145072691715004,reciprocal_rank_fusion_k=60
200,Q0,FR89726-0051,646,0.023059011173468105,reciprocal_rank_fusion_k=60
200,Q0,FR88602-0045,647,0.022968360207293557,reciprocal_rank_fusion_k=60
200,Q0,WSJ871127-0151,648,0.02294677815495755,reciprocal_rank_fusion_k=60
200,Q0,FR891019-0024,649,0.022905161536543674,reciprocal_rank_fusion_k=60
200,Q0,WSJ870106-0171,650,0.022827787957425297,reciprocal_rank_fusion_k=60
200,Q0,FR89703-0027,651,0.022804966899736642,reciprocal_rank_fusion_k=60
200,Q0,AP890117-0250,652,0.02275484387592639,reciprocal_rank_fusion_k=60
200,Q0,WSJ880916-0096,653,0.022697918355372496,reciprocal_rank_fusion_k=60
200,Q0,DOE2-19-1148,654,0.02264348761713005,reciprocal_rank_fusion_k=60
200,Q0,WSJ871217-0173,655,0.022643114798995948,reciprocal_rank_fusion_k=60
200,Q0,FR881110-0074,656,0.022476333655061766,reciprocal_rank_fusion_k=60
200,Q0,WSJ880920-0064,657,0.02243986172145074,reciprocal_rank_fusion_k=60
200,Q0,WSJ880404-0085,658,0.022411077905047892,reciprocal_rank_fusion_k=60
200,Q0,WSJ871216-0024,659,0.02229699946676399,reciprocal_rank_fusion_k=60
200,Q0,WSJ910412-0174,660,0.022277164890022114,reciprocal_rank_fusion_k=60
200,Q0,AP880326-0067,661,0.022270596863949763,reciprocal_rank_fusion_k=60
200,Q0,FR88120-0027,662,0.02226418073883155,reciprocal_rank_fusion_k=60
200,Q0,FR88514-0001,663,0.02223022070050526,reciprocal_rank_fusion_k=60
200,Q0,WSJ890810-0094,664,0.022192464477104046,reciprocal_rank_fusion_k=60
200,Q0,WSJ861230-0127,665,0.022120067185575038,reciprocal_rank_fusion_k=60
200,Q0,FR88726-0055,666,0.022026845406942323,reciprocal_rank_fusion_k=60
200,Q0,WSJ871118-0076,667,0.022015715663739374,reciprocal_rank_fusion_k=60
200,Q0,WSJ910910-0082,668,0.022012577248730437,reciprocal_rank_fusion_k=60
200,Q0,FR88129-0031,669,0.02193848990250343,reciprocal_rank_fusion_k=60
200,Q0,WSJ870107-0058,670,0.02173547596986477,reciprocal_rank_fusion_k=60
200,Q0,WSJ870501-0027,671,0.021733102002489714,reciprocal_rank_fusion_k=60
200,Q0,FR89928-0050,672,0.02154455347622873,reciprocal_rank_fusion_k=60
200,Q0,WSJ880512-0131,673,0.021507863966653027,reciprocal_rank_fusion_k=60
200,Q0,FR89201-0032,674,0.021497147681150554,reciprocal_rank_fusion_k=60
200,Q0,DOE2-58-1089,675,0.02145664506943644,reciprocal_rank_fusion_k=60
200,Q0,DOE1-15-0714,676,0.021336558128069373,reciprocal_rank_fusion_k=60
200,Q0,AP890215-0016,677,0.021335880801365975,reciprocal_rank_fusion_k=60
200,Q0,WSJ871009-0069,678,0.02126981374048621,reciprocal_rank_fusion_k=60
200,Q0,FR88708-0060,679,0.021269526467831885,reciprocal_rank_fusion_k=60
200,Q0,ZF207-236-134,680,0.021257130809784502,reciprocal_rank_fusion_k=60
200,Q0,WSJ910927-0115,681,0.02125237462894453,reciprocal_rank_fusion_k=60
200,Q0,WSJ870226-0151,682,0.021211393664833458,reciprocal_rank_fusion_k=60
200,Q0,FR881125-0043,683,0.021208089639624176,reciprocal_rank_fusion_k=60
200,Q0,AP881130-0280,684,0.021167295017699237,reciprocal_rank_fusion_k=60
200,Q0,DOE2-64-1233,685,0.021032010479638024,reciprocal_rank_fusion_k=60
200,Q0,FR88824-0049,686,0.020932032296677703,reciprocal_rank_fusion_k=60
200,Q0,WSJ890822-0091,687,0.020820613810521506,reciprocal_rank_fusion_k=60
200,Q0,AP881005-0265,688,0.02081033406894153,reciprocal_rank_fusion_k=60
200,Q0,FR881202-0052,689,0.020688136880430415,reciprocal_rank_fusion_k=60
200,Q0,WSJ880406-0100,690,0.020543804525307977,reciprocal_rank_fusion_k=60
200,Q0,FR89821-0045,691,0.020457018566143396,reciprocal_rank_fusion_k=60
200,Q0,ZF207-317-421,692,0.02041957373179079,reciprocal_rank_fusion_k=60
200,Q0,WSJ880324-0127,693,0.02036232268903697,reciprocal_rank_fusion_k=60
200,Q0,WSJ870427-0033,694,0.020271545785675048,reciprocal_rank_fusion_k=60
200,Q0,AP880906-0218,695,0.020093041769406832,reciprocal_rank_fusion_k=60
200,Q0,WSJ880104-0022,696,0.020061334123449223,reciprocal_rank_fusion_k=60
200,Q0,FR89503-0099,697,0.02000430077468142,reciprocal_rank_fusion_k=60
200,Q0,WSJ901221-0175,698,0.01993234607176234,reciprocal_rank_fusion_k=60
200,Q0,FR89329-0033,699,0.019918769601571157,reciprocal_rank_fusion_k=60
200,Q0,WSJ900806-0023,700,0.01991344476057842,reciprocal_rank_fusion_k=60
200,Q0,WSJ870408-0150,701,0.01990044840964684,reciprocal_rank_fusion_k=60
200,Q0,DOE1-39-0957,702,0.01988670680578413,reciprocal_rank_fusion_k=60
200,Q0,WSJ891031-0138,703,0.019745115912140596,reciprocal_rank_fusion_k=60
200,Q0,FR89530-0079,704,0.01968925197832845,reciprocal_rank_fusion_k=60
200,Q0,WSJ910228-0162,705,0.01968723993446341,reciprocal_rank_fusion_k=60
200,Q0,WSJ880115-0057,706,0.019641553860477376,reciprocal_rank_fusion_k=60
200,Q0,WSJ890920-0165,707,0.019603809306422304,reciprocal_rank_fusion_k=60
200,Q0,WSJ910620-0164,708,0.01958847981968006,reciprocal_rank_fusion_k=60
200,Q0,ZF207-948-844,709,0.01949093351177601,reciprocal_rank_fusion_k=60
200,Q0,WSJ900914-0103,710,0.01947319425335095,reciprocal_rank_fusion_k=60
200,Q0,FR88726-0056,711,0.01946812798544458,reciprocal_rank_fusion_k=60
200,Q0,ZF108-579-642,712,0.01937900259055571,reciprocal_rank_fusion_k=60
200,Q0,WSJ861218-0071,713,0.01933282182740289,reciprocal_rank_fusion_k=60
200,Q0,WSJ910125-0120,714,0.019331091096790966,reciprocal_rank_fusion_k=60
200,Q0,WSJ911217-0109,715,0.019306258679717293,reciprocal_rank_fusion_k=60
200,Q0,ZF207-648-330,716,0.01923873638737856,reciprocal_rank_fusion_k=60
200,Q0,DOE1-80-0469,717,0.01923847429171118,reciprocal_rank_fusion_k=60
200,Q0,FR89418-0042,718,0.019094039267066286,reciprocal_rank_fusion_k=60
200,Q0,WSJ920214-0152,719,0.019021976688831488,reciprocal_rank_fusion_k=60
200,Q0,WSJ910315-0197,720,0.019015457404630252,reciprocal_rank_fusion_k=60
200,Q0,AP890817-0116,721,0.019007470780537508,reciprocal_rank_fusion_k=60
200,Q0,WSJ910503-0181,722,0.019001315260522865,reciprocal_rank_fusion_k=60
200,Q0,WSJ870511-0109,723,0.018986002180137983,reciprocal_rank_fusion_k=60
200,Q0,WSJ870420-0073,724,0.01896583807947823,reciprocal_rank_fusion_k=60
200,Q0,FR89418-0048,725,0.01888780334354263,reciprocal_rank_fusion_k=60
200,Q0,FR89201-0119,726,0.018842540561472578,reciprocal_rank_fusion_k=60
200,Q0,FR89525-0050,727,0.018842357647154622,reciprocal_rank_fusion_k=60
200,Q0,WSJ871117-0030,728,0.018811010991031343,reciprocal_rank_fusion_k=60
200,Q0,FR89418-0041,729,0.018801658929733303,reciprocal_rank_fusion_k=60
200,Q0,WSJ870702-0155,730,0.01879369793095303,reciprocal_rank_fusion_k=60
200,Q0,WSJ890922-0125,731,0.018741839049318122,reciprocal_rank_fusion_k=60
200,Q0,FR88615-0068,732,0.018727024136834927,reciprocal_rank_fusion_k=60
200,Q0,WSJ871123-0169,733,0.018720560730809212,reciprocal_rank_fusion_k=60
200,Q0,WSJ880315-0003,734,0.018712990578587007,reciprocal_rank_fusion_k=60
200,Q0,WSJ870724-0080,735,0.018699648417778506,reciprocal_rank_fusion_k=60
200,Q0,WSJ910919-0148,736,0.01868391369586225,reciprocal_rank_fusion_k=60
200,Q0,ZF109-536-573,737,0.018683880395473817,reciprocal_rank_fusion_k=60
200,Q0,FR89720-0043,738,0.01865329405398742,reciprocal_rank_fusion_k=60
200,Q0,AP880317-0286,739,0.018609691937812353,reciprocal_rank_fusion_k=60
200,Q0,DOE1-42-0127,740,0.018554185493290104,reciprocal_rank_fusion_k=60
200,Q0,FR88211-0286,741,0.018470402562115473,reciprocal_rank_fusion_k=60
200,Q0,WSJ880427-0003,742,0.01845003967277053,reciprocal_rank_fusion_k=60
200,Q0,AP880607-0250,743,0.018446179448580045,reciprocal_rank_fusion_k=60
200,Q0,WSJ870206-0041,744,0.01843588257255778,reciprocal_rank_fusion_k=60
200,Q0,DOE2-23-0628,745,0.018395846707816067,reciprocal_rank_fusion_k=60
200,Q0,FR881109-0030,746,0.018393404791395753,reciprocal_rank_fusion_k=60
200,Q0,FR88926-0056,747,0.018356211528779573,reciprocal_rank_fusion_k=60
200,Q0,AP881015-0078,748,0.018354967668463666,reciprocal_rank_fusion_k=60
200,Q0,AP880425-0297,749,0.018350381049710887,reciprocal_rank_fusion_k=60
200,Q0,WSJ880725-0134,750,0.01834008668461993,reciprocal_rank_fusion_k=60
200,Q0,AP880506-0041,751,0.018291580971069237,reciprocal_rank_fusion_k=60
200,Q0,WSJ891006-0070,752,0.01825830456308829,reciprocal_rank_fusion_k=60
200,Q0,AP890406-0228,753,0.018226180017445782,reciprocal_rank_fusion_k=60
200,Q0,WSJ861212-0040,754,0.018225390221408965,reciprocal_rank_fusion_k=60
200,Q0,FR88923-0061,755,0.01819214348580535,reciprocal_rank_fusion_k=60
200,Q0,WSJ870312-0046,756,0.018106658754278807,reciprocal_rank_fusion_k=60
200,Q0,FR88718-0109,757,0.017960746802844277,reciprocal_rank_fusion_k=60
200,Q0,WSJ910806-0120,758,0.01789510466048951,reciprocal_rank_fusion_k=60
200,Q0,WSJ890920-0160,759,0.017836429332437433,reciprocal_rank_fusion_k=60
200,Q0,FR88115-0044,760,0.017761378933603904,reciprocal_rank_fusion_k=60
200,Q0,WSJ880803-0009,761,0.017759706905948455,reciprocal_rank_fusion_k=60
200,Q0,AP880328-0009,762,0.01775834037144273,reciprocal_rank_fusion_k=60
200,Q0,WSJ891026-0134,763,0.017736762217115388,reciprocal_rank_fusion_k=60
200,Q0,AP890612-0281,764,0.017693846862179674,reciprocal_rank_fusion_k=60
200,Q0,DOE1-45-0627,765,0.017587621329863173,reciprocal_rank_fusion_k=60
200,Q0,WSJ880422-0187,766,0.017495328253383288,reciprocal_rank_fusion_k=60
200,Q0,WSJ920103-0094,767,0.017396442874683764,reciprocal_rank_fusion_k=60
200,Q0,ZF207-853-784,768,0.017369897850596082,reciprocal_rank_fusion_k=60
200,Q0,WSJ871030-0003,769,0.01734779338565914,reciprocal_rank_fusion_k=60
200,Q0,AP880513-0289,770,0.017256731951045105,reciprocal_rank_fusion_k=60
200,Q0,AP890127-0303,771,0.017226803735403588,reciprocal_rank_fusion_k=60
200,Q0,FR881024-0194,772,0.01722480359609763,reciprocal_rank_fusion_k=60
200,Q0,FR89531-0118,773,0.01707293255797772,reciprocal_rank_fusion_k=60
200,Q0,DOE1-34-0129,774,0.017006179894621543,reciprocal_rank_fusion_k=60
200,Q0,AP881012-0245,775,0.01700184635749432,reciprocal_rank_fusion_k=60
200,Q0,WSJ920110-0103,776,0.016977312914018602,reciprocal_rank_fusion_k=60
200,Q0,AP890715-0057,777,0.016878602287738645,reciprocal_rank_fusion_k=60
200,Q0,AP881207-0259,778,0.016838102082687142,reciprocal_rank_fusion_k=60
200,Q0,WSJ920323-0079,779,0.01682013359469897,reciprocal_rank_fusion_k=60
200,Q0,WSJ910822-0117,780,0.016818694365289242,reciprocal_rank_fusion_k=60
200,Q0,WSJ870903-0143,781,0.016797452923275037,reciprocal_rank_fusion_k=60
200,Q0,WSJ881028-0023,782,0.016766481360381308,reciprocal_rank_fusion_k=60
200,Q0,AP881110-0254,783,0.016721134365568574,reciprocal_rank_fusion_k=60
200,Q0,FR88208-0033,784,0.016682544570696903,reciprocal_rank_fusion_k=60
200,Q0,WSJ870526-0139,785,0.01665118302064611,reciprocal_rank_fusion_k=60
200,Q0,WSJ880304-0185,786,0.016626399513671713,reciprocal_rank_fusion_k=60
200,Q0,ZF109-732-481,787,0.016590591877537097,reciprocal_rank_fusion_k=60
200,Q0,WSJ900831-0024,788,0.016531328048266875,reciprocal_rank_fusion_k=60
200,Q0,WSJ910521-0112,789,0.016507706394107837,reciprocal_rank_fusion_k=60
200,Q0,WSJ910114-0107,790,0.01642696999850593,reciprocal_rank_fusion_k=60
200,Q0,WSJ880602-0107,791,0.016409971705986272,reciprocal_rank_fusion_k=60
200,Q0,FR881110-0018,792,0.016387610770128434,reciprocal_rank_fusion_k=60
200,Q0,WSJ871228-0030,793,0.016267531473163944,reciprocal_rank_fusion_k=60
200,Q0,WSJ910906-0182,794,0.016216739873254508,reciprocal_rank_fusion_k=60
200,Q0,AP880801-0024,795,0.01619436525605706,reciprocal_rank_fusion_k=60
200,Q0,WSJ871112-0128,796,0.01615612020113454,reciprocal_rank_fusion_k=60
200,Q0,WSJ900806-0113,797,0.016131318181739636,reciprocal_rank_fusion_k=60
200,Q0,WSJ910118-0110,798,0.016056190078891072,reciprocal_rank_fusion_k=60
200,Q0,WSJ871005-0157,799,0.016050297984714017,reciprocal_rank_fusion_k=60
200,Q0,FR891127-0092,800,0.015963209202701924,reciprocal_rank_fusion_k=60
200,Q0,WSJ880421-0124,801,0.015911517697188897,reciprocal_rank_fusion_k=60
200,Q0,DOE1-57-0577,802,0.015902726056781957,reciprocal_rank_fusion_k=60
200,Q0,ZF207-333-228,803,0.01587101286668982,reciprocal_rank_fusion_k=60
200,Q0,FR89517-0040,804,0.015833932760304627,reciprocal_rank_fusion_k=60
200,Q0,WSJ870323-0047,805,0.015752262952287526,reciprocal_rank_fusion_k=60
200,Q0,AP880625-0032,806,0.015722445631503632,reciprocal_rank_fusion_k=60
200,Q0,DOE2-61-0703,807,0.015696971334022824,reciprocal_rank_fusion_k=60
200,Q0,FR881202-0051,808,0.015683492297367565,reciprocal_rank_fusion_k=60
200,Q0,WSJ881107-0094,809,0.01565095201184029,reciprocal_rank_fusion_k=60
200,Q0,FR89418-0046,810,0.015533214578691099,reciprocal_rank_fusion_k=60
200,Q0,FR89418-0047,811,0.015504066144381969,reciprocal_rank_fusion_k=60
200,Q0,WSJ870609-0088,812,0.015487806869421639,reciprocal_rank_fusion_k=60
200,Q0,WSJ920316-0108,813,0.01540484030064841,reciprocal_rank_fusion_k=60
200,Q0,AP880725-0252,814,0.015397667926778122,reciprocal_rank_fusion_k=60
200,Q0,DOE1-63-0710,815,0.015390589976390109,reciprocal_rank_fusion_k=60
200,Q0,ZF207-246-125,816,0.015389725568468009,reciprocal_rank_fusion_k=60
200,Q0,DOE1-86-0113,817,0.01538148433050086,reciprocal_rank_fusion_k=60
200,Q0,WSJ900831-0161,818,0.015372338284316816,reciprocal_rank_fusion_k=60
200,Q0,WSJ890831-0126,819,0.015329288146651921,reciprocal_rank_fusion_k=60
200,Q0,AP890203-0244,820,0.015280276508362058,reciprocal_rank_fusion_k=60
200,Q0,AP880411-0283,821,0.015265325005693279,reciprocal_rank_fusion_k=60
200,Q0,WSJ901220-0170,822,0.01523440970339405,reciprocal_rank_fusion_k=60
200,Q0,ZF108-287-866,823,0.01520445516691345,reciprocal_rank_fusion_k=60
200,Q0,WSJ881011-0073,824,0.01519502283989071,reciprocal_rank_fusion_k=60
200,Q0,DOE1-28-0796,825,0.015177679392084135,reciprocal_rank_fusion_k=60
200,Q0,AP890612-0007,826,0.015111746911863691,reciprocal_rank_fusion_k=60
200,Q0,AP880909-0254,827,0.015029844329752103,reciprocal_rank_fusion_k=60
200,Q0,AP890222-0270,828,0.015024049868189712,reciprocal_rank_fusion_k=60
200,Q0,ZF207-758-566,829,0.014995291477686518,reciprocal_rank_fusion_k=60
200,Q0,WSJ880406-0146,830,0.014994936251134206,reciprocal_rank_fusion_k=60
200,Q0,DOE2-18-1181,831,0.01496985752121236,reciprocal_rank_fusion_k=60
200,Q0,WSJ910731-0105,832,0.014961599385103073,reciprocal_rank_fusion_k=60
200,Q0,WSJ900517-0080,833,0.014947949549301348,reciprocal_rank_fusion_k=60
200,Q0,WSJ870811-0087,834,0.014933126894228968,reciprocal_rank_fusion_k=60
200,Q0,WSJ870804-0136,835,0.014898080597716372,reciprocal_rank_fusion_k=60
200,Q0,ZF107-925-312,836,0.014816948859621187,reciprocal_rank_fusion_k=60
200,Q0,AP881102-0276,837,0.01476018169937085,reciprocal_rank_fusion_k=60
200,Q0,DOE2-09-0905,838,0.014756773810777812,reciprocal_rank_fusion_k=60
200,Q0,WSJ910208-0011,839,0.014601912227071108,reciprocal_rank_fusion_k=60
200,Q0,WSJ870528-0112,840,0.014534270461890696,reciprocal_rank_fusion_k=60
200,Q0,DOE1-79-0463,841,0.014533240183078496,reciprocal_rank_fusion_k=60
200,Q0,FR881109-0032,842,0.014504683043360202,reciprocal_rank_fusion_k=60
200,Q0,FR881109-0028,843,0.014497472059272647,reciprocal_rank_fusion_k=60
200,Q0,WSJ910709-0020,844,0.014446444221780048,reciprocal_rank_fusion_k=60
200,Q0,WSJ880418-0087,845,0.014430651831563111,reciprocal_rank_fusion_k=60
200,Q0,AP881129-0012,846,0.01443006302597918,reciprocal_rank_fusion_k=60
200,Q0,FR881109-0029,847,0.014393799772002034,reciprocal_rank_fusion_k=60
200,Q0,WSJ900611-0120,848,0.014390438788895172,reciprocal_rank_fusion_k=60
200,Q0,AP880510-0009,849,0.014382771713384954,reciprocal_rank_fusion_k=60
200,Q0,ZF108-819-946,850,0.014335718615899024,reciprocal_rank_fusion_k=60
200,Q0,WSJ910417-0176,851,0.014330983207411833,reciprocal_rank_fusion_k=60
200,Q0,AP880718-0115,852,0.01432456084792687,reciprocal_rank_fusion_k=60
200,Q0,WSJ871005-0127,853,0.014312345292787007,reciprocal_rank_fusion_k=60
200,Q0,WSJ910626-0076,854,0.014252057487069552,reciprocal_rank_fusion_k=60
200,Q0,AP881028-0261,855,0.014220286602889487,reciprocal_rank_fusion_k=60
200,Q0,WSJ920117-0074,856,0.014198658919012567,reciprocal_rank_fusion_k=60
200,Q0,AP881031-0317,857,0.014189335952433076,reciprocal_rank_fusion_k=60
200,Q0,WSJ880217-0135,858,0.014166937597499832,reciprocal_rank_fusion_k=60
200,Q0,FR89201-0031,859,0.014164512194045745,reciprocal_rank_fusion_k=60
200,Q0,ZF207-187-212,860,0.014156401041005871,reciprocal_rank_fusion_k=60
200,Q0,AP880301-0099,861,0.014128433903638037,reciprocal_rank_fusion_k=60
200,Q0,FR881109-0031,862,0.01411177561580363,reciprocal_rank_fusion_k=60
200,Q0,DOE1-88-0872,863,0.014082316780715275,reciprocal_rank_fusion_k=60
200,Q0,ZF207-555-222,864,0.014028843329762212,reciprocal_rank_fusion_k=60
200,Q0,WSJ870703-0146,865,0.014011847293870484,reciprocal_rank_fusion_k=60
200,Q0,WSJ900709-0021,866,0.013984892711900064,reciprocal_rank_fusion_k=60
200,Q0,WSJ870902-0106,867,0.01394701890964984,reciprocal_rank_fusion_k=60
200,Q0,WSJ900906-0081,868,0.013942750552689757,reciprocal_rank_fusion_k=60
200,Q0,WSJ870106-0115,869,0.013904058413208116,reciprocal_rank_fusion_k=60
200,Q0,FR89418-0037,870,0.013900888829163037,reciprocal_rank_fusion_k=60
200,Q0,WSJ861218-0024,871,0.013897844750155607,reciprocal_rank_fusion_k=60
200,Q0,WSJ910403-0025,872,0.013857802002506027,reciprocal_rank_fusion_k=60
200,Q0,WSJ880808-0057,873,0.01385276950423092,reciprocal_rank_fusion_k=60
200,Q0,WSJ880209-0060,874,0.013830216491705346,reciprocal_rank_fusion_k=60
200,Q0,ZF108-335-052,875,0.013828404305334167,reciprocal_rank_fusion_k=60
200,Q0,FR88504-0029,876,0.013810960427640288,reciprocal_rank_fusion_k=60
200,Q0,AP881027-0247,877,0.013806085785667098,reciprocal_rank_fusion_k=60
200,Q0,WSJ880902-0105,878,0.013752548846471188,reciprocal_rank_fusion_k=60
200,Q0,WSJ891018-0118,879,0.013707913532003823,reciprocal_rank_fusion_k=60
200,Q0,AP880901-0216,880,0.013688086334601881,reciprocal_rank_fusion_k=60
200,Q0,FR881109-0035,881,0.013684482657791718,reciprocal_rank_fusion_k=60
200,Q0,WSJ870512-0012,882,0.013656389369393148,reciprocal_rank_fusion_k=60
200,Q0,FR89418-0033,883,0.01362796602683277,reciprocal_rank_fusion_k=60
200,Q0,FR89712-0022,884,0.013616630309689317,reciprocal_rank_fusion_k=60
200,Q0,WSJ890922-0106,885,0.013547768231108617,reciprocal_rank_fusion_k=60
200,Q0,FR881109-0036,886,0.01350052342733371,reciprocal_rank_fusion_k=60
200,Q0,FR89201-0033,887,0.013492868734794886,reciprocal_rank_fusion_k=60
200,Q0,AP891017-0273,888,0.013470642097617579,reciprocal_rank_fusion_k=60
200,Q0,AP890114-0123,889,0.01341015080432749,reciprocal_rank_fusion_k=60
200,Q0,WSJ910417-0117,890,0.013403494008725312,reciprocal_rank_fusion_k=60
200,Q0,DOE1-08-0494,891,0.013379295160354096,reciprocal_rank_fusion_k=60
200,Q0,DOE1-39-0956,892,0.013344693332479595,reciprocal_rank_fusion_k=60
200,Q0,FR89418-0040,893,0.013341883449893316,reciprocal_rank_fusion_k=60
200,Q0,WSJ880405-0107,894,0.01328922609294913,reciprocal_rank_fusion_k=60
200,Q0,WSJ891010-0094,895,0.01327969478667366,reciprocal_rank_fusion_k=60
200,Q0,WSJ871109-0004,896,0.013242817651623856,reciprocal_rank_fusion_k=60
200,Q0,DOE1-45-0462,897,0.013213789390573391,reciprocal_rank_fusion_k=60
200,Q0,ZF108-611-696,898,0.013188089402292068,reciprocal_rank_fusion_k=60
200,Q0,WSJ881005-0104,899,0.013153643700182809,reciprocal_rank_fusion_k=60
200,Q0,WSJ880323-0116,900,0.013121354040539409,reciprocal_rank_fusion_k=60
200,Q0,WSJ870608-0016,901,0.013084950397841704,reciprocal_rank_fusion_k=60
200,Q0,WSJ910411-0062,902,0.013068952173458045,reciprocal_rank_fusion_k=60
200,Q0,WSJ890815-0159,903,0.013068078033687232,reciprocal_rank_fusion_k=60
200,Q0,AP891216-0082,904,0.013004816163946543,reciprocal_rank_fusion_k=60
200,Q0,WSJ910809-0086,905,0.01296498714827684,reciprocal_rank_fusion_k=60
200,Q0,DOE2-09-0853,906,0.012957377827804126,reciprocal_rank_fusion_k=60
200,Q0,WSJ880412-0141,907,0.012956278517424263,reciprocal_rank_fusion_k=60
200,Q0,WSJ870211-0027,908,0.012899171661410025,reciprocal_rank_fusion_k=60
200,Q0,FR88712-0091,909,0.01285703730305173,reciprocal_rank_fusion_k=60
200,Q0,DOE1-37-0493,910,0.012846996994652582,reciprocal_rank_fusion_k=60
200,Q0,WSJ880426-0063,911,0.012838079681883063,reciprocal_rank_fusion_k=60
200,Q0,AP880906-0116,912,0.012821185299733045,reciprocal_rank_fusion_k=60
200,Q0,AP891129-0238,913,0.01282099217592416,reciprocal_rank_fusion_k=60
200,Q0,AP890223-0253,914,0.012816882141024496,reciprocal_rank_fusion_k=60
200,Q0,DOE1-32-0618,915,0.01280943284923069,reciprocal_rank_fusion_k=60
200,Q0,WSJ870911-0073,916,0.012772608020837765,reciprocal_rank_fusion_k=60
200,Q0,WSJ920309-0120,917,0.012767908644404424,reciprocal_rank_fusion_k=60
200,Q0,DOE2-44-0036,918,0.012749465163110681,reciprocal_rank_fusion_k=60
200,Q0,FR89201-0124,919,0.012740105494197785,reciprocal_rank_fusion_k=60
200,Q0,WSJ880210-0118,920,0.012660553315947272,reciprocal_rank_fusion_k=60
200,Q0,ZF108-489-368,921,0.012572024527505048,reciprocal_rank_fusion_k=60
200,Q0,FR88120-0097,922,0.012563656058666151,reciprocal_rank_fusion_k=60
200,Q0,DOE2-64-0144,923,0.012543508167204117,reciprocal_rank_fusion_k=60
200,Q0,AP881003-0118,924,0.012536219345154698,reciprocal_rank_fusion_k=60
200,Q0,WSJ870427-0012,925,0.012521629070612503,reciprocal_rank_fusion_k=60
200,Q0,WSJ870203-0050,926,0.012488841967198133,reciprocal_rank_fusion_k=60
200,Q0,AP890605-0071,927,0.012487844322994662,reciprocal_rank_fusion_k=60
200,Q0,WSJ910611-0140,928,0.01246002518839249,reciprocal_rank_fusion_k=60
200,Q0,WSJ871223-0157,929,0.012432051656843955,reciprocal_rank_fusion_k=60
200,Q0,WSJ910409-0088,930,0.012409257311792462,reciprocal_rank_fusion_k=60
200,Q0,WSJ881101-0007,931,0.012372905411998762,reciprocal_rank_fusion_k=60
200,Q0,WSJ870723-0146,932,0.012371382255449414,reciprocal_rank_fusion_k=60
200,Q0,FR89418-0039,933,0.012361049027951147,reciprocal_rank_fusion_k=60
200,Q0,AP880311-0044,934,0.012341657019762989,reciprocal_rank_fusion_k=60
200,Q0,WSJ900411-0005,935,0.012339861323770851,reciprocal_rank_fusion_k=60
200,Q0,WSJ870731-0031,936,0.012332865601166266,reciprocal_rank_fusion_k=60
200,Q0,WSJ920109-0053,937,0.012332683008550107,reciprocal_rank_fusion_k=60
200,Q0,ZF207-948-754,938,0.012331824792237815,reciprocal_rank_fusion_k=60
200,Q0,DOE1-33-0392,939,0.012330106209879312,reciprocal_rank_fusion_k=60
200,Q0,FR88602-0137,940,0.01229565477523469,reciprocal_rank_fusion_k=60
200,Q0,ZF108-507-598,941,0.012279629461473604,reciprocal_rank_fusion_k=60
200,Q0,FR881109-0033,942,0.012273916115226047,reciprocal_rank_fusion_k=60
200,Q0,WSJ920113-0060,943,0.012253660885423992,reciprocal_rank_fusion_k=60
200,Q0,FR88701-0063,944,0.012245924070002731,reciprocal_rank_fusion_k=60
200,Q0,AP880830-0232,945,0.012232994766319595,reciprocal_rank_fusion_k=60
200,Q0,DOE1-85-0812,946,0.012173734569668528,reciprocal_rank_fusion_k=60
200,Q0,FR88816-0040,947,0.012162359152871914,reciprocal_rank_fusion_k=60
200,Q0,FR881109-0034,948,0.012147373531284334,reciprocal_rank_fusion_k=60
200,Q0,WSJ880523-0058,949,0.012144325778298047,reciprocal_rank_fusion_k=60
200,Q0,AP880504-0291,950,0.012144092391294119,reciprocal_rank_fusion_k=60
200,Q0,WSJ920203-0052,951,0.012143542169113139,reciprocal_rank_fusion_k=60
200,Q0,FR88923-0159,952,0.012099930556935803,reciprocal_rank_fusion_k=60
200,Q0,FR89627-0049,953,0.012094399820799422,reciprocal_rank_fusion_k=60
200,Q0,WSJ880412-0063,954,0.012081887789161042,reciprocal_rank_fusion_k=60
200,Q0,WSJ880212-0135,955,0.012025097550171013,reciprocal_rank_fusion_k=60
200,Q0,FR88825-0147,956,0.01202153148989051,reciprocal_rank_fusion_k=60
200,Q0,WSJ920121-0148,957,0.01201868429606867,reciprocal_rank_fusion_k=60
200,Q0,FR88114-0035,958,0.012008846044556416,reciprocal_rank_fusion_k=60
200,Q0,WSJ870918-0055,959,0.011959007957601337,reciprocal_rank_fusion_k=60
200,Q0,DOE2-63-0996,960,0.011951850564045761,reciprocal_rank_fusion_k=60
200,Q0,DOE1-14-0514,961,0.011938354386872112,reciprocal_rank_fusion_k=60
200,Q0,DOE2-23-1090,962,0.011918514406848442,reciprocal_rank_fusion_k=60
200,Q0,FR89418-0044,963,0.011865204894470547,reciprocal_rank_fusion_k=60
200,Q0,WSJ910703-0004,964,0.011855605701407115,reciprocal_rank_fusion_k=60
200,Q0,FR89418-0038,965,0.011756827208004531,reciprocal_rank_fusion_k=60
200,Q0,WSJ880104-0037,966,0.011750278383119041,reciprocal_rank_fusion_k=60
200,Q0,ZF207-305-046,967,0.011664453537720823,reciprocal_rank_fusion_k=60
200,Q0,AP880311-0137,968,0.01165547929016542,reciprocal_rank_fusion_k=60
200,Q0,DOE2-55-0075,969,0.01162986447948443,reciprocal_rank_fusion_k=60
200,Q0,AP891102-0298,970,0.011626914752387078,reciprocal_rank_fusion_k=60
200,Q0,WSJ910301-0155,971,0.011591944226917634,reciprocal_rank_fusion_k=60
200,Q0,AP881121-0229,972,0.011565877493399055,reciprocal_rank_fusion_k=60
200,Q0,WSJ910708-0077,973,0.011546846767239553,reciprocal_rank_fusion_k=60
200,Q0,ZF207-365-116,974,0.011538022352895652,reciprocal_rank_fusion_k=60
200,Q0,FR88614-0154,975,0.011506616818791608,reciprocal_rank_fusion_k=60
200,Q0,WSJ891003-0179,976,0.01150040550249547,reciprocal_rank_fusion_k=60
200,Q0,WSJ910308-0078,977,0.011471921471990497,reciprocal_rank_fusion_k=60
200,Q0,AP880621-0016,978,0.011457637190625432,reciprocal_rank_fusion_k=60
200,Q0,DOE1-79-0876,979,0.011428179714758173,reciprocal_rank_fusion_k=60
200,Q0,FR891106-0062,980,0.01141681443176023,reciprocal_rank_fusion_k=60
200,Q0,WSJ910103-0080,981,0.011415802929364708,reciprocal_rank_fusion_k=60
200,Q0,WSJ900809-0072,982,0.011380232313357734,reciprocal_rank_fusion_k=60
200,Q0,AP880423-0186,983,0.011362647387845929,reciprocal_rank_fusion_k=60
200,Q0,WSJ870928-0132,984,0.011325962065138993,reciprocal_rank_fusion_k=60
200,Q0,WSJ880912-0092,985,0.011313396347205787,reciprocal_rank_fusion_k=60
200,Q0,ZF108-609-192,986,0.011253373242403058,reciprocal_rank_fusion_k=60
200,Q0,DOE2-47-0882,987,0.01125316717341904,reciprocal_rank_fusion_k=60
200,Q0,WSJ870701-0187,988,0.01125122258030761,reciprocal_rank_fusion_k=60
200,Q0,WSJ890816-0134,989,0.011225543042680025,reciprocal_rank_fusion_k=60
200,Q0,WSJ890814-0010,990,0.011210212999115475,reciprocal_rank_fusion_k=60
200,Q0,WSJ870825-0093,991,0.011193655085625578,reciprocal_rank_fusion_k=60
200,Q0,WSJ880805-0110,992,0.011186887633864693,reciprocal_rank_fusion_k=60
200,Q0,AP881116-0001,993,0.011167207151842745,reciprocal_rank_fusion_k=60
200,Q0,WSJ910726-0185,994,0.011151894797899653,reciprocal_rank_fusion_k=60
200,Q0,FR89403-0067,995,0.011148539850608263,reciprocal_rank_fusion_k=60
200,Q0,FR891003-0062,996,0.011142290660685051,reciprocal_rank_fusion_k=60
200,Q0,WSJ910304-0111,997,0.01110877961517906,reciprocal_rank_fusion_k=60
200,Q0,FR88107-0081,998,0.011099362897941886,reciprocal_rank_fusion_k=60
200,Q0,WSJ880125-0058,999,0.0110490464790277,reciprocal_rank_fusion_k=60
200,Q0,WSJ910628-0180,1000,0.011016356988138118,reciprocal_rank_fusion_k=60
